country,state,city,station,last_update,latitude,longitude,pollutant_id,pollutant_min,pollutant_max,pollutant_avg
India,Andhra_Pradesh,Anantapur,"Gulzarpet, Anantapur - APPCB",09-06-2024 03:00:00,14.675886,77.593027,NO2,12,13,13
India,Andhra_Pradesh,Kadapa,"Yerramukkapalli, Kadapa - APPCB",09-06-2024 03:00:00,14.465052,78.824187,NH3,3,3,3
India,Andhra_Pradesh,Kadapa,"Yerramukkapalli, Kadapa - APPCB",09-06-2024 03:00:00,14.465052,78.824187,SO2,2,3,2
India,Andhra_Pradesh,Rajamahendravaram,"Anand Kala Kshetram, Rajamahendravaram - APPCB",09-06-2024 03:00:00,16.9872867,81.7363176,PM2.5,8,38,22
India,Andhra_Pradesh,Rajamahendravaram,"Anand Kala Kshetram, Rajamahendravaram - APPCB",09-06-2024 03:00:00,16.9872867,81.7363176,NH3,1,5,3
India,Andhra_Pradesh,Rajamahendravaram,"Anand Kala Kshetram, Rajamahendravaram - APPCB",09-06-2024 03:00:00,16.9872867,81.7363176,OZONE,32,50,40
India,Andhra_Pradesh,Tirupati,"Tirumala, Tirupati - APPCB",09-06-2024 03:00:00,13.67,79.35,CO,29,48,39
India,Andhra_Pradesh,Tirupati,"Vaikuntapuram, Tirupati - APPCB",09-06-2024 03:00:00,13.615387,79.409230,CO,NA,NA,NA
India,Andhra_Pradesh,Tirupati,"Vaikuntapuram, Tirupati - APPCB",09-06-2024 03:00:00,13.615387,79.409230,OZONE,NA,NA,NA
India,Andhra_Pradesh,Vijayawada,"HB Colony, Vijayawada - APPCB",09-06-2024 03:00:00,16.536107,80.594233,PM2.5,36,58,46
India,Andhra_Pradesh,Vijayawada,"HB Colony, Vijayawada - APPCB",09-06-2024 03:00:00,16.536107,80.594233,OZONE,10,31,23
India,Andhra_Pradesh,Vijayawada,"Kanuru, Vijayawada - APPCB",09-06-2024 03:00:00,16.486692,80.699436,SO2,6,8,7
India,Andhra_Pradesh,Vijayawada,"Kanuru, Vijayawada - APPCB",09-06-2024 03:00:00,16.486692,80.699436,OZONE,40,40,40
India,Andhra_Pradesh,Vijayawada,"Rajiv Gandhi Park, Vijayawada - APPCB",09-06-2024 03:00:00,16.509717,80.612222,NH3,3,5,5
India,Andhra_Pradesh,Visakhapatnam,"GVM Corporation, Visakhapatnam - APPCB",09-06-2024 03:00:00,17.72,83.3,NO2,1,56,29
India,Arunachal_Pradesh,Naharlagun,"Naharlagun, Naharlagun - APSPCB",09-06-2024 03:00:00,27.103358,93.679645,SO2,4,4,4
India,Arunachal_Pradesh,Naharlagun,"Naharlagun, Naharlagun - APSPCB",09-06-2024 03:00:00,27.103358,93.679645,CO,12,21,18
India,Assam,Byrnihat,"Central Academy for SFS, Byrnihat - PCBA",09-06-2024 03:00:00,26.071318,91.87488,OZONE,19,27,23
India,Assam,Guwahati,"IITG, Guwahati - PCBA",09-06-2024 03:00:00,26.2028636,91.70046436,NH3,5,5,5
India,Assam,Guwahati,"Railway Colony, Guwahati - PCBA",09-06-2024 03:00:00,26.181742,91.78063,SO2,9,17,13
India,Assam,Nagaon,"Christianpatty, Nagaon - PCBA",09-06-2024 03:00:00,26.349082,92.68449,PM2.5,NA,NA,NA
India,Assam,Sivasagar,"Girls College, Sivasagar - PCBA",09-06-2024 03:00:00,26.987634,94.636574,PM10,49,77,58
India,Assam,Sivasagar,"Girls College, Sivasagar - PCBA",09-06-2024 03:00:00,26.987634,94.636574,SO2,3,8,4
India,Assam,Sivasagar,"Girls College, Sivasagar - PCBA",09-06-2024 03:00:00,26.987634,94.636574,OZONE,1,11,4
India,Bihar,Arrah,"New DM Office, Arrah - BSPCB",09-06-2024 03:00:00,25.5626095,84.663264,PM2.5,40,82,64
India,Bihar,Arrah,"New DM Office, Arrah - BSPCB",09-06-2024 03:00:00,25.5626095,84.663264,OZONE,1,45,15
India,Bihar,Bhagalpur,"DM Office_Kachari Chowk, Bhagalpur - BSPCB",09-06-2024 03:00:00,25.251013,86.989001,PM10,94,235,143
India,Bihar,Bhagalpur,"DM Office_Kachari Chowk, Bhagalpur - BSPCB",09-06-2024 03:00:00,25.251013,86.989001,NH3,4,6,5
India,Bihar,Buxar,"Charitra Van, Buxar - BSPCB (Formerly known as Central Jail)",09-06-2024 03:00:00,25.567520,83.966379,NH3,3,4,3
India,Bihar,Buxar,"Charitra Van, Buxar - BSPCB (Formerly known as Central Jail)",09-06-2024 03:00:00,25.567520,83.966379,CO,26,85,70
India,Bihar,Buxar,"Charitra Van, Buxar - BSPCB (Formerly known as Central Jail)",09-06-2024 03:00:00,25.567520,83.966379,OZONE,13,185,34
India,Bihar,Chhapra,"Darshan Nagar, Chhapra - BSPCB",09-06-2024 03:00:00,25.7808257,84.7446768,CO,24,48,39
India,Bihar,Chhapra,"Darshan Nagar, Chhapra - BSPCB",09-06-2024 03:00:00,25.7808257,84.7446768,OZONE,1,10,3
India,Bihar,Gaya,"Kareemganj, Gaya - BSPCB",09-06-2024 03:00:00,24.792403,84.992416,NO2,21,22,21
India,Bihar,Gaya,"Kareemganj, Gaya - BSPCB",09-06-2024 03:00:00,24.792403,84.992416,SO2,10,10,10
India,Bihar,Gaya,"Kareemganj, Gaya - BSPCB",09-06-2024 03:00:00,24.792403,84.992416,CO,22,23,22
India,Bihar,Gaya,"SFTI Kusdihra, Gaya - BSPCB",09-06-2024 03:00:00,24.762518,84.982348,SO2,8,12,9
India,Bihar,Hajipur,"Industrial Area, Hajipur - BSPCB",09-06-2024 03:00:00,25.697189,85.245900,SO2,6,7,6
India,Bihar,Hajipur,"Industrial Area, Hajipur - BSPCB",09-06-2024 03:00:00,25.697189,85.245900,CO,25,41,34
India,Bihar,Katihar,"Mirchaibari, Katihar - BSPCB",09-06-2024 03:00:00,25.560083,87.553265,NO2,3,4,4
India,Bihar,Katihar,"Mirchaibari, Katihar - BSPCB",09-06-2024 03:00:00,25.560083,87.553265,NH3,1,1,1
India,Bihar,Kishanganj,"SDM Office_Khagra, Kishanganj - BSPCB",09-06-2024 03:00:00,26.0881305,87.93840336,NH3,6,8,7
India,Bihar,Manguraha,"Forest Rest House, Manguraha - BSPCB",09-06-2024 03:00:00,27.308328,84.531742,PM2.5,NA,NA,NA
India,Bihar,Manguraha,"Forest Rest House, Manguraha - BSPCB",09-06-2024 03:00:00,27.308328,84.531742,PM10,NA,NA,NA
India,Bihar,Munger,"Town Hall, Munger - BSPCB",09-06-2024 03:00:00,25.376776,86.471523,PM10,83,147,116
India,Bihar,Munger,"Town Hall, Munger - BSPCB",09-06-2024 03:00:00,25.376776,86.471523,OZONE,27,33,29
India,Bihar,Muzaffarpur,"Buddha Colony, Muzaffarpur - BSPCB",09-06-2024 03:00:00,26.11442,85.39813,NH3,4,8,6
India,Bihar,Muzaffarpur,"Buddha Colony, Muzaffarpur - BSPCB",09-06-2024 03:00:00,26.11442,85.39813,OZONE,68,157,97
India,Bihar,Muzaffarpur,"MIT-Daudpur Kothi, Muzaffarpur - BSPCB",09-06-2024 03:00:00,26.1403345,85.3650192,PM2.5,200,500,293
India,Bihar,Muzaffarpur,"MIT-Daudpur Kothi, Muzaffarpur - BSPCB",09-06-2024 03:00:00,26.1403345,85.3650192,PM10,123,500,183
India,Bihar,Muzaffarpur,"MIT-Daudpur Kothi, Muzaffarpur - BSPCB",09-06-2024 03:00:00,26.1403345,85.3650192,SO2,6,9,8
India,Bihar,Patna,"DRM Office Danapur, Patna - BSPCB",09-06-2024 03:00:00,25.586562,85.043586,PM2.5,98,303,223
India,Bihar,Patna,"DRM Office Danapur, Patna - BSPCB",09-06-2024 03:00:00,25.586562,85.043586,NH3,2,3,3
India,Bihar,Patna,"Govt. High School Shikarpur, Patna - BSPCB",09-06-2024 03:00:00,25.592539,85.227158,PM2.5,47,286,138
India,Bihar,Patna,"Govt. High School Shikarpur, Patna - BSPCB",09-06-2024 03:00:00,25.592539,85.227158,SO2,9,13,11
India,Bihar,Patna,"IGSC Planetarium Complex, Patna - BSPCB",09-06-2024 03:00:00,25.610369,85.132568,NO2,13,13,13
India,Bihar,Patna,"Muradpur, Patna - BSPCB",09-06-2024 03:00:00,25.619651,85.147382,PM2.5,13,329,162
India,Bihar,Patna,"Rajbansi Nagar, Patna - BSPCB",09-06-2024 03:00:00,25.599486,85.113666,PM10,112,207,159
India,Bihar,Patna,"Samanpura, Patna - BSPCB",09-06-2024 03:00:00,25.596727,85.085624,PM2.5,67,237,131
India,Bihar,Patna,"Samanpura, Patna - BSPCB",09-06-2024 03:00:00,25.596727,85.085624,NH3,8,16,11
India,Bihar,Rajgir,"Dangi Tola, Rajgir - BSPCB",09-06-2024 03:00:00,25.03280,85.41948,PM2.5,48,243,84
India,Bihar,Rajgir,"Dangi Tola, Rajgir - BSPCB",09-06-2024 03:00:00,25.03280,85.41948,NO2,14,15,15
India,Bihar,Saharsa,"Police Line, Saharsa - BSPCB",09-06-2024 03:00:00,25.892357,86.590325,PM2.5,NA,NA,NA
India,Bihar,Saharsa,"Police Line, Saharsa - BSPCB",09-06-2024 03:00:00,25.892357,86.590325,SO2,16,17,16
India,Bihar,Saharsa,"Police Line, Saharsa - BSPCB",09-06-2024 03:00:00,25.892357,86.590325,CO,54,56,54
India,Bihar,Saharsa,"Police Line, Saharsa - BSPCB",09-06-2024 03:00:00,25.892357,86.590325,OZONE,12,87,37
India,Bihar,Samastipur,"DM Office_Kasipur, Samastipur - BSPCB",09-06-2024 03:00:00,25.859655,85.77944,PM2.5,7,43,21
India,Bihar,Samastipur,"DM Office_Kasipur, Samastipur - BSPCB",09-06-2024 03:00:00,25.859655,85.77944,PM10,NA,NA,NA
India,Bihar,Samastipur,"DM Office_Kasipur, Samastipur - BSPCB",09-06-2024 03:00:00,25.859655,85.77944,CO,2,47,6
India,Bihar,Sasaram,"Dada Peer, Sasaram - BSPCB",09-06-2024 03:00:00,24.952822,84.002396,NO2,3,45,18
India,Chandigarh,Chandigarh,"Sector 22, Chandigarh - CPCC",09-06-2024 03:00:00,30.735567,76.775714,PM10,85,150,115
India,Chandigarh,Chandigarh,"Sector 22, Chandigarh - CPCC",09-06-2024 03:00:00,30.735567,76.775714,CO,32,48,41
India,Chandigarh,Chandigarh,"Sector-25, Chandigarh - CPCC",09-06-2024 03:00:00,30.751462,76.762879,SO2,7,18,12
India,Chandigarh,Chandigarh,"Sector-53, Chandigarh - CPCC",09-06-2024 03:00:00,30.719859,76.738637,NH3,4,7,5
India,Chhattisgarh,Bhilai,"32Bungalows, Bhilai - CECB",09-06-2024 03:00:00,21.194815,81.314770,NO2,10,17,13
India,Chhattisgarh,Bhilai,"32Bungalows, Bhilai - CECB",09-06-2024 03:00:00,21.194815,81.314770,CO,14,24,19
India,Chhattisgarh,Bilaspur,"Mangala, Bilaspur - NTPC",09-06-2024 03:00:00,22.08815,82.13737,SO2,8,16,13
India,Chhattisgarh,Chhal,"Nawapara SECL Colony, Chhal - CECB",09-06-2024 03:00:00,22.118125,83.140608,NO2,17,41,25
India,Chhattisgarh,Chhal,"Nawapara SECL Colony, Chhal - CECB",09-06-2024 03:00:00,22.118125,83.140608,SO2,NA,NA,NA
India,Chhattisgarh,Korba,"Urja Nagar, Korba - CECB",09-06-2024 03:00:00,22.348441,82.549611,NO2,34,49,42
India,Chhattisgarh,Korba,"Urja Nagar, Korba - CECB",09-06-2024 03:00:00,22.348441,82.549611,SO2,6,8,7
India,Chhattisgarh,Raipur,"AIIMS, Raipur - CECB",09-06-2024 03:00:00,21.258815,81.578979,PM10,24,80,49
India,Chhattisgarh,Raipur,"AIIMS, Raipur - CECB",09-06-2024 03:00:00,21.258815,81.578979,CO,16,28,24
India,Chhattisgarh,Raipur,"Krishak Nagar, Raipur - CECB",09-06-2024 03:00:00,21.237755,81.705301,CO,5,23,8
India,Chhattisgarh,Raipur,"Siltara Phase-II, Raipur - CECB",09-06-2024 03:00:00,21.371751,81.664929,OZONE,4,31,6
India,Chhattisgarh,Tumidih,"OP Jindal Industrial Park, Tumidih - CECB",09-06-2024 03:00:00,22.06631475,83.33820077,PM2.5,NA,NA,NA
India,Chhattisgarh,Tumidih,"OP Jindal Industrial Park, Tumidih - CECB",09-06-2024 03:00:00,22.06631475,83.33820077,NO2,NA,NA,NA
India,Delhi,Delhi,"Alipur, Delhi - DPCC",09-06-2024 03:00:00,28.815329,77.153010,NH3,3,7,5
India,Delhi,Delhi,"Alipur, Delhi - DPCC",09-06-2024 03:00:00,28.815329,77.153010,CO,42,55,50
India,Delhi,Delhi,"Anand Vihar, Delhi - DPCC",09-06-2024 03:00:00,28.647622,77.3158090,PM2.5,22,260,124
India,Delhi,Delhi,"Anand Vihar, Delhi - DPCC",09-06-2024 03:00:00,28.647622,77.3158090,NO2,65,115,82
India,Delhi,Delhi,"Anand Vihar, Delhi - DPCC",09-06-2024 03:00:00,28.647622,77.3158090,SO2,17,34,23
India,Delhi,Delhi,"Anand Vihar, Delhi - DPCC",09-06-2024 03:00:00,28.647622,77.3158090,CO,118,128,122
India,Delhi,Delhi,"Anand Vihar, Delhi - DPCC",09-06-2024 03:00:00,28.647622,77.3158090,OZONE,83,150,102
India,Delhi,Delhi,"Ashok Vihar, Delhi - DPCC",09-06-2024 03:00:00,28.695381,77.181665,PM2.5,20,180,74
India,Delhi,Delhi,"Ashok Vihar, Delhi - DPCC",09-06-2024 03:00:00,28.695381,77.181665,NO2,12,58,28
India,Delhi,Delhi,"Ashok Vihar, Delhi - DPCC",09-06-2024 03:00:00,28.695381,77.181665,CO,26,58,46
India,Delhi,Delhi,"Ashok Vihar, Delhi - DPCC",09-06-2024 03:00:00,28.695381,77.181665,OZONE,37,136,64
India,Delhi,Delhi,"Aya Nagar, Delhi - IMD",09-06-2024 03:00:00,28.4706914,77.1099364,OZONE,16,49,23
India,Delhi,Delhi,"Burari Crossing, Delhi - IMD",09-06-2024 03:00:00,28.7256504,77.2011573,PM2.5,48,366,112
India,Delhi,Delhi,"CRRI Mathura Road, Delhi - IMD",09-06-2024 03:00:00,28.5512005,77.2735737,NO2,NA,NA,NA
India,Delhi,Delhi,"Chandni Chowk, Delhi - IITM",09-06-2024 03:00:00,28.656756,77.227234,PM10,150,372,201
India,Delhi,Delhi,"DTU, Delhi - CPCB",09-06-2024 03:00:00,28.7500499,77.1112615,PM10,114,395,181
India,Delhi,Delhi,"Dwarka-Sector 8, Delhi - DPCC ",09-06-2024 03:00:00,28.5710274,77.0719006,PM2.5,33,187,81
India,Delhi,Delhi,"IGI Airport (T3), Delhi - IMD",09-06-2024 03:00:00,28.5627763,77.1180053,PM10,100,211,144
India,Delhi,Delhi,"IGI Airport (T3), Delhi - IMD",09-06-2024 03:00:00,28.5627763,77.1180053,OZONE,5,53,18
India,Delhi,Delhi,"IHBAS, Dilshad Garden, Delhi - CPCB",09-06-2024 03:00:00,28.6811736,77.3025234,NO2,10,34,24
India,Delhi,Delhi,"IHBAS, Dilshad Garden, Delhi - CPCB",09-06-2024 03:00:00,28.6811736,77.3025234,OZONE,16,39,36
India,Delhi,Delhi,"ITO, Delhi - CPCB",09-06-2024 03:00:00,28.628624,77.241060,CO,30,48,39
India,Delhi,Delhi,"Jahangirpuri, Delhi - DPCC",09-06-2024 03:00:00,28.732820,77.170633,NH3,5,68,13
India,Delhi,Delhi,"Jahangirpuri, Delhi - DPCC",09-06-2024 03:00:00,28.732820,77.170633,SO2,19,55,37
India,Delhi,Delhi,"Jahangirpuri, Delhi - DPCC",09-06-2024 03:00:00,28.732820,77.170633,CO,27,101,71
India,Delhi,Delhi,"Lodhi Road, Delhi - IITM",09-06-2024 03:00:00,28.588333,77.221667,SO2,15,34,24
India,Delhi,Delhi,"Major Dhyan Chand National Stadium, Delhi - DPCC",09-06-2024 03:00:00,28.611281,77.237738,CO,53,86,69
India,Delhi,Delhi,"Mandir Marg, Delhi - DPCC",09-06-2024 03:00:00,28.636429,77.201067,CO,20,45,35
India,Delhi,Delhi,"Mundka, Delhi - DPCC",09-06-2024 03:00:00,28.684678,77.076574,OZONE,16,141,70
India,Delhi,Delhi,"NSIT Dwarka, Delhi - CPCB",09-06-2024 03:00:00,28.60909,77.0325413,SO2,3,47,19
India,Delhi,Delhi,"Najafgarh, Delhi - DPCC",09-06-2024 03:00:00,28.570173,76.933762,PM10,105,380,184
India,Delhi,Delhi,"Narela, Delhi - DPCC",09-06-2024 03:00:00,28.822836,77.101981,OZONE,27,106,53
India,Delhi,Delhi,"New Moti Bagh, Delhi - MHUA",09-06-2024 03:00:00,28.57834,77.18400,CO,16,50,36
India,Delhi,Delhi,"North Campus, DU, Delhi - IMD",09-06-2024 03:00:00,28.6573814,77.1585447,NO2,6,25,14
India,Delhi,Delhi,"Okhla Phase-2, Delhi - DPCC",09-06-2024 03:00:00,28.530785,77.271255,NO2,25,119,61
India,Delhi,Delhi,"Patparganj, Delhi - DPCC",09-06-2024 03:00:00,28.623763,77.287209,OZONE,18,204,61
India,Delhi,Delhi,"Punjabi Bagh, Delhi - DPCC",09-06-2024 03:00:00,28.674045,77.131023,NH3,4,6,5
India,Delhi,Delhi,"R K Puram, Delhi - DPCC",09-06-2024 03:00:00,28.563262,77.186937,PM10,134,334,190
India,Delhi,Delhi,"R K Puram, Delhi - DPCC",09-06-2024 03:00:00,28.563262,77.186937,NO2,16,103,42
India,Delhi,Delhi,"R K Puram, Delhi - DPCC",09-06-2024 03:00:00,28.563262,77.186937,CO,5,49,30
India,Delhi,Delhi,"Rohini, Delhi - DPCC",09-06-2024 03:00:00,28.732528,77.119920,PM2.5,28,187,83
India,Delhi,Delhi,"Rohini, Delhi - DPCC",09-06-2024 03:00:00,28.732528,77.119920,PM10,117,414,201
India,Delhi,Delhi,"Rohini, Delhi - DPCC",09-06-2024 03:00:00,28.732528,77.119920,CO,11,32,23
India,Delhi,Delhi,"Shadipur, Delhi - CPCB",09-06-2024 03:00:00,28.6514781,77.1473105,SO2,10,25,19
India,Delhi,Delhi,"Sirifort, Delhi - CPCB",09-06-2024 03:00:00,28.5504249,77.2159377,SO2,43,46,44
India,Delhi,Delhi,"Sonia Vihar, Delhi - DPCC",09-06-2024 03:00:00,28.710508,77.249485,PM10,117,381,186
India,Delhi,Delhi,"Sri Aurobindo Marg, Delhi - DPCC",09-06-2024 03:00:00,28.531346,77.190156,PM2.5,43,144,78
India,Delhi,Delhi,"Sri Aurobindo Marg, Delhi - DPCC",09-06-2024 03:00:00,28.531346,77.190156,NH3,NA,NA,NA
India,Delhi,Delhi,"Vivek Vihar, Delhi - DPCC",09-06-2024 03:00:00,28.672342,77.315260,PM10,154,409,222
India,Delhi,Delhi,"Vivek Vihar, Delhi - DPCC",09-06-2024 03:00:00,28.672342,77.315260,NO2,11,61,27
India,Gujarat,Ahmedabad,"Chandkheda, Ahmedabad - IITM",09-06-2024 03:00:00,23.107969,72.574648,CO,27,28,28
India,Gujarat,Ahmedabad,"Gyaspur, Ahmedabad - IITM",09-06-2024 03:00:00,22.977134,72.553024,NH3,6,7,7
India,Gujarat,Ahmedabad,"Maninagar, Ahmedabad - GPCB",09-06-2024 03:00:00,23.002657,72.591912,PM10,82,156,124
India,Gujarat,Ahmedabad,"Rakhial, Ahmedabad - IITM",09-06-2024 03:00:00,23.016834,72.625775,PM2.5,43,80,60
India,Gujarat,Ahmedabad,"Rakhial, Ahmedabad - IITM",09-06-2024 03:00:00,23.016834,72.625775,PM10,60,109,86
India,Gujarat,Ahmedabad,"Rakhial, Ahmedabad - IITM",09-06-2024 03:00:00,23.016834,72.625775,OZONE,15,100,30
India,Gujarat,Ahmedabad,"SVPI Airport Hansol, Ahmedabad - IITM",09-06-2024 03:00:00,23.076793,72.627874,PM2.5,43,120,79
India,Gujarat,Ahmedabad,"SVPI Airport Hansol, Ahmedabad - IITM",09-06-2024 03:00:00,23.076793,72.627874,NO2,31,42,37
India,Gujarat,Ahmedabad,"SVPI Airport Hansol, Ahmedabad - IITM",09-06-2024 03:00:00,23.076793,72.627874,OZONE,6,81,25
India,Gujarat,Ahmedabad,"Sardar Vallabhbhai Patel Stadium, Ahmedabad - IITM",09-06-2024 03:00:00,23.043070,72.562968,NO2,32,38,37
India,Gujarat,Ankleshwar,"GIDC, Ankleshwar - GPCB",09-06-2024 03:00:00,21.613267,73.010555,PM2.5,24,92,62
India,Gujarat,Ankleshwar,"GIDC, Ankleshwar - GPCB",09-06-2024 03:00:00,21.613267,73.010555,NH3,2,3,3
India,Gujarat,Gandhinagar,"GIFT City, Gandhinagar - IITM",09-06-2024 03:00:00,23.163798,72.677768,PM2.5,NA,NA,NA
India,Gujarat,Gandhinagar,"GIFT City, Gandhinagar - IITM",09-06-2024 03:00:00,23.163798,72.677768,NO2,NA,NA,NA
India,Gujarat,Gandhinagar,"Sector-10, Gandhinagar - GPCB",09-06-2024 03:00:00,23.221714,72.654328,NH3,2,2,2
India,Gujarat,Gandhinagar,"Sector-10, Gandhinagar - GPCB",09-06-2024 03:00:00,23.221714,72.654328,OZONE,13,92,30
India,Gujarat,Nandesari,"GIDC, Nandesari - Nandesari Ind. Association",09-06-2024 03:00:00,22.410802,73.097923,PM2.5,51,316,137
India,Gujarat,Nandesari,"GIDC, Nandesari - Nandesari Ind. Association",09-06-2024 03:00:00,22.410802,73.097923,PM10,69,222,133
India,Gujarat,Nandesari,"GIDC, Nandesari - Nandesari Ind. Association",09-06-2024 03:00:00,22.410802,73.097923,NO2,1,16,7
India,Gujarat,Nandesari,"GIDC, Nandesari - Nandesari Ind. Association",09-06-2024 03:00:00,22.410802,73.097923,SO2,3,25,12
India,Gujarat,Surat,"Science Center, Surat - SMC",09-06-2024 03:00:00,21.170046,72.795405,PM2.5,NA,NA,NA
India,Gujarat,Surat,"Science Center, Surat - SMC",09-06-2024 03:00:00,21.170046,72.795405,SO2,10,13,12
India,Gujarat,Vapi,"Phase-1 GIDC, Vapi - GPCB",09-06-2024 03:00:00,20.362421,72.918013,SO2,40,116,48
India,Gujarat,Vatva,"Phase-4 GIDC, Vatva - GPCB",09-06-2024 03:00:00,22.969611,72.643500,PM2.5,31,59,43
India,Haryana,Bahadurgarh,"Arya Nagar, Bahadurgarh - HSPCB",09-06-2024 03:00:00,28.6701,76.9254,NO2,21,24,22
India,Haryana,Ballabgarh,"Nathu Colony, Ballabgarh - HSPCB",09-06-2024 03:00:00,28.3419248,77.319699,PM2.5,97,300,238
India,Haryana,Ballabgarh,"Nathu Colony, Ballabgarh - HSPCB",09-06-2024 03:00:00,28.3419248,77.319699,NH3,1,2,2
India,Haryana,Charkhi Dadri,"Mini Secretariat, Charkhi Dadri - HSPCB",09-06-2024 03:00:00,28.593883,76.270653,NO2,NA,NA,NA
India,Haryana,Faridabad,"New Industrial Town, Faridabad - HSPCB",09-06-2024 03:00:00,28.39072,77.30059,NO2,NA,NA,NA
India,Haryana,Faridabad,"Sector 11, Faridabad - HSPCB",09-06-2024 03:00:00,28.376058,77.315741,SO2,4,114,9
India,Haryana,Faridabad,"Sector 30, Faridabad - HSPCB",09-06-2024 03:00:00,28.4417,77.3217,PM10,103,175,131
India,Haryana,Fatehabad,"Huda Sector, Fatehabad - HSPCB",09-06-2024 03:00:00,29.503664,75.467934,OZONE,18,42,30
India,Haryana,Hisar,"Urban Estate-II, Hisar - HSPCB",09-06-2024 03:00:00,29.140560,75.744941,PM10,63,499,145
India,Haryana,Hisar,"Urban Estate-II, Hisar - HSPCB",09-06-2024 03:00:00,29.140560,75.744941,OZONE,51,109,81
India,Haryana,Jind,"Police Lines, Jind - HSPCB",09-06-2024 03:00:00,29.307814,76.337619,PM2.5,54,91,67
India,Haryana,Jind,"Police Lines, Jind - HSPCB",09-06-2024 03:00:00,29.307814,76.337619,SO2,NA,NA,NA
India,Haryana,Jind,"Police Lines, Jind - HSPCB",09-06-2024 03:00:00,29.307814,76.337619,CO,2,82,30
India,Haryana,Kaithal,"Rishi Nagar, Kaithal - HSPCB",09-06-2024 03:00:00,29.8006,76.4155,NH3,8,9,8
India,Haryana,Karnal,"Sector-12, Karnal - HSPCB",09-06-2024 03:00:00,29.695300,77.002700,SO2,12,13,13
India,Haryana,Kurukshetra,"Sector-7, Kurukshetra - HSPCB",09-06-2024 03:00:00,29.966942,76.875879,OZONE,58,109,88
India,Haryana,Mandikhera,"General Hospital, Mandikhera - HSPCB",09-06-2024 03:00:00,27.9002,76.9938,PM10,NA,NA,NA
India,Haryana,Mandikhera,"General Hospital, Mandikhera - HSPCB",09-06-2024 03:00:00,27.9002,76.9938,SO2,NA,NA,NA
India,Haryana,Mandikhera,"General Hospital, Mandikhera - HSPCB",09-06-2024 03:00:00,27.9002,76.9938,CO,25,30,29
India,Haryana,Mandikhera,"General Hospital, Mandikhera - HSPCB",09-06-2024 03:00:00,27.9002,76.9938,OZONE,22,30,26
India,Haryana,Manesar,"Sector-2 IMT, Manesar - HSPCB",09-06-2024 03:00:00,28.360699,76.936090,PM2.5,52,329,141
India,Haryana,Manesar,"Sector-2 IMT, Manesar - HSPCB",09-06-2024 03:00:00,28.360699,76.936090,SO2,5,16,11
India,Haryana,Manesar,"Sector-2 IMT, Manesar - HSPCB",09-06-2024 03:00:00,28.360699,76.936090,OZONE,14,74,32
India,Haryana,Narnaul,"Shastri Nagar, Narnaul - HSPCB",09-06-2024 03:00:00,28.060249,76.113115,PM2.5,44,500,175
India,Haryana,Narnaul,"Shastri Nagar, Narnaul - HSPCB",09-06-2024 03:00:00,28.060249,76.113115,PM10,44,500,148
India,Haryana,Palwal,"Shyam Nagar, Palwal - HSPCB",09-06-2024 03:00:00,28.1485564,77.3320667,SO2,3,21,10
India,Haryana,Panchkula,"Sector-6, Panchkula - HSPCB ",09-06-2024 03:00:00,30.7057778,76.8531805555555,OZONE,NA,NA,NA
India,Haryana,Panipat,"Sector-18, Panipat - HSPCB",09-06-2024 03:00:00,29.432304,76.972765,NO2,31,32,31
India,Haryana,Rohtak,"MD University, Rohtak - HSPCB",09-06-2024 03:00:00,28.52123,76.37138,SO2,6,8,7
India,Haryana,Sonipat,"Murthal, Sonipat - HSPCB",09-06-2024 03:00:00,29.027200,77.062100,PM2.5,65,159,105
India,Haryana,Sonipat,"Murthal, Sonipat - HSPCB",09-06-2024 03:00:00,29.027200,77.062100,SO2,13,29,20
India,Haryana,Sonipat,"Murthal, Sonipat - HSPCB",09-06-2024 03:00:00,29.027200,77.062100,OZONE,16,36,20
India,Haryana,Yamuna Nagar,"Gobind Pura, Yamuna Nagar - HSPCB",09-06-2024 03:00:00,30.1480566,77.2893471,NO2,11,21,16
India,Haryana,Yamuna Nagar,"Gobind Pura, Yamuna Nagar - HSPCB",09-06-2024 03:00:00,30.1480566,77.2893471,SO2,2,100,16
India,Himachal Pradesh,Baddi,"HIMUDA Complex Phase-1, Baddi - HPPCB",09-06-2024 03:00:00,30.943887,76.801991,PM2.5,23,253,103
India,Himachal Pradesh,Baddi,"HIMUDA Complex Phase-1, Baddi - HPPCB",09-06-2024 03:00:00,30.943887,76.801991,PM10,102,191,140
India,Jammu_and_Kashmir,Srinagar,"Rajbagh, Srinagar - JKSPCB",09-06-2024 03:00:00,34.066206,74.819820,PM2.5,NA,NA,NA
India,Jharkhand,Dhanbad,"Kalakusuma, Dhanbad - DMC",09-06-2024 03:00:00,23.811548,86.481238,PM10,12,144,106
India,Jharkhand,Dhanbad,"Kalakusuma, Dhanbad - DMC",09-06-2024 03:00:00,23.811548,86.481238,SO2,NA,NA,NA
India,Jharkhand,Dhanbad,"Sardar Patel Nagar, Dhanbad - JSPCB",09-06-2024 03:00:00,23.80569,86.44268,OZONE,18,36,20
India,Karnataka,Belgaum,"Ramteerth Nagar, Belgaum - KSPCB",09-06-2024 03:00:00,15.888653,74.541751,PM2.5,NA,NA,NA
India,Karnataka,Belgaum,"Ramteerth Nagar, Belgaum - KSPCB",09-06-2024 03:00:00,15.888653,74.541751,CO,NA,NA,NA
India,Karnataka,Belgaum,"Ramteerth Nagar, Belgaum - KSPCB",09-06-2024 03:00:00,15.888653,74.541751,OZONE,NA,NA,NA
India,Karnataka,Bengaluru,"Bapuji Nagar, Bengaluru - KSPCB",09-06-2024 03:00:00,12.951913,77.539784,PM10,12,199,45
India,Karnataka,Bengaluru,"Bapuji Nagar, Bengaluru - KSPCB",09-06-2024 03:00:00,12.951913,77.539784,NO2,14,17,15
India,Karnataka,Bengaluru,"Hombegowda Nagar, Bengaluru - KSPCB",09-06-2024 03:00:00,12.938539,77.590100,NH3,1,1,1
India,Karnataka,Bengaluru,"Jayanagar 5th Block, Bengaluru - KSPCB",09-06-2024 03:00:00,12.920984,77.584908,CO,21,22,22
India,Karnataka,Bengaluru,"Jigani, Bengaluru - KSPCB",09-06-2024 03:00:00,12.7816279,77.6299145,PM10,25,36,29
India,Karnataka,Bengaluru,"Jigani, Bengaluru - KSPCB",09-06-2024 03:00:00,12.7816279,77.6299145,NO2,38,39,39
India,Karnataka,Bengaluru,"Jigani, Bengaluru - KSPCB",09-06-2024 03:00:00,12.7816279,77.6299145,NH3,4,4,4
India,Karnataka,Bengaluru,"Jigani, Bengaluru - KSPCB",09-06-2024 03:00:00,12.7816279,77.6299145,CO,24,40,35
India,Karnataka,Bengaluru,"Kasturi Nagar, Bengaluru - KSPCB",09-06-2024 03:00:00,13.003872,77.664217,NO2,16,17,17
India,Karnataka,Bengaluru,"Kasturi Nagar, Bengaluru - KSPCB",09-06-2024 03:00:00,13.003872,77.664217,SO2,10,10,10
India,Karnataka,Bengaluru,"Peenya, Bengaluru - CPCB",09-06-2024 03:00:00,13.0270199,77.494094,PM2.5,34,51,40
India,Karnataka,Bengaluru,"Peenya, Bengaluru - CPCB",09-06-2024 03:00:00,13.0270199,77.494094,PM10,44,66,51
India,Karnataka,Bengaluru,"Peenya, Bengaluru - CPCB",09-06-2024 03:00:00,13.0270199,77.494094,OZONE,14,30,21
India,Karnataka,Bengaluru,"Sanegurava Halli, Bengaluru - KSPCB",09-06-2024 03:00:00,12.990328,77.5431385,CO,10,24,18
India,Karnataka,Bengaluru,"Silk Board, Bengaluru - KSPCB",09-06-2024 03:00:00,12.917348,77.622813,NH3,1,1,1
India,Karnataka,Bidar,"Naubad, Bidar - KSPCB",09-06-2024 03:00:00,17.930306,77.482194,CO,82,104,90
India,Karnataka,Chamarajanagar,"Urban, Chamarajanagar - KSPCB",09-06-2024 03:00:00,11.55358,76.55521,PM10,47,49,48
India,Karnataka,Chikkaballapur,"Chikkaballapur Rural, Chikkaballapur - KSPCB",09-06-2024 03:00:00,13.428828,77.731418,NO2,4,7,6
India,Karnataka,Chikkamagaluru,"Kalyana Nagara, Chikkamagaluru - KSPCB",09-06-2024 03:00:00,13.328028,75.797056,SO2,6,17,12
India,Karnataka,Chikkamagaluru,"Kalyana Nagara, Chikkamagaluru - KSPCB",09-06-2024 03:00:00,13.328028,75.797056,OZONE,15,39,17
India,Karnataka,Davanagere,"Devaraj Urs Badavane, Davanagere - KSPCB",09-06-2024 03:00:00,14.475800,75.905200,NH3,1,1,1
India,Karnataka,Davanagere,"Devaraj Urs Badavane, Davanagere - KSPCB",09-06-2024 03:00:00,14.475800,75.905200,SO2,4,7,6
India,Karnataka,Davanagere,"Devaraj Urs Badavane, Davanagere - KSPCB",09-06-2024 03:00:00,14.475800,75.905200,OZONE,20,22,21
India,Karnataka,Dharwad,"Kalabhavan, Dharwad - KSPCB",09-06-2024 03:00:00,15.459706,75.008381,PM2.5,6,38,19
India,Karnataka,Hassan,"B.Katihalli, Hassan - KSPCB",09-06-2024 03:00:00,13.008556,76.125258,PM10,NA,NA,NA
India,Karnataka,Kalaburagi,"Lal Bahadur Shastri Nagar, Kalaburagi - KSPCB",09-06-2024 03:00:00,17.321993,76.822628,CO,36,40,38
India,Karnataka,Kalaburagi,"Mahatma Basaveswar Colony, Kalaburgi - KSPCB",09-06-2024 03:00:00,17.336318,76.847397,PM10,NA,NA,NA
India,Karnataka,Kalaburagi,"Mahatma Basaveswar Colony, Kalaburgi - KSPCB",09-06-2024 03:00:00,17.336318,76.847397,CO,12,28,21
India,Karnataka,Koppal,"Diwator Nagar, Koppal - KSPCB",09-06-2024 03:00:00,15.347630,76.181767,NO2,13,76,48
India,Karnataka,Koppal,"Diwator Nagar, Koppal - KSPCB",09-06-2024 03:00:00,15.347630,76.181767,SO2,24,28,24
India,Karnataka,Koppal,"Diwator Nagar, Koppal - KSPCB",09-06-2024 03:00:00,15.347630,76.181767,CO,6,6,6
India,Karnataka,Madikeri,"Stuart Hill, Madikeri - KSPCB",09-06-2024 03:00:00,12.415911,75.735050,OZONE,19,33,25
India,Karnataka,Mangalore,"Kadri, Mangalore - KSPCB",09-06-2024 03:00:00,12.889250,74.853000,NH3,1,2,2
India,Karnataka,Raichur,"Haji Colony, Raichur - KSPCB",09-06-2024 03:00:00,16.208139,77.348417,PM10,NA,NA,NA
India,Karnataka,Raichur,"Haji Colony, Raichur - KSPCB",09-06-2024 03:00:00,16.208139,77.348417,CO,68,108,105
India,Karnataka,Ramanagara,"Vijay Nagar, Ramanagara - KSPCB",09-06-2024 03:00:00,12.733409,77.298051,NO2,9,46,14
India,Karnataka,Ramanagara,"Vijay Nagar, Ramanagara - KSPCB",09-06-2024 03:00:00,12.733409,77.298051,OZONE,28,30,29
India,Karnataka,Shivamogga,"Vinoba Nagara, Shivamogga - KSPCB",09-06-2024 03:00:00,13.940000,75.555917,SO2,2,11,5
India,Karnataka,Tumakuru,"Thimmalapura, Tumakuru - KSPCB",09-06-2024 03:00:00,13.377516,77.099072,PM10,35,241,61
India,Karnataka,Tumakuru,"Thimmalapura, Tumakuru - KSPCB",09-06-2024 03:00:00,13.377516,77.099072,CO,28,34,31
India,Karnataka,Vijayapura,"Ibrahimpur, Vijayapura - KSPCB",09-06-2024 03:00:00,16.802639,75.722694,NH3,2,2,2
India,Kerala,Kannur,"Thavakkara, Kannur - Kerala PCB",09-06-2024 03:00:00,11.875000,75.373200,PM2.5,44,53,49
India,Kerala,Kannur,"Thavakkara, Kannur - Kerala PCB",09-06-2024 03:00:00,11.875000,75.373200,SO2,NA,NA,NA
India,Kerala,Kollam,"Polayathode, Kollam - Kerala PCB",09-06-2024 03:00:00,8.8787,76.6073,CO,14,17,15
India,Kerala,Thiruvananthapuram,"Kariavattom, Thiruvananthapuram - Kerala PCB",09-06-2024 03:00:00,8.563700,76.886500,PM10,53,63,57
India,Kerala,Thiruvananthapuram,"Kariavattom, Thiruvananthapuram - Kerala PCB",09-06-2024 03:00:00,8.563700,76.886500,SO2,1,10,4
India,Kerala,Thrissur,"Corporation Ground, Thrissur - Kerala PCB",09-06-2024 03:00:00,10.532400,76.215900,PM2.5,44,50,47
India,Kerala,Thrissur,"Corporation Ground, Thrissur - Kerala PCB",09-06-2024 03:00:00,10.532400,76.215900,OZONE,28,31,30
India,Madhya Pradesh,Bhopal,"Idgah Hills, Bhopal - MPPCB",09-06-2024 03:00:00,23.264759,77.381568,PM2.5,52,173,84
India,Madhya Pradesh,Bhopal,"Idgah Hills, Bhopal - MPPCB",09-06-2024 03:00:00,23.264759,77.381568,PM10,83,161,116
India,Madhya Pradesh,Bhopal,"Idgah Hills, Bhopal - MPPCB",09-06-2024 03:00:00,23.264759,77.381568,NH3,5,7,6
India,Madhya Pradesh,Bhopal,"Paryavaran Parisar, Bhopal - MPPCB",09-06-2024 03:00:00,23.210494,77.425409,OZONE,9,79,28
India,Madhya Pradesh,Bhopal,"T T Nagar, Bhopal - MPPCB",09-06-2024 03:00:00,23.233584,77.400574,NH3,3,9,7
India,Madhya Pradesh,Dewas,"Bhopal Chauraha, Dewas - MPPCB",09-06-2024 03:00:00,22.9682591,76.064118,PM10,32,78,45
India,Madhya Pradesh,Dewas,"Bhopal Chauraha, Dewas - MPPCB",09-06-2024 03:00:00,22.9682591,76.064118,SO2,8,42,27
India,Madhya Pradesh,Gwalior,"City Center, Gwalior - MPPCB",09-06-2024 03:00:00,26.203442,78.193251,SO2,10,43,28
India,Madhya Pradesh,Gwalior,"Deen Dayal Nagar, Gwalior - MPPCB",09-06-2024 03:00:00,26.259242,78.216432,PM2.5,59,199,95
India,Madhya Pradesh,Gwalior,"Maharaj Bada, Gwalior - MPPCB",09-06-2024 03:00:00,26.200388,78.147714,PM2.5,35,183,77
India,Madhya Pradesh,Gwalior,"Maharaj Bada, Gwalior - MPPCB",09-06-2024 03:00:00,26.200388,78.147714,NO2,12,113,36
India,Madhya Pradesh,Indore,"Chhoti Gwaltoli, Indore - MPPCB",09-06-2024 03:00:00,22.4310,75.5213,PM2.5,NA,NA,NA
India,Madhya Pradesh,Indore,"Chhoti Gwaltoli, Indore - MPPCB",09-06-2024 03:00:00,22.4310,75.5213,PM10,NA,NA,NA
India,Madhya Pradesh,Indore,"Maguda Nagar, Indore - IMC",09-06-2024 03:00:00,22.7524,75.8872,CO,24,51,41
India,Madhya Pradesh,Indore,"Regional Park, Indore - IMC",09-06-2024 03:00:00,22.6780,75.8559,PM2.5,20,234,60
India,Madhya Pradesh,Indore,"Regional Park, Indore - IMC",09-06-2024 03:00:00,22.6780,75.8559,CO,22,40,36
India,Madhya Pradesh,Indore,"Residency Area, Indore - IMC",09-06-2024 03:00:00,22.7084,75.8815,OZONE,6,18,8
India,Madhya Pradesh,Jabalpur,"Gupteshwar, Jabalpur - JMC",09-06-2024 03:00:00,23.142888,79.916147,NO2,7,28,14
India,Madhya Pradesh,Jabalpur,"Marhatal, Jabalpur - MPPCB",09-06-2024 03:00:00,23.168606,79.932247,PM2.5,40,74,56
India,Madhya Pradesh,Jabalpur,"Marhatal, Jabalpur - MPPCB",09-06-2024 03:00:00,23.168606,79.932247,PM10,59,183,101
India,Madhya Pradesh,Jabalpur,"Marhatal, Jabalpur - MPPCB",09-06-2024 03:00:00,23.168606,79.932247,CO,46,74,57
India,Madhya Pradesh,Jabalpur,"Suhagi, Jabalpur - JMC",09-06-2024 03:00:00,23.218135,79.957770,PM10,35,67,50
India,Madhya Pradesh,Jabalpur,"Suhagi, Jabalpur - JMC",09-06-2024 03:00:00,23.218135,79.957770,OZONE,65,173,77
India,Madhya Pradesh,Katni,"Gole Bazar, Katni - MPPCB",09-06-2024 03:00:00,23.50016,80.23284,NO2,20,49,29
India,Madhya Pradesh,Katni,"Gole Bazar, Katni - MPPCB",09-06-2024 03:00:00,23.50016,80.23284,OZONE,57,129,73
India,Madhya Pradesh,Mandideep,"Sector-D Industrial Area, Mandideep - MPPCB",09-06-2024 03:00:00,23.108440,77.511428,CO,34,111,69
India,Madhya Pradesh,Pithampur,"Sector-2 Industrial Area, Pithampur - MPPCB",09-06-2024 03:00:00,22.624758,75.675238,NH3,1,2,1
India,Madhya Pradesh,Pithampur,"Sector-2 Industrial Area, Pithampur - MPPCB",09-06-2024 03:00:00,22.624758,75.675238,CO,18,84,48
India,Madhya Pradesh,Ratlam,"Shasthri Nagar, Ratlam - IPCA Lab",09-06-2024 03:00:00,23.331731,75.045981,PM2.5,23,65,44
India,Madhya Pradesh,Ratlam,"Shasthri Nagar, Ratlam - IPCA Lab",09-06-2024 03:00:00,23.331731,75.045981,NO2,13,13,13
India,Madhya Pradesh,Sagar,"Civil Lines, Sagar - MPPCB",09-06-2024 03:00:00,23.838586,78.759431,NH3,6,6,6
India,Madhya Pradesh,Sagar,"Civil Lines, Sagar - MPPCB",09-06-2024 03:00:00,23.838586,78.759431,OZONE,50,167,64
India,Madhya Pradesh,Singrauli,"Suryakiran Bhawan NCL, Singrauli - MPPCB",09-06-2024 03:00:00,24.108970,82.645580,PM10,42,160,91
India,Madhya Pradesh,Singrauli,"Suryakiran Bhawan NCL, Singrauli - MPPCB",09-06-2024 03:00:00,24.108970,82.645580,NH3,3,6,4
India,Madhya Pradesh,Singrauli,"Suryakiran Bhawan NCL, Singrauli - MPPCB",09-06-2024 03:00:00,24.108970,82.645580,SO2,25,103,67
India,Madhya Pradesh,Singrauli,"Suryakiran Bhawan NCL, Singrauli - MPPCB",09-06-2024 03:00:00,24.108970,82.645580,OZONE,26,75,43
India,Maharashtra,Ahmednagar,"Tarakpur, Ahmednagar - MPCB",09-06-2024 03:00:00,19.10122,74.73339,NO2,11,101,27
India,Maharashtra,Akola,"Ramdaspeth, Akola - MPCB",09-06-2024 03:00:00,20.719516,77.000253,SO2,7,39,14
India,Maharashtra,Akola,"Ramdaspeth, Akola - MPCB",09-06-2024 03:00:00,20.719516,77.000253,CO,30,135,62
India,Maharashtra,Amravati,"Shivneri Colony, Amravati - MPCB",09-06-2024 03:00:00,20.9402359,77.7895248,CO,6,23,12
India,Maharashtra,Aurangabad,"MIDC Chilkalthana, Aurangabad - MPCB",09-06-2024 03:00:00,19.875620,75.387310,SO2,NA,NA,NA
India,Maharashtra,Aurangabad,"MIDC Chilkalthana, Aurangabad - MPCB",09-06-2024 03:00:00,19.875620,75.387310,CO,23,111,34
India,Maharashtra,Aurangabad,"More Chowk Waluj, Aurangabad - MPCB",09-06-2024 03:00:00,19.8389439,75.244448,NO2,10,27,19
India,Maharashtra,Aurangabad,"Rachnakar Colony, Aurangabad - MPCB",09-06-2024 03:00:00,19.863756,75.321188,PM10,NA,NA,NA
India,Maharashtra,Aurangabad,"Rachnakar Colony, Aurangabad - MPCB",09-06-2024 03:00:00,19.863756,75.321188,SO2,NA,NA,NA
India,Maharashtra,Belapur,"CBD Belapur, Belapur - MPCB",09-06-2024 03:00:00,19.0243902,73.0406721,CO,4,16,12
India,Maharashtra,Bhiwandi,"Gokul Nagar, Bhiwandi - MPCB",09-06-2024 03:00:00,19.309073,73.057223,PM2.5,NA,NA,NA
India,Maharashtra,Bhiwandi,"Gokul Nagar, Bhiwandi - MPCB",09-06-2024 03:00:00,19.309073,73.057223,NO2,NA,NA,NA
India,Maharashtra,Bhiwandi,"Gokul Nagar, Bhiwandi - MPCB",09-06-2024 03:00:00,19.309073,73.057223,NH3,NA,NA,NA
India,Maharashtra,Bhiwandi,"Gokul Nagar, Bhiwandi - MPCB",09-06-2024 03:00:00,19.309073,73.057223,SO2,NA,NA,NA
India,Maharashtra,Bhiwandi,"Gokul Nagar, Bhiwandi - MPCB",09-06-2024 03:00:00,19.309073,73.057223,CO,4,38,24
India,Maharashtra,Boisar,"Khaira, Boisar - MPCB",09-06-2024 03:00:00,19.786089,72.757971,PM10,11,156,88
India,Maharashtra,Boisar,"Khaira, Boisar - MPCB",09-06-2024 03:00:00,19.786089,72.757971,NH3,2,7,3
India,Maharashtra,Chandrapur,"Chauhan Colony, Chandrapur - MPCB",09-06-2024 03:00:00,19.962900,79.298714,NO2,7,19,11
India,Maharashtra,Chandrapur,"Chauhan Colony, Chandrapur - MPCB",09-06-2024 03:00:00,19.962900,79.298714,CO,25,28,26
India,Maharashtra,Dhule,"Deopur, Dhule - MPCB",09-06-2024 03:00:00,20.918946,74.776388,PM2.5,57,311,153
India,Maharashtra,Jalgaon,"Prabhat Colony, Jalgaon - MPCB",09-06-2024 03:00:00,21.001264,75.565602,NO2,8,33,17
India,Maharashtra,Jalgaon,"Prabhat Colony, Jalgaon - MPCB",09-06-2024 03:00:00,21.001264,75.565602,NH3,5,10,7
India,Maharashtra,Jalgaon,"Prabhat Colony, Jalgaon - MPCB",09-06-2024 03:00:00,21.001264,75.565602,CO,9,20,15
India,Maharashtra,Jalgaon,"Prabhat Colony, Jalgaon - MPCB",09-06-2024 03:00:00,21.001264,75.565602,OZONE,15,100,27
India,Maharashtra,Jalna,"Old MIDC, Jalna - MPCB",09-06-2024 03:00:00,19.854616,75.905894,PM10,18,102,52
India,Maharashtra,Jalna,"Old MIDC, Jalna - MPCB",09-06-2024 03:00:00,19.854616,75.905894,NH3,1,1,1
India,Maharashtra,Kalyan,"Khadakpada, Kalyan - MPCB",09-06-2024 03:00:00,19.25292,73.142019,PM2.5,7,25,16
India,Maharashtra,Kalyan,"Khadakpada, Kalyan - MPCB",09-06-2024 03:00:00,19.25292,73.142019,SO2,17,26,21
India,Maharashtra,Kolhapur,"Shivaji University, Kolhapur - MPCB",09-06-2024 03:00:00,16.6870449,74.2505872,OZONE,34,90,62
India,Maharashtra,Kolhapur,"Sinchan Bhavan, Kolhapur - MPCB",09-06-2024 03:00:00,16.7143745,74.2426398,SO2,1,3,2
India,Maharashtra,Latur,"Sawe Wadi, Latur - MPCB",09-06-2024 03:00:00,18.39963,76.57452,NO2,4,62,19
India,Maharashtra,Mahad,"Kamble Tarf Birwadi, Mahad - MPCB",09-06-2024 03:00:00,18.1023399,73.4783687,PM2.5,21,60,33
India,Maharashtra,Mumbai,"Bandra Kurla Complex, Mumbai - MPCB",09-06-2024 03:00:00,19.065931,72.862131,NO2,5,23,12
India,Maharashtra,Mumbai,"Bandra Kurla Complex, Mumbai - MPCB",09-06-2024 03:00:00,19.065931,72.862131,CO,24,36,31
India,Maharashtra,Mumbai,"Byculla, Mumbai - BMC",09-06-2024 03:00:00,18.9767,72.8380,PM2.5,5,21,12
India,Maharashtra,Mumbai,"Byculla, Mumbai - BMC",09-06-2024 03:00:00,18.9767,72.8380,NH3,1,2,2
India,Maharashtra,Mumbai,"Byculla, Mumbai - BMC",09-06-2024 03:00:00,18.9767,72.8380,OZONE,12,41,22
India,Maharashtra,Mumbai,"Chakala-Andheri East, Mumbai - IITM",09-06-2024 03:00:00,19.11074,72.86084,PM10,46,114,69
India,Maharashtra,Mumbai,"Chakala-Andheri East, Mumbai - IITM",09-06-2024 03:00:00,19.11074,72.86084,OZONE,8,55,21
India,Maharashtra,Mumbai,"Chembur, Mumbai - MPCB",09-06-2024 03:00:00,19.0364585,72.8954371,NO2,16,54,28
India,Maharashtra,Mumbai,"Chembur, Mumbai - MPCB",09-06-2024 03:00:00,19.0364585,72.8954371,OZONE,3,115,26
India,Maharashtra,Mumbai,"Chhatrapati Shivaji Intl. Airport (T2), Mumbai - MPCB",09-06-2024 03:00:00,19.10078,72.87462,PM2.5,22,55,37
India,Maharashtra,Mumbai,"Ghatkopar, Mumbai - BMC",09-06-2024 03:00:00,19.083694,72.920967,PM10,20,48,33
India,Maharashtra,Mumbai,"Kandivali East, Mumbai - MPCB",09-06-2024 03:00:00,19.205800,72.868200,PM10,21,162,61
India,Maharashtra,Mumbai,"Kandivali East, Mumbai - MPCB",09-06-2024 03:00:00,19.205800,72.868200,NO2,12,46,26
India,Maharashtra,Mumbai,"Kandivali East, Mumbai - MPCB",09-06-2024 03:00:00,19.205800,72.868200,CO,30,33,32
India,Maharashtra,Mumbai,"Kandivali West, Mumbai - BMC",09-06-2024 03:00:00,19.215859,72.831718,NH3,1,2,2
India,Maharashtra,Mumbai,"Kherwadi_Bandra East, Mumbai - MPCB",09-06-2024 03:00:00,19.0632143,72.8456324,CO,8,28,15
India,Maharashtra,Mumbai,"Khindipada-Bhandup West, Mumbai - IITM",09-06-2024 03:00:00,19.1653323,72.922099,CO,32,50,46
India,Maharashtra,Mumbai,"Mindspace-Malad West, Mumbai - MPCB",09-06-2024 03:00:00,19.1878657,72.8304069,PM2.5,21,60,40
India,Maharashtra,Mumbai,"Mindspace-Malad West, Mumbai - MPCB",09-06-2024 03:00:00,19.1878657,72.8304069,NH3,5,8,8
India,Maharashtra,Mumbai,"Navy Nagar-Colaba, Mumbai - IITM",09-06-2024 03:00:00,18.897756,72.813320,SO2,1,6,3
India,Maharashtra,Mumbai,"Powai, Mumbai - MPCB",09-06-2024 03:00:00,19.137500,72.915056,PM2.5,13,34,21
India,Maharashtra,Mumbai,"Powai, Mumbai - MPCB",09-06-2024 03:00:00,19.137500,72.915056,PM10,26,80,53
India,Maharashtra,Mumbai,"Sewri, Mumbai - BMC",09-06-2024 03:00:00,19.000084,72.856730,OZONE,18,50,26
India,Maharashtra,Mumbai,"Sion, Mumbai - MPCB",09-06-2024 03:00:00,19.047000,72.874600,PM10,41,78,62
India,Maharashtra,Mumbai,"Sion, Mumbai - MPCB",09-06-2024 03:00:00,19.047000,72.874600,SO2,25,26,25
India,Maharashtra,Mumbai,"Vasai West, Mumbai - MPCB",09-06-2024 03:00:00,19.383200,72.820400,PM2.5,NA,NA,NA
India,Maharashtra,Mumbai,"Vasai West, Mumbai - MPCB",09-06-2024 03:00:00,19.383200,72.820400,NO2,25,85,33
India,Maharashtra,Mumbai,"Vasai West, Mumbai - MPCB",09-06-2024 03:00:00,19.383200,72.820400,CO,11,30,16
India,Maharashtra,Mumbai,"Vile Parle West, Mumbai - MPCB",09-06-2024 03:00:00,19.10861,72.83622,PM10,NA,NA,NA
India,Maharashtra,Mumbai,"Worli, Mumbai - MPCB",09-06-2024 03:00:00,18.9936162,72.8128113,PM10,NA,NA,NA
India,Maharashtra,Mumbai,"Worli, Mumbai - MPCB",09-06-2024 03:00:00,18.9936162,72.8128113,NO2,13,13,13
India,Maharashtra,Nagpur,"Ambazari, Nagpur - MPCB",09-06-2024 03:00:00,21.121801,79.04952,NO2,6,52,20
India,Maharashtra,Nagpur,"Ambazari, Nagpur - MPCB",09-06-2024 03:00:00,21.121801,79.04952,CO,13,71,33
India,Maharashtra,Nagpur,"Mahal, Nagpur - MPCB",09-06-2024 03:00:00,21.14472,79.107595,SO2,7,22,13
India,Maharashtra,Nagpur,"Mahal, Nagpur - MPCB",09-06-2024 03:00:00,21.14472,79.107595,OZONE,4,57,4
India,Maharashtra,Nagpur,"Opp GPO Civil Lines, Nagpur - MPCB",09-06-2024 03:00:00,21.152875,79.0517531,PM2.5,30,149,75
India,Maharashtra,Nagpur,"Opp GPO Civil Lines, Nagpur - MPCB",09-06-2024 03:00:00,21.152875,79.0517531,PM10,38,116,75
India,Maharashtra,Nanded,"Sneh Nagar, Nanded - MPCB",09-06-2024 03:00:00,19.173852,77.296291,PM2.5,6,45,25
India,Maharashtra,Nanded,"Sneh Nagar, Nanded - MPCB",09-06-2024 03:00:00,19.173852,77.296291,NO2,21,35,25
India,Maharashtra,Nashik,"Hirawadi, Nashik - MPCB",09-06-2024 03:00:00,20.021503,73.813844,NO2,12,50,26
India,Maharashtra,Nashik,"Hirawadi, Nashik - MPCB",09-06-2024 03:00:00,20.021503,73.813844,NH3,3,5,4
India,Maharashtra,Nashik,"Hirawadi, Nashik - MPCB",09-06-2024 03:00:00,20.021503,73.813844,SO2,5,28,21
India,Maharashtra,Nashik,"Hirawadi, Nashik - MPCB",09-06-2024 03:00:00,20.021503,73.813844,OZONE,22,93,43
India,Maharashtra,Nashik,"MIDC Ambad, Nashik - MPCB",09-06-2024 03:00:00,19.950220,73.731480,NO2,2,10,5
India,Maharashtra,Nashik,"MIDC Ambad, Nashik - MPCB",09-06-2024 03:00:00,19.950220,73.731480,NH3,1,5,4
India,Maharashtra,Nashik,"MIDC Ambad, Nashik - MPCB",09-06-2024 03:00:00,19.950220,73.731480,OZONE,12,51,36
India,Maharashtra,Navi Mumbai,"Kopripada-Vashi, Navi Mumbai - MPCB",09-06-2024 03:00:00,19.090337,73.014232,PM2.5,9,26,18
India,Maharashtra,Navi Mumbai,"Kopripada-Vashi, Navi Mumbai - MPCB",09-06-2024 03:00:00,19.090337,73.014232,NO2,11,31,21
India,Maharashtra,Navi Mumbai,"Sanpada, Navi Mumbai - MPCB",09-06-2024 03:00:00,19.0575752,73.0151367,CO,8,16,12
India,Maharashtra,Navi Mumbai,"Sanpada, Navi Mumbai - MPCB",09-06-2024 03:00:00,19.0575752,73.0151367,OZONE,17,104,29
India,Maharashtra,Navi Mumbai,"Sector-2E Kalamboli, Navi Mumbai - MPCB",09-06-2024 03:00:00,19.02579,73.10297,PM2.5,18,87,52
India,Maharashtra,Navi Mumbai,"Sector-2E Kalamboli, Navi Mumbai - MPCB",09-06-2024 03:00:00,19.02579,73.10297,NO2,11,30,20
India,Maharashtra,Navi Mumbai,"Sector-2E Kalamboli, Navi Mumbai - MPCB",09-06-2024 03:00:00,19.02579,73.10297,CO,4,23,14
India,Maharashtra,Navi Mumbai,"Sector-2E Kalamboli, Navi Mumbai - MPCB",09-06-2024 03:00:00,19.02579,73.10297,OZONE,3,49,15
India,Maharashtra,Pimpri-Chinchwad,"Gavalinagar, Pimpri Chinchwad - MPCB",09-06-2024 03:00:00,18.63673,73.82487,NO2,1,33,10
India,Maharashtra,Pimpri-Chinchwad,"Gavalinagar, Pimpri Chinchwad - MPCB",09-06-2024 03:00:00,18.63673,73.82487,SO2,1,3,1
India,Maharashtra,Pimpri-Chinchwad,"Gavalinagar, Pimpri Chinchwad - MPCB",09-06-2024 03:00:00,18.63673,73.82487,CO,10,32,20
India,Maharashtra,Pune,"Hadapsar, Pune - IITM",09-06-2024 03:00:00,18.501793,73.927532,OZONE,10,39,17
India,Maharashtra,Pune,"Karve Road, Pune - MPCB",09-06-2024 03:00:00,18.5011743,73.8165527,PM10,2,103,38
India,Maharashtra,Pune,"Mhada Colony, Pune - IITM",09-06-2024 03:00:00,18.573040,73.927715,PM10,33,132,76
India,Maharashtra,Pune,"Transport Nagar-Nigdi, Pune - IITM",09-06-2024 03:00:00,18.664282,73.763966,PM2.5,NA,NA,NA
India,Maharashtra,Pune,"Transport Nagar-Nigdi, Pune - IITM",09-06-2024 03:00:00,18.664282,73.763966,NO2,NA,NA,NA
India,Maharashtra,Sangli,"Vijay Nagar, Sangli - MPCB",09-06-2024 03:00:00, 16.5038,74.3623,PM10,10,62,32
India,Maharashtra,Sangli,"Vijay Nagar, Sangli - MPCB",09-06-2024 03:00:00, 16.5038,74.3623,OZONE,17,60,45
India,Maharashtra,Solapur,"Dnyaneshwar Nagar, Solapur - MPCB",09-06-2024 03:00:00,17.6336264,75.9132495,PM10,7,58,28
India,Maharashtra,Solapur,"Solapur, Solapur - MPCB",09-06-2024 03:00:00,17.6599188,75.9063906,PM10,71,102,89
India,Maharashtra,Thane,"Pimpleshwar Mandir, Thane - MPCB",09-06-2024 03:00:00,19.192056,72.9585188,SO2,1,9,3
India,Maharashtra,Thane,"Upvan Fort, Thane - MPCB",09-06-2024 03:00:00,19.222279,72.957979,PM2.5,9,50,24
India,Maharashtra,Virar,"Bolinj, Virar - MPCB",09-06-2024 03:00:00,19.4458210,72.7988231,PM10,23,60,46
India,Maharashtra,Virar,"Bolinj, Virar - MPCB",09-06-2024 03:00:00,19.4458210,72.7988231,SO2,4,6,5
India,Manipur,Imphal,"Manipur University, Imphal - Manipur PCB",09-06-2024 03:00:00,24.7524239,93.9286218,NO2,6,8,8
India,Manipur,Imphal,"Manipur University, Imphal - Manipur PCB",09-06-2024 03:00:00,24.7524239,93.9286218,NH3,1,2,1
India,Manipur,Imphal,"Manipur University, Imphal - Manipur PCB",09-06-2024 03:00:00,24.7524239,93.9286218,OZONE,1,35,8
India,Meghalaya,Shillong,"Lumpyngngad, Shillong - Meghalaya PCB",09-06-2024 03:00:00,25.5586,91.8985,PM10,NA,NA,NA
India,Meghalaya,Shillong,"Lumpyngngad, Shillong - Meghalaya PCB",09-06-2024 03:00:00,25.5586,91.8985,OZONE,4,56,30
India,Nagaland,Kohima,"PWD Juction, Kohima - NPCB",09-06-2024 03:00:00,25.6635413,94.0989878,PM2.5,1,81,52
India,Nagaland,Kohima,"PWD Juction, Kohima - NPCB",09-06-2024 03:00:00,25.6635413,94.0989878,PM10,54,81,65
India,Nagaland,Kohima,"PWD Juction, Kohima - NPCB",09-06-2024 03:00:00,25.6635413,94.0989878,NH3,1,1,1
India,Odisha,Angul,"Hakimapada, Angul - OSPCB",09-06-2024 03:00:00,20.832874,85.104082,NO2,2,22,9
India,Odisha,Angul,"Hakimapada, Angul - OSPCB",09-06-2024 03:00:00,20.832874,85.104082,OZONE,10,89,55
India,Odisha,Balasore,"Kalidaspur, Balasore - OSPCB",09-06-2024 03:00:00,21.51161,86.89088,NO2,6,27,13
India,Odisha,Balasore,"Kalidaspur, Balasore - OSPCB",09-06-2024 03:00:00,21.51161,86.89088,SO2,14,41,23
India,Odisha,Barbil,"Forest Office, Barbil - OSPCB",09-06-2024 03:00:00,22.1166054,85.3945546,NO2,7,13,9
India,Odisha,Baripada,"Meher Colony, Baripada - OSPCB",09-06-2024 03:00:00,21.941841,86.728318,NO2,NA,NA,NA
India,Odisha,Bhubaneswar,"Lingraj Mandir, Bhubaneswar - OSPCB",09-06-2024 03:00:00,20.240790,85.836784,PM2.5,8,40,25
India,Odisha,Bhubaneswar,"Lingraj Mandir, Bhubaneswar - OSPCB",09-06-2024 03:00:00,20.240790,85.836784,OZONE,28,71,40
India,Odisha,Bhubaneswar,"Patia, Bhubaneswar - OSPCB",09-06-2024 03:00:00,20.34652,85.81630,PM2.5,5,50,29
India,Odisha,Bhubaneswar,"Patia, Bhubaneswar - OSPCB",09-06-2024 03:00:00,20.34652,85.81630,NO2,6,21,12
India,Odisha,Bhubaneswar,"Patia, Bhubaneswar - OSPCB",09-06-2024 03:00:00,20.34652,85.81630,CO,17,28,21
India,Odisha,Bileipada,"Tata Township, Bileipada - OSPCB",09-06-2024 03:00:00,22.06156703,85.47409613,CO,14,40,28
India,Odisha,Brajrajnagar,"GM Office, Brajrajnagar - OSPCB",09-06-2024 03:00:00,21.8004996,83.8396977,NO2,21,36,23
India,Odisha,Byasanagar,"Ferro Chrome Colony, Byasanagar - OSPCB",09-06-2024 03:00:00,20.94185,86.11510,PM2.5,NA,NA,NA
India,Odisha,Byasanagar,"Ferro Chrome Colony, Byasanagar - OSPCB",09-06-2024 03:00:00,20.94185,86.11510,CO,NA,NA,NA
India,Odisha,Keonjhar,"Jagamohanpur, Keonjhar - OSPCB",09-06-2024 03:00:00,21.643900,85.599355,PM2.5,29,70,51
India,Odisha,Keonjhar,"Jagamohanpur, Keonjhar - OSPCB",09-06-2024 03:00:00,21.643900,85.599355,PM10,40,107,73
India,Odisha,Rairangpur,"Divisional Forest Office, Rairangpur - OSPCB",09-06-2024 03:00:00,22.265816,86.174829,PM10,20,111,79
India,Odisha,Rourkela,"Fertilizer Township, Rourkela - OSPCB",09-06-2024 03:00:00,22.18972222,84.86277778,PM10,61,139,106
India,Odisha,Rourkela,"Fertilizer Township, Rourkela - OSPCB",09-06-2024 03:00:00,22.18972222,84.86277778,SO2,11,15,13
India,Odisha,Rourkela,"Sector-2, Rourkela - OSPCB",09-06-2024 03:00:00,22.24500000,84.88111111,NO2,32,44,33
India,Odisha,Suakati,"OMC Colony, Suakati - OSPCB",09-06-2024 03:00:00,21.606865,85.510538,PM10,47,90,77
India,Odisha,Suakati,"OMC Colony, Suakati - OSPCB",09-06-2024 03:00:00,21.606865,85.510538,NH3,4,4,4
India,Odisha,Suakati,"OMC Colony, Suakati - OSPCB",09-06-2024 03:00:00,21.606865,85.510538,CO,14,18,17
India,Odisha,Suakati,"OMC Colony, Suakati - OSPCB",09-06-2024 03:00:00,21.606865,85.510538,OZONE,46,137,74
India,Odisha,Talcher,"Talcher Coalfields,Talcher - OSPCB",09-06-2024 03:00:00,20.9360711,85.1707021,NO2,19,22,20
India,Odisha,Tensa,"Barsua Iron Ore Mines, Tensa - OSPCB",09-06-2024 03:00:00,21.869985,85.167016,NH3,3,4,4
India,Puducherry,Puducherry,"Jawahar Nagar, Puducherry - PPCC",09-06-2024 03:00:00,11.9309,79.8027,NO2,4,29,9
India,Puducherry,Puducherry,"Jawahar Nagar, Puducherry - PPCC",09-06-2024 03:00:00,11.9309,79.8027,CO,16,33,20
India,Punjab,Bathinda,"Hardev Nagar, Bathinda - PPCB",09-06-2024 03:00:00,30.233011,74.907758,PM10,64,155,97
India,Punjab,Bathinda,"Hardev Nagar, Bathinda - PPCB",09-06-2024 03:00:00,30.233011,74.907758,SO2,1,70,27
India,Punjab,Bathinda,"Hardev Nagar, Bathinda - PPCB",09-06-2024 03:00:00,30.233011,74.907758,CO,5,107,57
India,Punjab,Khanna,"Kalal Majra, Khanna - PPCB",09-06-2024 03:00:00,30.736056 ,76.209694,NO2,32,33,32
India,Punjab,Mandi Gobindgarh,"RIMT University, Mandi Gobindgarh - PPCB",09-06-2024 03:00:00,30.649961,76.331442,PM10,101,433,218
India,Punjab,Mandi Gobindgarh,"RIMT University, Mandi Gobindgarh - PPCB",09-06-2024 03:00:00,30.649961,76.331442,NO2,1,26,22
India,Punjab,Patiala,"Model Town, Patiala - PPCB",09-06-2024 03:00:00,30.349388,76.366642,CO,17,30,25
India,Punjab,Rupnagar,"Ratanpura, Rupnagar - Ambuja Cements",09-06-2024 03:00:00,31.0325454,76.5623046,PM10,71,319,147
India,Rajasthan,Ajmer,"Civil Lines,  Ajmer - RSPCB",09-06-2024 03:00:00,26.470859,74.646594,PM2.5,60,238,147
India,Rajasthan,Ajmer,"Civil Lines,  Ajmer - RSPCB",09-06-2024 03:00:00,26.470859,74.646594,CO,6,47,26
India,Rajasthan,Alwar,"Moti Doongri, Alwar - RSPCB",09-06-2024 03:00:00,27.554793,76.611536,NO2,24,38,29
India,Rajasthan,Alwar,"Moti Doongri, Alwar - RSPCB",09-06-2024 03:00:00,27.554793,76.611536,SO2,18,50,30
India,Rajasthan,Banswara,"Rati Talai, Banswara - RSPCB",09-06-2024 03:00:00,23.555190,74.440010,NO2,7,37,14
India,Rajasthan,Banswara,"Rati Talai, Banswara - RSPCB",09-06-2024 03:00:00,23.555190,74.440010,SO2,1,10,5
India,Rajasthan,Banswara,"Rati Talai, Banswara - RSPCB",09-06-2024 03:00:00,23.555190,74.440010,OZONE,29,129,100
India,Rajasthan,Barmer,"Railway Colony, Barmer - RSPCB",09-06-2024 03:00:00,25.747299,71.393989,CO,1,18,10
India,Rajasthan,Barmer,"Railway Colony, Barmer - RSPCB",09-06-2024 03:00:00,25.747299,71.393989,OZONE,16,84,64
India,Rajasthan,Bhiwadi,"RIICO Ind. Area III, Bhiwadi - RSPCB",09-06-2024 03:00:00,28.194909,76.862296,PM10,133,500,242
India,Rajasthan,Bhiwadi,"RIICO Ind. Area III, Bhiwadi - RSPCB",09-06-2024 03:00:00,28.194909,76.862296,SO2,7,17,12
India,Rajasthan,Bhiwadi,"Vasundhara Nagar_UIT, Bhiwadi - RSPCB",09-06-2024 03:00:00,28.207266,76.829265,NH3,7,13,10
India,Rajasthan,Bikaner,"MM Ground, Bikaner - RSPCB",09-06-2024 03:00:00,28.018792,73.292658,OZONE,23,90,71
India,Rajasthan,Bundi,"New Colony, Bundi - RSPCB",09-06-2024 03:00:00,25.435774,75.644272,NO2,5,20,10
India,Rajasthan,Chittorgarh,"Shastri Nagar, Chittorgarh - RSPCB",09-06-2024 03:00:00,24.892047,74.623527,PM2.5,48,137,80
India,Rajasthan,Chittorgarh,"Shastri Nagar, Chittorgarh - RSPCB",09-06-2024 03:00:00,24.892047,74.623527,OZONE,25,117,54
India,Rajasthan,Dausa,"Khatikan Mohalla, Dausa - RSPCB",09-06-2024 03:00:00,26.895552,76.334753,PM2.5,47,346,136
India,Rajasthan,Dausa,"Khatikan Mohalla, Dausa - RSPCB",09-06-2024 03:00:00,26.895552,76.334753,SO2,3,5,4
India,Rajasthan,Dholpur,"Raja Ganj, Dholpur - RSPCB",09-06-2024 03:00:00,26.699557,77.898881,NO2,3,251,30
India,Rajasthan,Dholpur,"Raja Ganj, Dholpur - RSPCB",09-06-2024 03:00:00,26.699557,77.898881,CO,4,33,25
India,Rajasthan,Dungarpur,"Bhoiwada, Dungarpur - RSPCB",09-06-2024 03:00:00,23.837789,73.714926,NH3,1,2,2
India,Rajasthan,Dungarpur,"Bhoiwada, Dungarpur - RSPCB",09-06-2024 03:00:00,23.837789,73.714926,CO,4,54,36
India,Rajasthan,Hanumangarh,"Housing Board, Hanumangarh - RSPCB",09-06-2024 03:00:00,29.610750,74.283608,PM10,81,227,137
India,Rajasthan,Jaipur,"Adarsh Nagar, Jaipur - RSPCB",09-06-2024 03:00:00,26.902909,75.836858,NO2,28,128,57
India,Rajasthan,Jaipur,"Mansarovar Sector-12, Jaipur - RSPCB",09-06-2024 03:00:00,26.843698,75.766894,SO2,4,13,7
India,Rajasthan,Jaipur,"Police Commissionerate, Jaipur - RSPCB",09-06-2024 03:00:00,26.9164092,75.7994901,PM2.5,65,430,204
India,Rajasthan,Jaipur,"Sector-2 Murlipura, Jaipur - RSPCB",09-06-2024 03:00:00,26.960669,75.771817,NH3,1,8,3
India,Rajasthan,Jaipur,"Sector-2 Murlipura, Jaipur - RSPCB",09-06-2024 03:00:00,26.960669,75.771817,CO,20,77,51
India,Rajasthan,Jaisalmer,"Sadar Bazar, Jaisalmer - RSPCB",09-06-2024 03:00:00,26.912329,70.909168,PM10,NA,NA,NA
India,Rajasthan,Jalore,"Mudtra Sili, Jalore - RSPCB",09-06-2024 03:00:00,25.344694,72.626208,NO2,4,28,11
India,Rajasthan,Jalore,"Mudtra Sili, Jalore - RSPCB",09-06-2024 03:00:00,25.344694,72.626208,NH3,4,7,5
India,Rajasthan,Jalore,"Mudtra Sili, Jalore - RSPCB",09-06-2024 03:00:00,25.344694,72.626208,OZONE,42,93,61
India,Rajasthan,Jhunjhunu,"Indra Nagar, Jhunjhunu - RSPCB",09-06-2024 03:00:00,28.108988,75.386577,NO2,11,30,18
India,Rajasthan,Jhunjhunu,"Indra Nagar, Jhunjhunu - RSPCB",09-06-2024 03:00:00,28.108988,75.386577,SO2,3,5,4
India,Rajasthan,Jhunjhunu,"Indra Nagar, Jhunjhunu - RSPCB",09-06-2024 03:00:00,28.108988,75.386577,CO,12,22,20
India,Rajasthan,Jhunjhunu,"Indra Nagar, Jhunjhunu - RSPCB",09-06-2024 03:00:00,28.108988,75.386577,OZONE,56,130,98
India,Rajasthan,Jodhpur,"Jhalamand, Jodhpur - RSPCB",09-06-2024 03:00:00,26.215415,73.070156,PM2.5,25,256,49
India,Rajasthan,Jodhpur,"Samrat Ashok Udhyan, Jodhpur - RSPCB",09-06-2024 03:00:00,26.253384,72.976571,NO2,1,31,9
India,Rajasthan,Jodhpur,"Samrat Ashok Udhyan, Jodhpur - RSPCB",09-06-2024 03:00:00,26.253384,72.976571,NH3,2,5,3
India,Rajasthan,Kota,"Shrinath Puram, Kota - RSPCB",09-06-2024 03:00:00,25.14389,75.821256,PM10,40,105,78
India,Rajasthan,Kota,"Shrinath Puram, Kota - RSPCB",09-06-2024 03:00:00,25.14389,75.821256,OZONE,26,107,54
India,Rajasthan,Nagaur,"Karni Colony, Nagaur - RSPCB",09-06-2024 03:00:00,27.213494,73.734444,PM10,43,195,107
India,Rajasthan,Nagaur,"Karni Colony, Nagaur - RSPCB",09-06-2024 03:00:00,27.213494,73.734444,OZONE,45,71,55
India,Rajasthan,Pali,"Indira Colony Vistar, Pali - RSPCB",09-06-2024 03:00:00,25.771061, 73.340227,PM2.5,80,394,216
India,Rajasthan,Pali,"Indira Colony Vistar, Pali - RSPCB",09-06-2024 03:00:00,25.771061, 73.340227,SO2,5,10,8
India,Rajasthan,Pratapgarh,"Pragati Nagar, Pratapgarh - RSPCB",09-06-2024 03:00:00,24.041198,74.780702,PM2.5,9,36,21
India,Rajasthan,Pratapgarh,"Pragati Nagar, Pratapgarh - RSPCB",09-06-2024 03:00:00,24.041198,74.780702,NO2,10,28,18
India,Rajasthan,Rajsamand,"Dhoinda, Rajsamand - RSPCB",09-06-2024 03:00:00,25.036360,73.883502,NH3,1,5,2
India,Rajasthan,Sawai Madhopur,"Sahu Nagar, Sawai Madhopur - RSPCB",09-06-2024 03:00:00,26.031443,76.359327,NH3,3,8,5
India,Rajasthan,Sawai Madhopur,"Sahu Nagar, Sawai Madhopur - RSPCB",09-06-2024 03:00:00,26.031443,76.359327,SO2,3,7,5
India,Rajasthan,Sirohi,"Vedhaynath Colony, Sirohi - RSPCB",09-06-2024 03:00:00,24.885261,72.857549,NO2,2,17,6
India,Rajasthan,Sirohi,"Vedhaynath Colony, Sirohi - RSPCB",09-06-2024 03:00:00,24.885261,72.857549,NH3,5,22,11
India,Rajasthan,Sirohi,"Vedhaynath Colony, Sirohi - RSPCB",09-06-2024 03:00:00,24.885261,72.857549,OZONE,24,87,48
India,Rajasthan,Tonk,"Shastri Nagar, Tonk - RSPCB",09-06-2024 03:00:00,26.159933,75.780517,NO2,7,59,17
India,Rajasthan,Tonk,"Shastri Nagar, Tonk - RSPCB",09-06-2024 03:00:00,26.159933,75.780517,SO2,1,107,13
India,Rajasthan,Tonk,"Shastri Nagar, Tonk - RSPCB",09-06-2024 03:00:00,26.159933,75.780517,OZONE,12,150,54
India,Rajasthan,Udaipur,"Ashok Nagar, Udaipur - RSPCB",09-06-2024 03:00:00,24.5886166,73.6321397,PM2.5,28,190,86
India,Sikkim,Gangtok,"Zero Point GICI, Gangtok - SSPCB",09-06-2024 03:00:00,27.338530,88.614099,PM2.5,11,22,17
India,Sikkim,Gangtok,"Zero Point GICI, Gangtok - SSPCB",09-06-2024 03:00:00,27.338530,88.614099,SO2,12,13,12
India,TamilNadu,Ariyalur,"Keelapalur, Ariyalur - TNPCB",09-06-2024 03:00:00,11.06825,79.07033,PM2.5,NA,NA,NA
India,TamilNadu,Chennai,"Alandur Bus Depot, Chennai - CPCB",09-06-2024 03:00:00,12.9099161,80.1076538,PM2.5,23,23,23
India,TamilNadu,Chennai,"Alandur Bus Depot, Chennai - CPCB",09-06-2024 03:00:00,12.9099161,80.1076538,OZONE,1,10,6
India,TamilNadu,Chennai,"Arumbakkam, Chennai - TNPCB",09-06-2024 03:00:00,13.0664,80.2112 ,PM10,16,69,46
India,TamilNadu,Chennai,"Arumbakkam, Chennai - TNPCB",09-06-2024 03:00:00,13.0664,80.2112 ,SO2,5,24,13
India,TamilNadu,Chennai,"Kodungaiyur, Chennai - TNPCB",09-06-2024 03:00:00,13.1278,80.2642,NH3,3,4,4
India,TamilNadu,Chennai,"Manali, Chennai - CPCB",09-06-2024 03:00:00,13.164544,80.26285,SO2,4,9,5
India,TamilNadu,Chennai,"Perungudi, Chennai - TNPCB",09-06-2024 03:00:00,12.9533,80.2357,PM10,3,76,39
India,TamilNadu,Chennai,"Perungudi, Chennai - TNPCB",09-06-2024 03:00:00,12.9533,80.2357,NO2,2,7,5
India,TamilNadu,Chennai,"Perungudi, Chennai - TNPCB",09-06-2024 03:00:00,12.9533,80.2357,NH3,2,3,3
India,TamilNadu,Chennai,"Perungudi, Chennai - TNPCB",09-06-2024 03:00:00,12.9533,80.2357,CO,22,74,34
India,TamilNadu,Chennai,"Royapuram, Chennai - TNPCB",09-06-2024 03:00:00,13.1036,80.2909,PM2.5,NA,NA,NA
India,TamilNadu,Chennai,"Royapuram, Chennai - TNPCB",09-06-2024 03:00:00,13.1036,80.2909,PM10,NA,NA,NA
India,TamilNadu,Chennai,"Royapuram, Chennai - TNPCB",09-06-2024 03:00:00,13.1036,80.2909,NH3,NA,NA,NA
India,TamilNadu,Chennai,"Royapuram, Chennai - TNPCB",09-06-2024 03:00:00,13.1036,80.2909,CO,27,48,27
India,TamilNadu,Coimbatore,"PSG College of Arts and Science, Coimbatore - TNPCB",09-06-2024 03:00:00,11.0328,77.0349,PM2.5,8,30,15
India,TamilNadu,Cuddalore,"Semmandalam, Cuddalore - TNPCB",09-06-2024 03:00:00,11.7637683,79.7499835,PM2.5,10,26,17
India,TamilNadu,Cuddalore,"Semmandalam, Cuddalore - TNPCB",09-06-2024 03:00:00,11.7637683,79.7499835,PM10,8,20,13
India,TamilNadu,Cuddalore,"Semmandalam, Cuddalore - TNPCB",09-06-2024 03:00:00,11.7637683,79.7499835,NO2,28,38,32
India,TamilNadu,Cuddalore,"Semmandalam, Cuddalore - TNPCB",09-06-2024 03:00:00,11.7637683,79.7499835,OZONE,2,2,2
India,TamilNadu,Gummidipoondi,"Anthoni Pillai Nagar, Gummidipoondi - TNPCB",09-06-2024 03:00:00,13.4127,80.1081,PM2.5,22,359,70
India,TamilNadu,Gummidipoondi,"Anthoni Pillai Nagar, Gummidipoondi - TNPCB",09-06-2024 03:00:00,13.4127,80.1081,PM10,36,216,85
India,TamilNadu,Gummidipoondi,"Anthoni Pillai Nagar, Gummidipoondi - TNPCB",09-06-2024 03:00:00,13.4127,80.1081,SO2,1,34,7
India,TamilNadu,Ramanathapuram,"Chalai Bazaar, Ramanathapuram - TNPCB",09-06-2024 03:00:00,9.36399,78.831977,CO,2,6,3
India,TamilNadu,Salem,"Sona College of Technology, Salem - TNPCB",09-06-2024 03:00:00,11.679111,78.125052,NO2,1,5,3
India,TamilNadu,Tirupur,"Kumaran College, Tirupur - TNPCB",09-06-2024 03:00:00,11.0973603,77.3228673,PM10,4,89,27
India,TamilNadu,Tirupur,"Kumaran College, Tirupur - TNPCB",09-06-2024 03:00:00,11.0973603,77.3228673,NO2,3,11,7
India,TamilNadu,Tirupur,"Kumaran College, Tirupur - TNPCB",09-06-2024 03:00:00,11.0973603,77.3228673,SO2,17,18,18
India,Telangana,Hyderabad,"Bollaram Industrial Area, Hyderabad - TSPCB",09-06-2024 03:00:00,17.540891,78.358528,NO2,21,47,28
India,Telangana,Hyderabad,"IITH Kandi, Hyderabad - TSPCB",09-06-2024 03:00:00,17.585705,78.126199,NO2,9,14,11
India,Telangana,Hyderabad,"IITH Kandi, Hyderabad - TSPCB",09-06-2024 03:00:00,17.585705,78.126199,NH3,5,7,6
India,Telangana,Hyderabad,"IITH Kandi, Hyderabad - TSPCB",09-06-2024 03:00:00,17.585705,78.126199,CO,6,24,11
India,Telangana,Hyderabad,"Kokapet, Hyderabad - TSPCB",09-06-2024 03:00:00,17.393559,78.339194,OZONE,1,2,1
India,Telangana,Hyderabad,"Kompally Municipal Office, Hyderabad - TSPCB",09-06-2024 03:00:00,17.544899,78.486949,SO2,10,32,17
India,Telangana,Hyderabad,"Nacharam_TSIIC IALA, Hyderabad - TSPCB",09-06-2024 03:00:00,17.429398,78.569354,PM10,57,73,63
India,Telangana,Hyderabad,"Nacharam_TSIIC IALA, Hyderabad - TSPCB",09-06-2024 03:00:00,17.429398,78.569354,NO2,12,18,16
India,Telangana,Hyderabad,"Ramachandrapuram, Hyderabad - TSPCB",09-06-2024 03:00:00,17.528544,78.286195,PM2.5,43,46,45
India,Telangana,Hyderabad,"Ramachandrapuram, Hyderabad - TSPCB",09-06-2024 03:00:00,17.528544,78.286195,PM10,69,76,74
India,Telangana,Hyderabad,"Ramachandrapuram, Hyderabad - TSPCB",09-06-2024 03:00:00,17.528544,78.286195,NO2,9,12,11
India,Telangana,Hyderabad,"Ramachandrapuram, Hyderabad - TSPCB",09-06-2024 03:00:00,17.528544,78.286195,NH3,3,4,4
India,Telangana,Hyderabad,"Ramachandrapuram, Hyderabad - TSPCB",09-06-2024 03:00:00,17.528544,78.286195,SO2,12,12,12
India,Telangana,Hyderabad,"Ramachandrapuram, Hyderabad - TSPCB",09-06-2024 03:00:00,17.528544,78.286195,OZONE,24,92,38
India,Telangana,Hyderabad,"Sanathnagar, Hyderabad - TSPCB",09-06-2024 03:00:00,17.4559458,78.4332152,SO2,3,11,8
India,Telangana,Hyderabad,"Sanathnagar, Hyderabad - TSPCB",09-06-2024 03:00:00,17.4559458,78.4332152,CO,28,54,44
India,Telangana,Hyderabad,"Zoo Park, Hyderabad - TSPCB",09-06-2024 03:00:00,17.349694,78.451437,PM2.5,2,129,25
India,Tripura,Agartala,"Bardowali, Agartala - Tripura SPCB",09-06-2024 03:00:00,23.8175497,91.2726974,NH3,1,1,1
India,Uttar_Pradesh,Agra,"Manoharpur, Agra - UPPCB",09-06-2024 03:00:00,27.23711,78.01936,PM2.5,33,102,58
India,Uttar_Pradesh,Agra,"Manoharpur, Agra - UPPCB",09-06-2024 03:00:00,27.23711,78.01936,PM10,24,74,43
India,Uttar_Pradesh,Agra,"Rohta, Agra - UPPCB",09-06-2024 03:00:00,27.106972,78.000111,OZONE,16,18,17
India,Uttar_Pradesh,Agra,"Sanjay Palace, Agra - UPPCB",09-06-2024 03:00:00,27.19865833,78.00598056,PM2.5,17,60,39
India,Uttar_Pradesh,Agra,"Sanjay Palace, Agra - UPPCB",09-06-2024 03:00:00,27.19865833,78.00598056,CO,10,31,21
India,Uttar_Pradesh,Agra,"Sector-3B Avas Vikas Colony, Agra - UPPCB",09-06-2024 03:00:00,27.19412,77.96237,CO,6,18,13
India,Uttar_Pradesh,Agra,"Shahjahan Garden, Agra - UPPCB",09-06-2024 03:00:00,27.169338,78.03582,NH3,5,7,6
India,Uttar_Pradesh,Agra,"Shahjahan Garden, Agra - UPPCB",09-06-2024 03:00:00,27.169338,78.03582,CO,10,20,18
India,Uttar_Pradesh,Agra,"Shastripuram, Agra - UPPCB",09-06-2024 03:00:00,27.19862,77.92066,PM2.5,12,147,70
India,Uttar_Pradesh,Agra,"Shastripuram, Agra - UPPCB",09-06-2024 03:00:00,27.19862,77.92066,PM10,NA,NA,NA
India,Uttar_Pradesh,Agra,"Shastripuram, Agra - UPPCB",09-06-2024 03:00:00,27.19862,77.92066,NO2,26,44,28
India,Uttar_Pradesh,Baghpat,"Sardar Patel Inter College, Baghpat - UPPCB",09-06-2024 03:00:00,28.964949,77.278761,NH3,2,3,2
India,Uttar_Pradesh,Bareilly,"Civil Lines, Bareilly - UPPCB",09-06-2024 03:00:00,28.359581,79.414455,CO,4,24,18
India,Uttar_Pradesh,Bulandshahr,"Yamunapuram, Bulandshahr - UPPCB",09-06-2024 03:00:00,28.406963,77.849831,PM10,112,201,153
India,Uttar_Pradesh,Bulandshahr,"Yamunapuram, Bulandshahr - UPPCB",09-06-2024 03:00:00,28.406963,77.849831,CO,24,48,39
India,Uttar_Pradesh,Ghaziabad,"Indirapuram, Ghaziabad - UPPCB",09-06-2024 03:00:00,28.646233,77.358075,PM2.5,39,186,87
India,Uttar_Pradesh,Ghaziabad,"Loni, Ghaziabad - UPPCB",09-06-2024 03:00:00,28.757294,77.278792,OZONE,4,44,17
India,Uttar_Pradesh,Gorakhpur,"Madan Mohan Malaviya University of Technology, Gorakhpur - UPPCB",09-06-2024 03:00:00,26.730136,83.433859,NO2,11,11,11
India,Uttar_Pradesh,Greater Noida,"Knowledge Park - III, Greater Noida - UPPCB",09-06-2024 03:00:00,28.47272,77.482000,OZONE,19,191,48
India,Uttar_Pradesh,Greater Noida,"Knowledge Park - V, Greater Noida - UPPCB",09-06-2024 03:00:00,28.557054,77.453663,NO2,15,59,29
India,Uttar_Pradesh,Greater Noida,"Knowledge Park - V, Greater Noida - UPPCB",09-06-2024 03:00:00,28.557054,77.453663,CO,21,84,57
India,Uttar_Pradesh,Hapur,"Anand Vihar, Hapur - UPPCB",09-06-2024 03:00:00,28.725645,77.749675,PM10,107,203,142
India,Uttar_Pradesh,Hapur,"Anand Vihar, Hapur - UPPCB",09-06-2024 03:00:00,28.725645,77.749675,CO,33,58,48
India,Uttar_Pradesh,Hapur,"Anand Vihar, Hapur - UPPCB",09-06-2024 03:00:00,28.725645,77.749675,OZONE,9,35,13
India,Uttar_Pradesh,Jhansi,"Shivaji Nagar, Jhansi - UPPCB",09-06-2024 03:00:00,25.4547,78.6039,PM2.5,NA,NA,NA
India,Uttar_Pradesh,Jhansi,"Shivaji Nagar, Jhansi - UPPCB",09-06-2024 03:00:00,25.4547,78.6039,OZONE,22,75,50
India,Uttar_Pradesh,Kanpur,"FTI Kidwai Nagar, Kanpur - UPPCB",09-06-2024 03:00:00,26.428282,80.327067,PM2.5,81,283,130
India,Uttar_Pradesh,Kanpur,"FTI Kidwai Nagar, Kanpur - UPPCB",09-06-2024 03:00:00,26.428282,80.327067,CO,28,50,43
India,Uttar_Pradesh,Kanpur,"NSI Kalyanpur, Kanpur - UPPCB",09-06-2024 03:00:00,26.509954,80.249612,NH3,1,2,1
India,Uttar_Pradesh,Kanpur,"Nehru Nagar, Kanpur - UPPCB",09-06-2024 03:00:00,26.4703136,80.3229863,SO2,3,13,9
India,Uttar_Pradesh,Lucknow,"B R Ambedkar University, Lucknow - UPPCB",09-06-2024 03:00:00,26.766433,80.927299,OZONE,1,54,30
India,Uttar_Pradesh,Lucknow,"Gomti Nagar, Lucknow - UPPCB",09-06-2024 03:00:00,26.868120,81.005119,CO,40,46,43
India,Uttar_Pradesh,Lucknow,"Kendriya Vidyalaya, Lucknow - CPCB",09-06-2024 03:00:00,26.906111,80.948222,PM2.5,144,319,257
India,Uttar_Pradesh,Lucknow,"Kendriya Vidyalaya, Lucknow - CPCB",09-06-2024 03:00:00,26.906111,80.948222,NH3,3,17,12
India,Uttar_Pradesh,Lucknow,"Kendriya Vidyalaya, Lucknow - CPCB",09-06-2024 03:00:00,26.906111,80.948222,SO2,6,10,8
India,Uttar_Pradesh,Lucknow,"Kendriya Vidyalaya, Lucknow - CPCB",09-06-2024 03:00:00,26.906111,80.948222,CO,13,43,32
India,Uttar_Pradesh,Lucknow,"Lalbagh, Lucknow - CPCB",09-06-2024 03:00:00,26.8458805,80.9365541,NO2,26,27,26
India,Uttar_Pradesh,Lucknow,"Lalbagh, Lucknow - CPCB",09-06-2024 03:00:00,26.8458805,80.9365541,NH3,16,17,17
India,Uttar_Pradesh,Lucknow,"Lalbagh, Lucknow - CPCB",09-06-2024 03:00:00,26.8458805,80.9365541,SO2,1,21,11
India,Uttar_Pradesh,Lucknow,"Talkatora District Industries Center, Lucknow - CPCB",09-06-2024 03:00:00,26.83399722,80.8917361,OZONE,14,63,23
India,Uttar_Pradesh,Meerut,"Ganga Nagar, Meerut - UPPCB",09-06-2024 03:00:00,28.999264,77.7590354,SO2,16,83,36
India,Uttar_Pradesh,Meerut,"Jai Bhim Nagar, Meerut - UPPCB",09-06-2024 03:00:00,28.9535882,77.7622941,NH3,7,11,9
India,Uttar_Pradesh,Meerut,"Pallavpuram Phase 2, Meerut - UPPCB",09-06-2024 03:00:00,29.063510,77.709723,PM10,133,184,158
India,Uttar_Pradesh,Moradabad,"Buddhi Vihar, Moradabad - UPPCB",09-06-2024 03:00:00,28.83526,78.74460,NH3,3,3,3
India,Uttar_Pradesh,Moradabad,"Eco Herbal Park, Moradabad - UPPCB",09-06-2024 03:00:00,28.840739,78.697531,SO2,5,68,26
India,Uttar_Pradesh,Moradabad,"Employment Office, Moradabad - UPPCB",09-06-2024 03:00:00,28.88528,78.73880,PM2.5,35,57,44
India,Uttar_Pradesh,Moradabad,"Employment Office, Moradabad - UPPCB",09-06-2024 03:00:00,28.88528,78.73880,CO,12,28,23
India,Uttar_Pradesh,Moradabad,"Jigar Colony, Moradabad - UPPCB",09-06-2024 03:00:00,28.856664,78.772638,NH3,6,6,6
India,Uttar_Pradesh,Moradabad,"Kashiram Nagar, Moradabad - UPPCB",09-06-2024 03:00:00,28.849399,78.742362,NO2,12,13,12
India,Uttar_Pradesh,Moradabad,"Transport Nagar, Moradabad - UPPCB",09-06-2024 03:00:00,28.802625,78.753728,PM2.5,18,92,51
India,Uttar_Pradesh,Moradabad,"Transport Nagar, Moradabad - UPPCB",09-06-2024 03:00:00,28.802625,78.753728,OZONE,13,63,24
India,Uttar_Pradesh,Muzaffarnagar,"New Mandi, Muzaffarnagar - UPPCB",09-06-2024 03:00:00,29.4723508,77.7194031,PM2.5,68,188,103
India,Uttar_Pradesh,Muzaffarnagar,"New Mandi, Muzaffarnagar - UPPCB",09-06-2024 03:00:00,29.4723508,77.7194031,NH3,10,12,10
India,Uttar_Pradesh,Muzaffarnagar,"New Mandi, Muzaffarnagar - UPPCB",09-06-2024 03:00:00,29.4723508,77.7194031,CO,34,60,45
India,Uttar_Pradesh,Noida,"Sector - 125, Noida - UPPCB",09-06-2024 03:00:00,28.5447608,77.3231257,PM10,141,406,221
India,Uttar_Pradesh,Noida,"Sector - 125, Noida - UPPCB",09-06-2024 03:00:00,28.5447608,77.3231257,SO2,3,23,15
India,Uttar_Pradesh,Noida,"Sector - 125, Noida - UPPCB",09-06-2024 03:00:00,28.5447608,77.3231257,CO,33,70,50
India,Uttar_Pradesh,Noida,"Sector - 62, Noida - IMD",09-06-2024 03:00:00,28.6245479,77.3577104,CO,14,34,26
India,Uttar_Pradesh,Noida,"Sector-1, Noida - UPPCB",09-06-2024 03:00:00,28.5898,77.3101,PM2.5,39,136,69
India,Uttar_Pradesh,Noida,"Sector-1, Noida - UPPCB",09-06-2024 03:00:00,28.5898,77.3101,PM10,148,363,212
India,Uttar_Pradesh,Noida,"Sector-116, Noida - UPPCB",09-06-2024 03:00:00,28.569230,77.393848,PM10,136,395,201
India,Uttar_Pradesh,Noida,"Sector-116, Noida - UPPCB",09-06-2024 03:00:00,28.569230,77.393848,NO2,23,101,47
India,Uttar_Pradesh,Noida,"Sector-116, Noida - UPPCB",09-06-2024 03:00:00,28.569230,77.393848,NH3,7,14,10
India,Uttar_Pradesh,Noida,"Sector-116, Noida - UPPCB",09-06-2024 03:00:00,28.569230,77.393848,OZONE,23,134,55
India,Uttar_Pradesh,Prayagraj,"Motilal Nehru NIT, Prayagraj - UPPCB",09-06-2024 03:00:00,25.494,81.863,PM2.5,38,156,55
India,Uttar_Pradesh,Varanasi,"Ardhali Bazar, Varanasi - UPPCB",09-06-2024 03:00:00,25.3505986,82.9083074,PM2.5,21,65,41
India,Uttar_Pradesh,Varanasi,"Ardhali Bazar, Varanasi - UPPCB",09-06-2024 03:00:00,25.3505986,82.9083074,SO2,44,64,51
India,Uttar_Pradesh,Varanasi,"Bhelupur, Varanasi - UPPCB",09-06-2024 03:00:00,25.301778,82.996789,PM10,23,78,51
India,Uttar_Pradesh,Varanasi,"Bhelupur, Varanasi - UPPCB",09-06-2024 03:00:00,25.301778,82.996789,NH3,1,1,1
India,Uttar_Pradesh,Varanasi,"Bhelupur, Varanasi - UPPCB",09-06-2024 03:00:00,25.301778,82.996789,SO2,31,32,32
India,Uttar_Pradesh,Varanasi,"IESD Banaras Hindu University, Varanasi - UPPCB",09-06-2024 03:00:00,25.262326,82.995408,NO2,NA,NA,NA
India,Uttar_Pradesh,Varanasi,"Maldahiya, Varanasi - UPPCB",09-06-2024 03:00:00,25.32393,82.99687,CO,2,42,22
India,Uttar_Pradesh,Vrindavan,"Omex Eternity, Vrindavan - UPPCB",09-06-2024 03:00:00,27.5714090,77.6557570,NO2,12,12,12
India,Uttarakhand,Dehradun,"Doon University, Dehradun - UKPCB",09-06-2024 03:00:00,30.269444,78.044167,SO2,1,4,3
India,Uttarakhand,Kashipur,"Govt. Girls Inter College, Kashipur - UKPCB",09-06-2024 03:00:00,29.2124114,78.9611753,NH3,2,42,5
India,Uttarakhand,Rishikesh,"Shivaji Nagar, Rishikesh - UKPCB",09-06-2024 03:00:00,30.075911,78.2859547,NH3,1,4,2
India,Uttarakhand,Rishikesh,"Shivaji Nagar, Rishikesh - UKPCB",09-06-2024 03:00:00,30.075911,78.2859547,SO2,NA,NA,NA
India,Uttarakhand,Rishikesh,"Shivaji Nagar, Rishikesh - UKPCB",09-06-2024 03:00:00,30.075911,78.2859547,CO,12,32,25
India,Uttarakhand,Rishikesh,"Shivaji Nagar, Rishikesh - UKPCB",09-06-2024 03:00:00,30.075911,78.2859547,OZONE,23,139,43
India,West_Bengal,Asansol,"Asansol Court Area, Asansol - WBPCB",09-06-2024 03:00:00,23.685297,86.945968,PM2.5,90,318,220
India,West_Bengal,Asansol,"Asansol Court Area, Asansol - WBPCB",09-06-2024 03:00:00,23.685297,86.945968,NH3,11,15,12
India,West_Bengal,Asansol,"Evelyn Lodge, Asansol - WBPCB",09-06-2024 03:00:00,23.6979360,86.9443950,CO,63,88,69
India,West_Bengal,Asansol,"Evelyn Lodge, Asansol - WBPCB",09-06-2024 03:00:00,23.6979360,86.9443950,OZONE,27,114,40
India,West_Bengal,Durgapur,"PCBL Residential Complex, Durgapur - WBPCB",09-06-2024 03:00:00,23.5087640,87.3544400,NO2,NA,NA,NA
India,West_Bengal,Durgapur,"PCBL Residential Complex, Durgapur - WBPCB",09-06-2024 03:00:00,23.5087640,87.3544400,SO2,NA,NA,NA
India,West_Bengal,Durgapur,"PCBL Residential Complex, Durgapur - WBPCB",09-06-2024 03:00:00,23.5087640,87.3544400,OZONE,48,51,50
India,West_Bengal,Haldia,"Priyambada Housing Estate, Haldia - WBPCB",09-06-2024 03:00:00,22.06047,88.109737,PM2.5,11,37,24
India,West_Bengal,Haldia,"Priyambada Housing Estate, Haldia - WBPCB",09-06-2024 03:00:00,22.06047,88.109737,PM10,30,81,49
India,West_Bengal,Howrah,"Belur Math, Howrah - WBPCB",09-06-2024 03:00:00,22.629801,88.352017,PM2.5,24,60,46
India,West_Bengal,Howrah,"Belur Math, Howrah - WBPCB",09-06-2024 03:00:00,22.629801,88.352017,NO2,7,17,10
India,West_Bengal,Howrah,"Ghusuri, Howrah - WBPCB",09-06-2024 03:00:00,22.611968,88.347422,PM2.5,1,96,39
India,West_Bengal,Howrah,"Ghusuri, Howrah - WBPCB",09-06-2024 03:00:00,22.611968,88.347422,SO2,3,5,4
India,West_Bengal,Howrah,"Ghusuri, Howrah - WBPCB",09-06-2024 03:00:00,22.611968,88.347422,OZONE,19,45,23
India,West_Bengal,Howrah,"Padmapukur, Howrah - WBPCB",09-06-2024 03:00:00,22.5687319,88.2797276,PM10,69,89,79
India,West_Bengal,Howrah,"Padmapukur, Howrah - WBPCB",09-06-2024 03:00:00,22.5687319,88.2797276,NH3,6,8,7
India,West_Bengal,Kolkata,"Ballygunge, Kolkata - WBPCB",09-06-2024 03:00:00,22.5367507,88.3638022,CO,6,22,10
India,West_Bengal,Kolkata,"Bidhannagar, Kolkata - WBPCB",09-06-2024 03:00:00,22.58157048,88.41002457,PM2.5,20,54,34
India,West_Bengal,Kolkata,"Bidhannagar, Kolkata - WBPCB",09-06-2024 03:00:00,22.58157048,88.41002457,OZONE,22,61,31
India,West_Bengal,Kolkata,"Fort William, Kolkata - WBPCB",09-06-2024 03:00:00,22.556640,88.342674,NH3,1,1,1
India,West_Bengal,Kolkata,"Fort William, Kolkata - WBPCB",09-06-2024 03:00:00,22.556640,88.342674,SO2,5,8,6
India,West_Bengal,Kolkata,"Rabindra Bharati University, Kolkata - WBPCB",09-06-2024 03:00:00,22.627847,88.380669,NO2,15,24,21
India,West_Bengal,Kolkata,"Rabindra Bharati University, Kolkata - WBPCB",09-06-2024 03:00:00,22.627847,88.380669,CO,22,31,27
India,West_Bengal,Kolkata,"Rabindra Sarobar, Kolkata - WBPCB",09-06-2024 03:00:00,22.51106,88.35142,PM10,45,67,56
India,West_Bengal,Kolkata,"Victoria, Kolkata - WBPCB",09-06-2024 03:00:00,22.5448082,88.3403691,SO2,6,8,7
India,West_Bengal,Kolkata,"Victoria, Kolkata - WBPCB",09-06-2024 03:00:00,22.5448082,88.3403691,OZONE,19,40,25
India,Andhra_Pradesh,Amaravati,"Secretariat, Amaravati - APPCB",09-06-2024 03:00:00,16.5150833,80.5181667,OZONE,6,30,21
India,Andhra_Pradesh,Anantapur,"Gulzarpet, Anantapur - APPCB",09-06-2024 03:00:00,14.675886,77.593027,SO2,2,5,4
India,Andhra_Pradesh,Anantapur,"Gulzarpet, Anantapur - APPCB",09-06-2024 03:00:00,14.675886,77.593027,CO,10,30,18
India,Andhra_Pradesh,Kadapa,"Yerramukkapalli, Kadapa - APPCB",09-06-2024 03:00:00,14.465052,78.824187,PM2.5,32,32,32
India,Andhra_Pradesh,Rajamahendravaram,"Anand Kala Kshetram, Rajamahendravaram - APPCB",09-06-2024 03:00:00,16.9872867,81.7363176,NO2,9,59,18
India,Andhra_Pradesh,Rajamahendravaram,"Anand Kala Kshetram, Rajamahendravaram - APPCB",09-06-2024 03:00:00,16.9872867,81.7363176,CO,15,35,28
India,Andhra_Pradesh,Vijayawada,"HB Colony, Vijayawada - APPCB",09-06-2024 03:00:00,16.536107,80.594233,PM10,46,69,56
India,Andhra_Pradesh,Vijayawada,"HB Colony, Vijayawada - APPCB",09-06-2024 03:00:00,16.536107,80.594233,NO2,12,16,14
India,Andhra_Pradesh,Vijayawada,"HB Colony, Vijayawada - APPCB",09-06-2024 03:00:00,16.536107,80.594233,NH3,4,5,4
India,Andhra_Pradesh,Vijayawada,"HB Colony, Vijayawada - APPCB",09-06-2024 03:00:00,16.536107,80.594233,CO,32,34,34
India,Andhra_Pradesh,Vijayawada,"Kanuru, Vijayawada - APPCB",09-06-2024 03:00:00,16.486692,80.699436,PM2.5,37,49,42
India,Andhra_Pradesh,Vijayawada,"Kanuru, Vijayawada - APPCB",09-06-2024 03:00:00,16.486692,80.699436,PM10,44,57,49
India,Andhra_Pradesh,Vijayawada,"Rajiv Gandhi Park, Vijayawada - APPCB",09-06-2024 03:00:00,16.509717,80.612222,PM10,39,55,45
India,Andhra_Pradesh,Vijayawada,"Rajiv Nagar, Vijayawada - APPCB",09-06-2024 03:00:00,16.554731,80.649110,PM2.5,47,68,49
India,Andhra_Pradesh,Vijayawada,"Rajiv Nagar, Vijayawada - APPCB",09-06-2024 03:00:00,16.554731,80.649110,SO2,4,18,9
India,Andhra_Pradesh,Vijayawada,"Rajiv Nagar, Vijayawada - APPCB",09-06-2024 03:00:00,16.554731,80.649110,CO,38,38,38
India,Andhra_Pradesh,Visakhapatnam,"GVM Corporation, Visakhapatnam - APPCB",09-06-2024 03:00:00,17.72,83.3,NH3,2,3,2
India,Andhra_Pradesh,Visakhapatnam,"GVM Corporation, Visakhapatnam - APPCB",09-06-2024 03:00:00,17.72,83.3,SO2,8,18,13
India,Assam,Byrnihat,"Central Academy for SFS, Byrnihat - PCBA",09-06-2024 03:00:00,26.071318,91.87488,PM10,NA,NA,NA
India,Assam,Byrnihat,"Central Academy for SFS, Byrnihat - PCBA",09-06-2024 03:00:00,26.071318,91.87488,CO,3,26,4
India,Assam,Guwahati,"IITG, Guwahati - PCBA",09-06-2024 03:00:00,26.2028636,91.70046436,SO2,13,14,13
India,Assam,Guwahati,"IITG, Guwahati - PCBA",09-06-2024 03:00:00,26.2028636,91.70046436,CO,10,18,14
India,Assam,Guwahati,"LGBI Airport, Guwahati - PCBA",09-06-2024 03:00:00,26.10887,91.589544,NO2,9,62,26
India,Assam,Guwahati,"Pan Bazaar, Guwahati - PCBA",09-06-2024 03:00:00,26.187500,91.744194,NO2,1,2,1
India,Assam,Guwahati,"Pan Bazaar, Guwahati - PCBA",09-06-2024 03:00:00,26.187500,91.744194,CO,20,50,40
India,Assam,Guwahati,"Pan Bazaar, Guwahati - PCBA",09-06-2024 03:00:00,26.187500,91.744194,OZONE,16,17,16
India,Assam,Guwahati,"Railway Colony, Guwahati - PCBA",09-06-2024 03:00:00,26.181742,91.78063,PM10,39,209,85
India,Assam,Nagaon,"Christianpatty, Nagaon - PCBA",09-06-2024 03:00:00,26.349082,92.68449,PM10,NA,NA,NA
India,Assam,Nalbari,"Bata Chowk, Nalbari - PCBA",09-06-2024 03:00:00,26.446912,91.439057,CO,24,37,31
India,Assam,Silchar,"Tarapur, Silchar - PCBA",09-06-2024 03:00:00,24.82827,92.79525,PM10,49,67,57
India,Assam,Silchar,"Tarapur, Silchar - PCBA",09-06-2024 03:00:00,24.82827,92.79525,OZONE,1,2,1
India,Assam,Sivasagar,"Girls College, Sivasagar - PCBA",09-06-2024 03:00:00,26.987634,94.636574,PM2.5,31,82,46
India,Bihar,Arrah,"New DM Office, Arrah - BSPCB",09-06-2024 03:00:00,25.5626095,84.663264,SO2,3,9,5
India,Bihar,Aurangabad,"Gurdeo Nagar, Aurangabad - BSPCB",09-06-2024 03:00:00,24.75746,84.366208,PM2.5,NA,NA,NA
India,Bihar,Aurangabad,"Gurdeo Nagar, Aurangabad - BSPCB",09-06-2024 03:00:00,24.75746,84.366208,NO2,3,13,5
India,Bihar,Aurangabad,"Gurdeo Nagar, Aurangabad - BSPCB",09-06-2024 03:00:00,24.75746,84.366208,NH3,4,27,12
India,Bihar,Aurangabad,"Gurdeo Nagar, Aurangabad - BSPCB",09-06-2024 03:00:00,24.75746,84.366208,OZONE,15,115,64
India,Bihar,Bhagalpur,"DM Office_Kachari Chowk, Bhagalpur - BSPCB",09-06-2024 03:00:00,25.251013,86.989001,PM2.5,78,330,184
India,Bihar,Bhagalpur,"DM Office_Kachari Chowk, Bhagalpur - BSPCB",09-06-2024 03:00:00,25.251013,86.989001,NO2,26,43,34
India,Bihar,Bhagalpur,"DM Office_Kachari Chowk, Bhagalpur - BSPCB",09-06-2024 03:00:00,25.251013,86.989001,CO,19,69,59
India,Bihar,Bhagalpur,"Mayaganj, Bhagalpur - BSPCB",09-06-2024 03:00:00,25.265194,87.012947,PM10,NA,NA,NA
India,Bihar,Bhagalpur,"Mayaganj, Bhagalpur - BSPCB",09-06-2024 03:00:00,25.265194,87.012947,NH3,NA,NA,NA
India,Bihar,Bhagalpur,"Mayaganj, Bhagalpur - BSPCB",09-06-2024 03:00:00,25.265194,87.012947,SO2,NA,NA,NA
India,Bihar,Bihar Sharif,"D M Colony, Bihar Sharif - BSPCB",09-06-2024 03:00:00,25.204762,85.514960,PM2.5,NA,NA,NA
India,Bihar,Bihar Sharif,"D M Colony, Bihar Sharif - BSPCB",09-06-2024 03:00:00,25.204762,85.514960,NO2,NA,NA,NA
India,Bihar,Bihar Sharif,"D M Colony, Bihar Sharif - BSPCB",09-06-2024 03:00:00,25.204762,85.514960,NH3,NA,NA,NA
India,Bihar,Buxar,"Charitra Van, Buxar - BSPCB (Formerly known as Central Jail)",09-06-2024 03:00:00,25.567520,83.966379,SO2,2,5,3
India,Bihar,Chhapra,"Darshan Nagar, Chhapra - BSPCB",09-06-2024 03:00:00,25.7808257,84.7446768,PM10,73,151,112
India,Bihar,Chhapra,"Darshan Nagar, Chhapra - BSPCB",09-06-2024 03:00:00,25.7808257,84.7446768,NH3,6,13,9
India,Bihar,Gaya,"Collectorate, Gaya - BSPCB",09-06-2024 03:00:00,24.7955,84.9994,PM2.5,40,173,98
India,Bihar,Gaya,"Collectorate, Gaya - BSPCB",09-06-2024 03:00:00,24.7955,84.9994,CO,72,131,118
India,Bihar,Gaya,"Collectorate, Gaya - BSPCB",09-06-2024 03:00:00,24.7955,84.9994,OZONE,57,86,68
India,Bihar,Gaya,"SFTI Kusdihra, Gaya - BSPCB",09-06-2024 03:00:00,24.762518,84.982348,NH3,4,14,6
India,Bihar,Hajipur,"Industrial Area, Hajipur - BSPCB",09-06-2024 03:00:00,25.697189,85.245900,PM2.5,154,245,197
India,Bihar,Katihar,"Mirchaibari, Katihar - BSPCB",09-06-2024 03:00:00,25.560083,87.553265,PM2.5,28,83,63
India,Bihar,Kishanganj,"SDM Office_Khagra, Kishanganj - BSPCB",09-06-2024 03:00:00,26.0881305,87.93840336,SO2,6,19,11
India,Bihar,Kishanganj,"SDM Office_Khagra, Kishanganj - BSPCB",09-06-2024 03:00:00,26.0881305,87.93840336,CO,6,10,6
India,Bihar,Motihari,"Gandak Colony, Motihari - BSPCB",09-06-2024 03:00:00,26.63086,84.90051,PM2.5,68,130,86
India,Bihar,Motihari,"Gandak Colony, Motihari - BSPCB",09-06-2024 03:00:00,26.63086,84.90051,PM10,92,135,109
India,Bihar,Motihari,"Gandak Colony, Motihari - BSPCB",09-06-2024 03:00:00,26.63086,84.90051,OZONE,18,93,45
India,Bihar,Munger,"Town Hall, Munger - BSPCB",09-06-2024 03:00:00,25.376776,86.471523,NH3,3,3,3
India,Bihar,Munger,"Town Hall, Munger - BSPCB",09-06-2024 03:00:00,25.376776,86.471523,SO2,22,40,32
India,Bihar,Munger,"Town Hall, Munger - BSPCB",09-06-2024 03:00:00,25.376776,86.471523,CO,39,72,54
India,Bihar,Muzaffarpur,"Buddha Colony, Muzaffarpur - BSPCB",09-06-2024 03:00:00,26.11442,85.39813,PM10,104,148,130
India,Bihar,Muzaffarpur,"Buddha Colony, Muzaffarpur - BSPCB",09-06-2024 03:00:00,26.11442,85.39813,SO2,1,11,4
India,Bihar,Patna,"DRM Office Danapur, Patna - BSPCB",09-06-2024 03:00:00,25.586562,85.043586,NO2,8,26,12
India,Bihar,Patna,"DRM Office Danapur, Patna - BSPCB",09-06-2024 03:00:00,25.586562,85.043586,SO2,1,9,3
India,Bihar,Patna,"DRM Office Danapur, Patna - BSPCB",09-06-2024 03:00:00,25.586562,85.043586,OZONE,25,155,49
India,Bihar,Patna,"Govt. High School Shikarpur, Patna - BSPCB",09-06-2024 03:00:00,25.592539,85.227158,NO2,33,37,35
India,Bihar,Patna,"IGSC Planetarium Complex, Patna - BSPCB",09-06-2024 03:00:00,25.610369,85.132568,PM2.5,103,302,172
India,Bihar,Patna,"Rajbansi Nagar, Patna - BSPCB",09-06-2024 03:00:00,25.599486,85.113666,PM2.5,89,279,189
India,Bihar,Patna,"Rajbansi Nagar, Patna - BSPCB",09-06-2024 03:00:00,25.599486,85.113666,NH3,3,6,4
India,Bihar,Patna,"Samanpura, Patna - BSPCB",09-06-2024 03:00:00,25.596727,85.085624,PM10,152,309,211
India,Bihar,Patna,"Samanpura, Patna - BSPCB",09-06-2024 03:00:00,25.596727,85.085624,CO,34,86,72
India,Bihar,Patna,"Samanpura, Patna - BSPCB",09-06-2024 03:00:00,25.596727,85.085624,OZONE,42,189,74
India,Bihar,Rajgir,"Dangi Tola, Rajgir - BSPCB",09-06-2024 03:00:00,25.03280,85.41948,NH3,1,2,1
India,Bihar,Rajgir,"Dangi Tola, Rajgir - BSPCB",09-06-2024 03:00:00,25.03280,85.41948,SO2,4,6,4
India,Bihar,Rajgir,"Dangi Tola, Rajgir - BSPCB",09-06-2024 03:00:00,25.03280,85.41948,OZONE,31,36,33
India,Bihar,Samastipur,"DM Office_Kasipur, Samastipur - BSPCB",09-06-2024 03:00:00,25.859655,85.77944,NH3,4,4,4
India,Bihar,Sasaram,"Dada Peer, Sasaram - BSPCB",09-06-2024 03:00:00,24.952822,84.002396,PM2.5,17,31,24
India,Bihar,Sasaram,"Dada Peer, Sasaram - BSPCB",09-06-2024 03:00:00,24.952822,84.002396,PM10,47,82,65
India,Bihar,Siwan,"Chitragupta Nagar, Siwan - BSPCB",09-06-2024 03:00:00,26.2271665,84.3570427,PM2.5,NA,NA,NA
India,Chandigarh,Chandigarh,"Sector-25, Chandigarh - CPCC",09-06-2024 03:00:00,30.751462,76.762879,PM10,124,148,133
India,Chhattisgarh,Bhilai,"32Bungalows, Bhilai - CECB",09-06-2024 03:00:00,21.194815,81.314770,PM10,36,63,48
India,Chhattisgarh,Bhilai,"Civic Center, Bhilai - Bhilai Steel Plant",09-06-2024 03:00:00,21.185571,81.343175,NH3,3,4,3
India,Chhattisgarh,Bhilai,"Civic Center, Bhilai - Bhilai Steel Plant",09-06-2024 03:00:00,21.185571,81.343175,OZONE,28,67,43
India,Chhattisgarh,Bilaspur,"Mangala, Bilaspur - NTPC",09-06-2024 03:00:00,22.08815,82.13737,PM10,22,75,48
India,Chhattisgarh,Bilaspur,"Mangala, Bilaspur - NTPC",09-06-2024 03:00:00,22.08815,82.13737,NO2,15,30,19
India,Chhattisgarh,Korba,"Urja Nagar, Korba - CECB",09-06-2024 03:00:00,22.348441,82.549611,CO,18,50,30
India,Chhattisgarh,Korba,"Urja Nagar, Korba - CECB",09-06-2024 03:00:00,22.348441,82.549611,OZONE,1,5,1
India,Chhattisgarh,Kunjemura,"OP Jindal School, Kunjemura - CECB",09-06-2024 03:00:00,22.126650,83.483212,NO2,18,55,33
India,Chhattisgarh,Kunjemura,"OP Jindal School, Kunjemura - CECB",09-06-2024 03:00:00,22.126650,83.483212,OZONE,8,55,19
India,Chhattisgarh,Milupara,"Govt. Higher Secondary School, Milupara - CECB",09-06-2024 03:00:00,22.1910172,83.5197009,PM2.5,NA,NA,NA
India,Chhattisgarh,Milupara,"Govt. Higher Secondary School, Milupara - CECB",09-06-2024 03:00:00,22.1910172,83.5197009,NO2,NA,NA,NA
India,Chhattisgarh,Milupara,"Govt. Higher Secondary School, Milupara - CECB",09-06-2024 03:00:00,22.1910172,83.5197009,SO2,NA,NA,NA
India,Chhattisgarh,Raipur,"AIIMS, Raipur - CECB",09-06-2024 03:00:00,21.258815,81.578979,OZONE,4,44,8
India,Chhattisgarh,Raipur,"Bhatagaon New ISBT, Raipur - CECB",09-06-2024 03:00:00,21.219665,81.630094,NH3,2,2,2
India,Chhattisgarh,Raipur,"Krishak Nagar, Raipur - CECB",09-06-2024 03:00:00,21.237755,81.705301,PM10,19,60,36
India,Chhattisgarh,Raipur,"Krishak Nagar, Raipur - CECB",09-06-2024 03:00:00,21.237755,81.705301,OZONE,9,64,28
India,Chhattisgarh,Raipur,"Siltara Phase-II, Raipur - CECB",09-06-2024 03:00:00,21.371751,81.664929,PM2.5,26,70,45
India,Chhattisgarh,Raipur,"Siltara Phase-II, Raipur - CECB",09-06-2024 03:00:00,21.371751,81.664929,NO2,22,49,31
India,Chhattisgarh,Raipur,"Siltara Phase-II, Raipur - CECB",09-06-2024 03:00:00,21.371751,81.664929,CO,26,54,38
India,Chhattisgarh,Tumidih,"OP Jindal Industrial Park, Tumidih - CECB",09-06-2024 03:00:00,22.06631475,83.33820077,SO2,NA,NA,NA
India,Delhi,Delhi,"Alipur, Delhi - DPCC",09-06-2024 03:00:00,28.815329,77.153010,NO2,4,26,13
India,Delhi,Delhi,"Alipur, Delhi - DPCC",09-06-2024 03:00:00,28.815329,77.153010,SO2,7,43,20
India,Delhi,Delhi,"Aya Nagar, Delhi - IMD",09-06-2024 03:00:00,28.4706914,77.1099364,NO2,3,13,10
India,Delhi,Delhi,"Aya Nagar, Delhi - IMD",09-06-2024 03:00:00,28.4706914,77.1099364,CO,22,105,57
India,Delhi,Delhi,"Bawana, Delhi - DPCC",09-06-2024 03:00:00,28.776200,77.051074,NH3,2,5,3
India,Delhi,Delhi,"CRRI Mathura Road, Delhi - IMD",09-06-2024 03:00:00,28.5512005,77.2735737,OZONE,4,7,5
India,Delhi,Delhi,"Chandni Chowk, Delhi - IITM",09-06-2024 03:00:00,28.656756,77.227234,PM2.5,302,405,338
India,Delhi,Delhi,"Chandni Chowk, Delhi - IITM",09-06-2024 03:00:00,28.656756,77.227234,SO2,19,52,33
India,Delhi,Delhi,"DTU, Delhi - CPCB",09-06-2024 03:00:00,28.7500499,77.1112615,CO,27,48,36
India,Delhi,Delhi,"Dr. Karni Singh Shooting Range, Delhi - DPCC",09-06-2024 03:00:00,28.498571,77.264840,OZONE,16,276,79
India,Delhi,Delhi,"Dwarka-Sector 8, Delhi - DPCC ",09-06-2024 03:00:00,28.5710274,77.0719006,CO,24,74,49
India,Delhi,Delhi,"Dwarka-Sector 8, Delhi - DPCC ",09-06-2024 03:00:00,28.5710274,77.0719006,OZONE,17,136,67
India,Delhi,Delhi,"IGI Airport (T3), Delhi - IMD",09-06-2024 03:00:00,28.5627763,77.1180053,NO2,15,42,26
India,Delhi,Delhi,"IGI Airport (T3), Delhi - IMD",09-06-2024 03:00:00,28.5627763,77.1180053,CO,36,52,46
India,Delhi,Delhi,"IHBAS, Dilshad Garden, Delhi - CPCB",09-06-2024 03:00:00,28.6811736,77.3025234,PM10,110,244,155
India,Delhi,Delhi,"IHBAS, Dilshad Garden, Delhi - CPCB",09-06-2024 03:00:00,28.6811736,77.3025234,SO2,16,85,38
India,Delhi,Delhi,"ITO, Delhi - CPCB",09-06-2024 03:00:00,28.628624,77.241060,PM2.5,94,252,154
India,Delhi,Delhi,"ITO, Delhi - CPCB",09-06-2024 03:00:00,28.628624,77.241060,PM10,77,166,107
India,Delhi,Delhi,"ITO, Delhi - CPCB",09-06-2024 03:00:00,28.628624,77.241060,SO2,1,11,6
India,Delhi,Delhi,"Jawaharlal Nehru Stadium, Delhi - DPCC",09-06-2024 03:00:00,28.580280,77.233829,PM10,122,285,170
India,Delhi,Delhi,"Jawaharlal Nehru Stadium, Delhi - DPCC",09-06-2024 03:00:00,28.580280,77.233829,NH3,5,7,6
India,Delhi,Delhi,"Major Dhyan Chand National Stadium, Delhi - DPCC",09-06-2024 03:00:00,28.611281,77.237738,NH3,6,10,7
India,Delhi,Delhi,"Mandir Marg, Delhi - DPCC",09-06-2024 03:00:00,28.636429,77.201067,OZONE,36,105,68
India,Delhi,Delhi,"Mundka, Delhi - DPCC",09-06-2024 03:00:00,28.684678,77.076574,NH3,7,13,9
India,Delhi,Delhi,"NSIT Dwarka, Delhi - CPCB",09-06-2024 03:00:00,28.60909,77.0325413,PM2.5,44,241,124
India,Delhi,Delhi,"NSIT Dwarka, Delhi - CPCB",09-06-2024 03:00:00,28.60909,77.0325413,NO2,21,40,32
India,Delhi,Delhi,"Najafgarh, Delhi - DPCC",09-06-2024 03:00:00,28.570173,76.933762,NO2,5,20,10
India,Delhi,Delhi,"Najafgarh, Delhi - DPCC",09-06-2024 03:00:00,28.570173,76.933762,CO,38,50,46
India,Delhi,Delhi,"Najafgarh, Delhi - DPCC",09-06-2024 03:00:00,28.570173,76.933762,OZONE,32,123,58
India,Delhi,Delhi,"Narela, Delhi - DPCC",09-06-2024 03:00:00,28.822836,77.101981,PM2.5,35,282,98
India,Delhi,Delhi,"Nehru Nagar, Delhi - DPCC",09-06-2024 03:00:00,28.567890,77.250515,PM10,115,278,169
India,Delhi,Delhi,"North Campus, DU, Delhi - IMD",09-06-2024 03:00:00,28.6573814,77.1585447,PM10,78,311,165
India,Delhi,Delhi,"Okhla Phase-2, Delhi - DPCC",09-06-2024 03:00:00,28.530785,77.271255,CO,51,101,77
India,Delhi,Delhi,"Okhla Phase-2, Delhi - DPCC",09-06-2024 03:00:00,28.530785,77.271255,OZONE,10,126,30
India,Delhi,Delhi,"Patparganj, Delhi - DPCC",09-06-2024 03:00:00,28.623763,77.287209,NO2,21,108,50
India,Delhi,Delhi,"Patparganj, Delhi - DPCC",09-06-2024 03:00:00,28.623763,77.287209,CO,22,81,44
India,Delhi,Delhi,"Punjabi Bagh, Delhi - DPCC",09-06-2024 03:00:00,28.674045,77.131023,NO2,11,71,29
India,Delhi,Delhi,"Punjabi Bagh, Delhi - DPCC",09-06-2024 03:00:00,28.674045,77.131023,OZONE,7,172,29
India,Delhi,Delhi,"Pusa, Delhi - DPCC",09-06-2024 03:00:00,28.639652,77.146275,PM2.5,37,140,68
India,Delhi,Delhi,"Pusa, Delhi - DPCC",09-06-2024 03:00:00,28.639652,77.146275,NH3,5,7,6
India,Delhi,Delhi,"Pusa, Delhi - IMD",09-06-2024 03:00:00,28.636110,77.173332,CO,38,52,47
India,Delhi,Delhi,"Pusa, Delhi - IMD",09-06-2024 03:00:00,28.636110,77.173332,OZONE,10,42,26
India,Delhi,Delhi,"R K Puram, Delhi - DPCC",09-06-2024 03:00:00,28.563262,77.186937,SO2,13,34,23
India,Delhi,Delhi,"Rohini, Delhi - DPCC",09-06-2024 03:00:00,28.732528,77.119920,NH3,7,42,15
India,Delhi,Delhi,"Shadipur, Delhi - CPCB",09-06-2024 03:00:00,28.6514781,77.1473105,PM10,155,500,293
India,Delhi,Delhi,"Shadipur, Delhi - CPCB",09-06-2024 03:00:00,28.6514781,77.1473105,NH3,6,9,7
India,Delhi,Delhi,"Shadipur, Delhi - CPCB",09-06-2024 03:00:00,28.6514781,77.1473105,CO,34,66,53
India,Delhi,Delhi,"Sirifort, Delhi - CPCB",09-06-2024 03:00:00,28.5504249,77.2159377,CO,11,34,25
India,Delhi,Delhi,"Sirifort, Delhi - CPCB",09-06-2024 03:00:00,28.5504249,77.2159377,OZONE,10,58,23
India,Delhi,Delhi,"Sonia Vihar, Delhi - DPCC",09-06-2024 03:00:00,28.710508,77.249485,OZONE,27,181,75
India,Delhi,Delhi,"Wazirpur, Delhi - DPCC",09-06-2024 03:00:00,28.699793,77.165453,PM2.5,42,193,81
India,Delhi,Delhi,"Wazirpur, Delhi - DPCC",09-06-2024 03:00:00,28.699793,77.165453,PM10,107,336,167
India,Delhi,Delhi,"Wazirpur, Delhi - DPCC",09-06-2024 03:00:00,28.699793,77.165453,NH3,13,18,15
India,Delhi,Delhi,"Wazirpur, Delhi - DPCC",09-06-2024 03:00:00,28.699793,77.165453,CO,84,107,101
India,Gujarat,Ahmedabad,"Gyaspur, Ahmedabad - IITM",09-06-2024 03:00:00,22.977134,72.553024,PM10,81,500,141
India,Gujarat,Ahmedabad,"Gyaspur, Ahmedabad - IITM",09-06-2024 03:00:00,22.977134,72.553024,OZONE,48,75,58
India,Gujarat,Ahmedabad,"Maninagar, Ahmedabad - GPCB",09-06-2024 03:00:00,23.002657,72.591912,PM2.5,33,101,72
India,Gujarat,Ahmedabad,"Sardar Vallabhbhai Patel Stadium, Ahmedabad - IITM",09-06-2024 03:00:00,23.043070,72.562968,SO2,25,63,35
India,Gujarat,Ankleshwar,"GIDC, Ankleshwar - GPCB",09-06-2024 03:00:00,21.613267,73.010555,PM10,34,92,68
India,Gujarat,Gandhinagar,"GIFT City, Gandhinagar - IITM",09-06-2024 03:00:00,23.163798,72.677768,OZONE,19,25,22
India,Gujarat,Gandhinagar,"Sector-10, Gandhinagar - GPCB",09-06-2024 03:00:00,23.221714,72.654328,SO2,2,4,3
India,Gujarat,Vapi,"Phase-1 GIDC, Vapi - GPCB",09-06-2024 03:00:00,20.362421,72.918013,NO2,6,7,6
India,Gujarat,Vatva,"Phase-4 GIDC, Vatva - GPCB",09-06-2024 03:00:00,22.969611,72.643500,NH3,7,11,10
India,Haryana,Bahadurgarh,"Arya Nagar, Bahadurgarh - HSPCB",09-06-2024 03:00:00,28.6701,76.9254,OZONE,32,41,36
India,Haryana,Ballabgarh,"Nathu Colony, Ballabgarh - HSPCB",09-06-2024 03:00:00,28.3419248,77.319699,CO,11,50,33
India,Haryana,Ballabgarh,"Nathu Colony, Ballabgarh - HSPCB",09-06-2024 03:00:00,28.3419248,77.319699,OZONE,14,45,20
India,Haryana,Charkhi Dadri,"Mini Secretariat, Charkhi Dadri - HSPCB",09-06-2024 03:00:00,28.593883,76.270653,PM10,NA,NA,NA
India,Haryana,Charkhi Dadri,"Mini Secretariat, Charkhi Dadri - HSPCB",09-06-2024 03:00:00,28.593883,76.270653,CO,NA,NA,NA
India,Haryana,Charkhi Dadri,"Mini Secretariat, Charkhi Dadri - HSPCB",09-06-2024 03:00:00,28.593883,76.270653,OZONE,NA,NA,NA
India,Haryana,Dharuhera,"Municipal Corporation Office, Dharuhera -  HSPCB",09-06-2024 03:00:00,28.206800,76.799700,NH3,9,26,19
India,Haryana,Dharuhera,"Municipal Corporation Office, Dharuhera -  HSPCB",09-06-2024 03:00:00,28.206800,76.799700,SO2,6,15,9
India,Haryana,Dharuhera,"Municipal Corporation Office, Dharuhera -  HSPCB",09-06-2024 03:00:00,28.206800,76.799700,CO,11,26,21
India,Haryana,Faridabad,"Sector 11, Faridabad - HSPCB",09-06-2024 03:00:00,28.376058,77.315741,PM10,132,236,180
India,Haryana,Faridabad,"Sector 11, Faridabad - HSPCB",09-06-2024 03:00:00,28.376058,77.315741,OZONE,5,22,8
India,Haryana,Faridabad,"Sector 30, Faridabad - HSPCB",09-06-2024 03:00:00,28.4417,77.3217,PM2.5,91,268,156
India,Haryana,Faridabad,"Sector 30, Faridabad - HSPCB",09-06-2024 03:00:00,28.4417,77.3217,NH3,3,3,3
India,Haryana,Faridabad,"Sector 30, Faridabad - HSPCB",09-06-2024 03:00:00,28.4417,77.3217,CO,18,84,49
India,Haryana,Faridabad,"Sector- 16A, Faridabad - HSPCB",09-06-2024 03:00:00,28.4088421,77.3099081,NO2,NA,NA,NA
India,Haryana,Fatehabad,"Huda Sector, Fatehabad - HSPCB",09-06-2024 03:00:00,29.503664,75.467934,PM2.5,11,114,52
India,Haryana,Fatehabad,"Huda Sector, Fatehabad - HSPCB",09-06-2024 03:00:00,29.503664,75.467934,PM10,81,359,138
India,Haryana,Fatehabad,"Huda Sector, Fatehabad - HSPCB",09-06-2024 03:00:00,29.503664,75.467934,NH3,9,10,10
India,Haryana,Fatehabad,"Huda Sector, Fatehabad - HSPCB",09-06-2024 03:00:00,29.503664,75.467934,SO2,10,16,13
India,Haryana,Gurugram,"Sector-51, Gurugram - HSPCB",09-06-2024 03:00:00,28.4227,77.0667,CO,23,50,39
India,Haryana,Gurugram,"Teri Gram, Gurugram - HSPCB",09-06-2024 03:00:00,28.4275,77.1465,NH3,19,52,35
India,Haryana,Gurugram,"Teri Gram, Gurugram - HSPCB",09-06-2024 03:00:00,28.4275,77.1465,OZONE,12,18,13
India,Haryana,Jind,"Police Lines, Jind - HSPCB",09-06-2024 03:00:00,29.307814,76.337619,NH3,1,16,5
India,Haryana,Kaithal,"Rishi Nagar, Kaithal - HSPCB",09-06-2024 03:00:00,29.8006,76.4155,CO,1,52,4
India,Haryana,Karnal,"Sector-12, Karnal - HSPCB",09-06-2024 03:00:00,29.695300,77.002700,NH3,10,13,11
India,Haryana,Kurukshetra,"Sector-7, Kurukshetra - HSPCB",09-06-2024 03:00:00,29.966942,76.875879,NO2,10,10,10
India,Haryana,Mandikhera,"General Hospital, Mandikhera - HSPCB",09-06-2024 03:00:00,27.9002,76.9938,NH3,NA,NA,NA
India,Haryana,Narnaul,"Shastri Nagar, Narnaul - HSPCB",09-06-2024 03:00:00,28.060249,76.113115,CO,18,48,32
India,Haryana,Palwal,"Shyam Nagar, Palwal - HSPCB",09-06-2024 03:00:00,28.1485564,77.3320667,PM10,72,264,137
India,Haryana,Palwal,"Shyam Nagar, Palwal - HSPCB",09-06-2024 03:00:00,28.1485564,77.3320667,OZONE,25,112,34
India,Haryana,Panchkula,"Sector-6, Panchkula - HSPCB ",09-06-2024 03:00:00,30.7057778,76.8531805555555,CO,NA,NA,NA
India,Haryana,Rohtak,"MD University, Rohtak - HSPCB",09-06-2024 03:00:00,28.52123,76.37138,NO2,47,55,51
India,Haryana,Rohtak,"MD University, Rohtak - HSPCB",09-06-2024 03:00:00,28.52123,76.37138,CO,37,56,45
India,Haryana,Sirsa,"F-Block, Sirsa - HSPCB",09-06-2024 03:00:00,29.536400,75.015800,NH3,12,14,13
India,Haryana,Sirsa,"F-Block, Sirsa - HSPCB",09-06-2024 03:00:00,29.536400,75.015800,SO2,3,4,3
India,Haryana,Sonipat,"Murthal, Sonipat - HSPCB",09-06-2024 03:00:00,29.027200,77.062100,PM10,84,144,118
India,Haryana,Yamuna Nagar,"Gobind Pura, Yamuna Nagar - HSPCB",09-06-2024 03:00:00,30.1480566,77.2893471,PM2.5,77,122,91
India,Haryana,Yamuna Nagar,"Gobind Pura, Yamuna Nagar - HSPCB",09-06-2024 03:00:00,30.1480566,77.2893471,CO,14,102,59
India,Haryana,Yamuna Nagar,"Gobind Pura, Yamuna Nagar - HSPCB",09-06-2024 03:00:00,30.1480566,77.2893471,OZONE,15,24,16
India,Jammu_and_Kashmir,Srinagar,"Rajbagh, Srinagar - JKSPCB",09-06-2024 03:00:00,34.066206,74.819820,CO,18,30,20
India,Jharkhand,Dhanbad,"Sardar Patel Nagar, Dhanbad - JSPCB",09-06-2024 03:00:00,23.80569,86.44268,SO2,NA,NA,NA
India,Karnataka,Bagalkot,"Vidayagiri, Bagalkot - KSPCB",09-06-2024 03:00:00,16.172806,75.659694,NO2,NA,NA,NA
India,Karnataka,Bengaluru,"Bapuji Nagar, Bengaluru - KSPCB",09-06-2024 03:00:00,12.951913,77.539784,SO2,5,6,6
India,Karnataka,Bengaluru,"Hebbal, Bengaluru - KSPCB",09-06-2024 03:00:00,13.029152,77.585901,PM2.5,2,10,6
India,Karnataka,Bengaluru,"Hombegowda Nagar, Bengaluru - KSPCB",09-06-2024 03:00:00,12.938539,77.590100,CO,10,19,15
India,Karnataka,Bengaluru,"Hombegowda Nagar, Bengaluru - KSPCB",09-06-2024 03:00:00,12.938539,77.590100,OZONE,20,39,29
India,Karnataka,Bengaluru,"Jayanagar 5th Block, Bengaluru - KSPCB",09-06-2024 03:00:00,12.920984,77.584908,NH3,2,2,2
India,Karnataka,Bengaluru,"Jayanagar 5th Block, Bengaluru - KSPCB",09-06-2024 03:00:00,12.920984,77.584908,OZONE,18,19,18
India,Karnataka,Bengaluru,"Jigani, Bengaluru - KSPCB",09-06-2024 03:00:00,12.7816279,77.6299145,PM2.5,39,41,40
India,Karnataka,Bengaluru,"Jigani, Bengaluru - KSPCB",09-06-2024 03:00:00,12.7816279,77.6299145,SO2,12,12,12
India,Karnataka,Bengaluru,"Kasturi Nagar, Bengaluru - KSPCB",09-06-2024 03:00:00,13.003872,77.664217,CO,24,25,25
India,Karnataka,Bengaluru,"Peenya, Bengaluru - CPCB",09-06-2024 03:00:00,13.0270199,77.494094,SO2,12,16,14
India,Karnataka,Bengaluru,"Sanegurava Halli, Bengaluru - KSPCB",09-06-2024 03:00:00,12.990328,77.5431385,PM10,34,47,36
India,Karnataka,Bengaluru,"Sanegurava Halli, Bengaluru - KSPCB",09-06-2024 03:00:00,12.990328,77.5431385,SO2,1,3,2
India,Karnataka,Bengaluru,"Silk Board, Bengaluru - KSPCB",09-06-2024 03:00:00,12.917348,77.622813,PM10,59,142,100
India,Karnataka,Bengaluru,"Silk Board, Bengaluru - KSPCB",09-06-2024 03:00:00,12.917348,77.622813,NO2,9,22,15
India,Karnataka,Bidar,"Naubad, Bidar - KSPCB",09-06-2024 03:00:00,17.930306,77.482194,NO2,7,8,8
India,Karnataka,Chikkamagaluru,"Kalyana Nagara, Chikkamagaluru - KSPCB",09-06-2024 03:00:00,13.328028,75.797056,PM2.5,4,53,17
India,Karnataka,Davanagere,"Devaraj Urs Badavane, Davanagere - KSPCB",09-06-2024 03:00:00,14.475800,75.905200,NO2,10,13,11
India,Karnataka,Gadag,"Panchal Nagar, Gadag - KSPCB",09-06-2024 03:00:00,15.411456,75.638133,SO2,9,18,14
India,Karnataka,Hassan,"B.Katihalli, Hassan - KSPCB",09-06-2024 03:00:00,13.008556,76.125258,NH3,NA,NA,NA
India,Karnataka,Hassan,"B.Katihalli, Hassan - KSPCB",09-06-2024 03:00:00,13.008556,76.125258,CO,NA,NA,NA
India,Karnataka,Haveri,"Ashwini Nagar, Haveri - KSPCB",09-06-2024 03:00:00,14.791800,75.389600,NH3,NA,NA,NA
India,Karnataka,Hubballi,"Lingaraj Nagar, Hubballi - KSPCB",09-06-2024 03:00:00,15.3714823,75.1160168,PM2.5,32,43,38
India,Karnataka,Kalaburagi,"Mahatma Basaveswar Colony, Kalaburgi - KSPCB",09-06-2024 03:00:00,17.336318,76.847397,SO2,NA,NA,NA
India,Karnataka,Karwar,"KHB Colony, Karwar - KSPCB",09-06-2024 03:00:00,14.816666,74.141003,OZONE,NA,NA,NA
India,Karnataka,Kolar,"Tamaka Ind. Area, Kolar - KSPCB",09-06-2024 03:00:00,13.1276288,78.1570122,SO2,10,11,10
India,Karnataka,Kolar,"Tamaka Ind. Area, Kolar - KSPCB",09-06-2024 03:00:00,13.1276288,78.1570122,OZONE,18,42,26
India,Karnataka,Koppal,"Diwator Nagar, Koppal - KSPCB",09-06-2024 03:00:00,15.347630,76.181767,PM2.5,NA,NA,NA
India,Karnataka,Raichur,"Haji Colony, Raichur - KSPCB",09-06-2024 03:00:00,16.208139,77.348417,PM2.5,NA,NA,NA
India,Karnataka,Raichur,"Haji Colony, Raichur - KSPCB",09-06-2024 03:00:00,16.208139,77.348417,NO2,10,26,16
India,Karnataka,Ramanagara,"Vijay Nagar, Ramanagara - KSPCB",09-06-2024 03:00:00,12.733409,77.298051,SO2,17,27,23
India,Karnataka,Ramanagara,"Vijay Nagar, Ramanagara - KSPCB",09-06-2024 03:00:00,12.733409,77.298051,CO,5,28,11
India,Karnataka,Tumakuru,"Thimmalapura, Tumakuru - KSPCB",09-06-2024 03:00:00,13.377516,77.099072,PM2.5,15,24,18
India,Karnataka,Udupi,"Brahmagiri, Udupi - KSPCB",09-06-2024 03:00:00,13.34194444,74.74694444,PM2.5,3,32,11
India,Karnataka,Vijayapura,"Ibrahimpur, Vijayapura - KSPCB",09-06-2024 03:00:00,16.802639,75.722694,OZONE,13,15,15
India,Karnataka,Yadgir,"Collector Office, Yadgir - KSPCB",09-06-2024 03:00:00,16.7602,77.1428,NO2,NA,NA,NA
India,Karnataka,Yadgir,"Collector Office, Yadgir - KSPCB",09-06-2024 03:00:00,16.7602,77.1428,CO,14,50,38
India,Kerala,Kannur,"Thavakkara, Kannur - Kerala PCB",09-06-2024 03:00:00,11.875000,75.373200,PM10,50,59,56
India,Kerala,Kannur,"Thavakkara, Kannur - Kerala PCB",09-06-2024 03:00:00,11.875000,75.373200,NO2,5,5,5
India,Kerala,Kannur,"Thavakkara, Kannur - Kerala PCB",09-06-2024 03:00:00,11.875000,75.373200,CO,60,72,67
India,Kerala,Kollam,"Polayathode, Kollam - Kerala PCB",09-06-2024 03:00:00,8.8787,76.6073,NO2,8,9,8
India,Kerala,Kollam,"Polayathode, Kollam - Kerala PCB",09-06-2024 03:00:00,8.8787,76.6073,SO2,1,4,2
India,Kerala,Thiruvananthapuram,"Kariavattom, Thiruvananthapuram - Kerala PCB",09-06-2024 03:00:00,8.563700,76.886500,NO2,6,7,7
India,Kerala,Thrissur,"Corporation Ground, Thrissur - Kerala PCB",09-06-2024 03:00:00,10.532400,76.215900,PM10,60,68,64
India,Kerala,Thrissur,"Corporation Ground, Thrissur - Kerala PCB",09-06-2024 03:00:00,10.532400,76.215900,NH3,NA,NA,NA
India,Kerala,Thrissur,"Corporation Ground, Thrissur - Kerala PCB",09-06-2024 03:00:00,10.532400,76.215900,CO,14,154,87
India,Madhya Pradesh,Bhopal,"Idgah Hills, Bhopal - MPPCB",09-06-2024 03:00:00,23.264759,77.381568,NO2,9,103,30
India,Madhya Pradesh,Bhopal,"Idgah Hills, Bhopal - MPPCB",09-06-2024 03:00:00,23.264759,77.381568,CO,2,102,52
India,Madhya Pradesh,Bhopal,"Paryavaran Parisar, Bhopal - MPPCB",09-06-2024 03:00:00,23.210494,77.425409,PM10,55,183,101
India,Madhya Pradesh,Bhopal,"Paryavaran Parisar, Bhopal - MPPCB",09-06-2024 03:00:00,23.210494,77.425409,SO2,5,10,8
India,Madhya Pradesh,Bhopal,"T T Nagar, Bhopal - MPPCB",09-06-2024 03:00:00,23.233584,77.400574,PM10,64,176,113
India,Madhya Pradesh,Bhopal,"T T Nagar, Bhopal - MPPCB",09-06-2024 03:00:00,23.233584,77.400574,SO2,11,19,15
India,Madhya Pradesh,Dewas,"Bhopal Chauraha, Dewas - MPPCB",09-06-2024 03:00:00,22.9682591,76.064118,OZONE,10,30,13
India,Madhya Pradesh,Gwalior,"Maharaj Bada, Gwalior - MPPCB",09-06-2024 03:00:00,26.200388,78.147714,NH3,2,19,6
India,Madhya Pradesh,Gwalior,"Maharaj Bada, Gwalior - MPPCB",09-06-2024 03:00:00,26.200388,78.147714,CO,6,62,24
India,Madhya Pradesh,Gwalior,"Phool Bagh, Gwalior - Mondelez Ind. Food",09-06-2024 03:00:00,26.210536,78.171,PM2.5,59,234,140
India,Madhya Pradesh,Indore,"Regional Park, Indore - IMC",09-06-2024 03:00:00,22.6780,75.8559,NH3,1,3,2
India,Madhya Pradesh,Indore,"Residency Area, Indore - IMC",09-06-2024 03:00:00,22.7084,75.8815,PM10,20,166,61
India,Madhya Pradesh,Indore,"Residency Area, Indore - IMC",09-06-2024 03:00:00,22.7084,75.8815,CO,5,21,18
India,Madhya Pradesh,Jabalpur,"Govindh Bhavan Colony, Jabalpur - JMC",09-06-2024 03:00:00,23.163174,79.973061,NO2,3,9,6
India,Madhya Pradesh,Jabalpur,"Suhagi, Jabalpur - JMC",09-06-2024 03:00:00,23.218135,79.957770,PM2.5,45,87,65
India,Madhya Pradesh,Jabalpur,"Suhagi, Jabalpur - JMC",09-06-2024 03:00:00,23.218135,79.957770,SO2,17,20,18
India,Madhya Pradesh,Katni,"Gole Bazar, Katni - MPPCB",09-06-2024 03:00:00,23.50016,80.23284,NH3,3,6,5
India,Madhya Pradesh,Maihar,"Sahilara, Maihar - KJS Cements",09-06-2024 03:00:00,24.2613009,80.7231783,NO2,11,22,17
India,Madhya Pradesh,Maihar,"Sahilara, Maihar - KJS Cements",09-06-2024 03:00:00,24.2613009,80.7231783,SO2,12,13,12
India,Madhya Pradesh,Pithampur,"Sector-2 Industrial Area, Pithampur - MPPCB",09-06-2024 03:00:00,22.624758,75.675238,PM2.5,25,161,64
India,Madhya Pradesh,Pithampur,"Sector-2 Industrial Area, Pithampur - MPPCB",09-06-2024 03:00:00,22.624758,75.675238,PM10,40,152,91
India,Madhya Pradesh,Sagar,"Deen Dayal Nagar, Sagar - MPPCB",09-06-2024 03:00:00,23.8640158,78.80289321,PM2.5,13,98,33
India,Madhya Pradesh,Satna,"Bandhavgar Colony, Satna - Birla Cement",09-06-2024 03:00:00,24.58434363,80.8549414,PM2.5,10,29,19
India,Madhya Pradesh,Singrauli,"Suryakiran Bhawan NCL, Singrauli - MPPCB",09-06-2024 03:00:00,24.108970,82.645580,PM2.5,18,76,38
India,Madhya Pradesh,Ujjain,"Mahakaleshwar Temple, Ujjain - MPPCB",09-06-2024 03:00:00,23.182719 ,75.768218 ,NH3,4,8,6
India,Madhya Pradesh,Ujjain,"Mahakaleshwar Temple, Ujjain - MPPCB",09-06-2024 03:00:00,23.182719 ,75.768218 ,CO,8,22,11
India,Maharashtra,Ahmednagar,"Tarakpur, Ahmednagar - MPCB",09-06-2024 03:00:00,19.10122,74.73339,PM10,13,206,73
India,Maharashtra,Ahmednagar,"Tarakpur, Ahmednagar - MPCB",09-06-2024 03:00:00,19.10122,74.73339,NH3,1,16,7
India,Maharashtra,Ahmednagar,"Tarakpur, Ahmednagar - MPCB",09-06-2024 03:00:00,19.10122,74.73339,CO,6,100,37
India,Maharashtra,Akola,"Ramdaspeth, Akola - MPCB",09-06-2024 03:00:00,20.719516,77.000253,PM2.5,10,91,43
India,Maharashtra,Akola,"Ramdaspeth, Akola - MPCB",09-06-2024 03:00:00,20.719516,77.000253,PM10,32,109,57
India,Maharashtra,Amravati,"Shivneri Colony, Amravati - MPCB",09-06-2024 03:00:00,20.9402359,77.7895248,NH3,3,8,5
India,Maharashtra,Amravati,"Shivneri Colony, Amravati - MPCB",09-06-2024 03:00:00,20.9402359,77.7895248,SO2,4,27,6
India,Maharashtra,Amravati,"Shri Shivaji Science College, Amaravati - MPCB",09-06-2024 03:00:00,20.939198,77.765701,SO2,5,7,6
India,Maharashtra,Amravati,"Shri Shivaji Science College, Amaravati - MPCB",09-06-2024 03:00:00,20.939198,77.765701,OZONE,32,76,54
India,Maharashtra,Belapur,"CBD Belapur, Belapur - MPCB",09-06-2024 03:00:00,19.0243902,73.0406721,PM10,36,77,58
India,Maharashtra,Belapur,"CBD Belapur, Belapur - MPCB",09-06-2024 03:00:00,19.0243902,73.0406721,NO2,12,25,19
India,Maharashtra,Belapur,"CBD Belapur, Belapur - MPCB",09-06-2024 03:00:00,19.0243902,73.0406721,OZONE,14,33,17
India,Maharashtra,Boisar,"Khaira, Boisar - MPCB",09-06-2024 03:00:00,19.786089,72.757971,CO,1,30,24
India,Maharashtra,Boisar,"Khaira, Boisar - MPCB",09-06-2024 03:00:00,19.786089,72.757971,OZONE,67,86,75
India,Maharashtra,Chandrapur,"Chauhan Colony, Chandrapur - MPCB",09-06-2024 03:00:00,19.962900,79.298714,PM2.5,30,87,54
India,Maharashtra,Chandrapur,"Chauhan Colony, Chandrapur - MPCB",09-06-2024 03:00:00,19.962900,79.298714,NH3,2,3,2
India,Maharashtra,Chandrapur,"Chauhan Colony, Chandrapur - MPCB",09-06-2024 03:00:00,19.962900,79.298714,SO2,2,13,4
India,Maharashtra,Chandrapur,"MIDC Khutala, Chandrapur - MPCB",09-06-2024 03:00:00,19.9775302,79.2337086,PM10,40,86,66
India,Maharashtra,Chandrapur,"MIDC Khutala, Chandrapur - MPCB",09-06-2024 03:00:00,19.9775302,79.2337086,NH3,7,18,10
India,Maharashtra,Dhule,"Deopur, Dhule - MPCB",09-06-2024 03:00:00,20.918946,74.776388,SO2,6,33,15
India,Maharashtra,Dhule,"Deopur, Dhule - MPCB",09-06-2024 03:00:00,20.918946,74.776388,CO,8,56,38
India,Maharashtra,Dhule,"Deopur, Dhule - MPCB",09-06-2024 03:00:00,20.918946,74.776388,OZONE,15,88,26
India,Maharashtra,Jalgaon,"Prabhat Colony, Jalgaon - MPCB",09-06-2024 03:00:00,21.001264,75.565602,PM2.5,40,63,51
India,Maharashtra,Jalna,"Old MIDC, Jalna - MPCB",09-06-2024 03:00:00,19.854616,75.905894,SO2,5,7,6
India,Maharashtra,Kalyan,"Khadakpada, Kalyan - MPCB",09-06-2024 03:00:00,19.25292,73.142019,OZONE,7,12,9
India,Maharashtra,Latur,"Sawe Wadi, Latur - MPCB",09-06-2024 03:00:00,18.39963,76.57452,NH3,16,17,17
India,Maharashtra,Mahad,"Kamble Tarf Birwadi, Mahad - MPCB",09-06-2024 03:00:00,18.1023399,73.4783687,PM10,17,43,30
India,Maharashtra,Mumbai,"Bandra Kurla Complex, Mumbai - MPCB",09-06-2024 03:00:00,19.065931,72.862131,SO2,2,4,3
India,Maharashtra,Mumbai,"Borivali East, Mumbai - IITM",09-06-2024 03:00:00,19.23241,72.86895,NO2,16,39,27
India,Maharashtra,Mumbai,"Borivali East, Mumbai - IITM",09-06-2024 03:00:00,19.23241,72.86895,NH3,8,9,8
India,Maharashtra,Mumbai,"Borivali East, Mumbai - MPCB",09-06-2024 03:00:00,19.2243333,72.8658113,NO2,3,9,5
India,Maharashtra,Mumbai,"Borivali East, Mumbai - MPCB",09-06-2024 03:00:00,19.2243333,72.8658113,NH3,1,2,1
India,Maharashtra,Mumbai,"Byculla, Mumbai - BMC",09-06-2024 03:00:00,18.9767,72.8380,NO2,14,50,22
India,Maharashtra,Mumbai,"Byculla, Mumbai - BMC",09-06-2024 03:00:00,18.9767,72.8380,CO,6,16,11
India,Maharashtra,Mumbai,"Chakala-Andheri East, Mumbai - IITM",09-06-2024 03:00:00,19.11074,72.86084,SO2,1,31,13
India,Maharashtra,Mumbai,"Chembur, Mumbai - MPCB",09-06-2024 03:00:00,19.0364585,72.8954371,CO,10,22,17
India,Maharashtra,Mumbai,"Chhatrapati Shivaji Intl. Airport (T2), Mumbai - MPCB",09-06-2024 03:00:00,19.10078,72.87462,OZONE,1,4,1
India,Maharashtra,Mumbai,"Colaba, Mumbai - MPCB",09-06-2024 03:00:00,18.910000,72.820000,NH3,1,1,1
India,Maharashtra,Mumbai,"Colaba, Mumbai - MPCB",09-06-2024 03:00:00,18.910000,72.820000,SO2,10,11,11
India,Maharashtra,Mumbai,"Deonar, Mumbai - IITM",09-06-2024 03:00:00,19.04946,72.9230,PM2.5,18,50,36
India,Maharashtra,Mumbai,"Deonar, Mumbai - IITM",09-06-2024 03:00:00,19.04946,72.9230,NO2,5,8,7
India,Maharashtra,Mumbai,"Deonar, Mumbai - IITM",09-06-2024 03:00:00,19.04946,72.9230,SO2,1,18,10
India,Maharashtra,Mumbai,"Kandivali East, Mumbai - MPCB",09-06-2024 03:00:00,19.205800,72.868200,PM2.5,7,41,16
India,Maharashtra,Mumbai,"Kandivali West, Mumbai - BMC",09-06-2024 03:00:00,19.215859,72.831718,SO2,1,2,1
India,Maharashtra,Mumbai,"Kherwadi_Bandra East, Mumbai - MPCB",09-06-2024 03:00:00,19.0632143,72.8456324,NO2,2,26,11
India,Maharashtra,Mumbai,"Kherwadi_Bandra East, Mumbai - MPCB",09-06-2024 03:00:00,19.0632143,72.8456324,OZONE,6,65,34
India,Maharashtra,Mumbai,"Khindipada-Bhandup West, Mumbai - IITM",09-06-2024 03:00:00,19.1653323,72.922099,NO2,2,6,4
India,Maharashtra,Mumbai,"Khindipada-Bhandup West, Mumbai - IITM",09-06-2024 03:00:00,19.1653323,72.922099,SO2,NA,NA,NA
India,Maharashtra,Mumbai,"Kurla, Mumbai - MPCB",09-06-2024 03:00:00,19.0863,72.8888,PM2.5,5,35,17
India,Maharashtra,Mumbai,"Kurla, Mumbai - MPCB",09-06-2024 03:00:00,19.0863,72.8888,NH3,2,2,2
India,Maharashtra,Mumbai,"Mazgaon, Mumbai - IITM",09-06-2024 03:00:00,18.96702,72.84214,OZONE,29,69,33
India,Maharashtra,Mumbai,"Mindspace-Malad West, Mumbai - MPCB",09-06-2024 03:00:00,19.1878657,72.8304069,NO2,18,25,21
India,Maharashtra,Mumbai,"Mindspace-Malad West, Mumbai - MPCB",09-06-2024 03:00:00,19.1878657,72.8304069,SO2,6,17,9
India,Maharashtra,Mumbai,"Mindspace-Malad West, Mumbai - MPCB",09-06-2024 03:00:00,19.1878657,72.8304069,OZONE,23,39,24
India,Maharashtra,Mumbai,"Mulund West, Mumbai - MPCB",09-06-2024 03:00:00,19.1750,72.9419,CO,34,35,34
India,Maharashtra,Mumbai,"Navy Nagar-Colaba, Mumbai - IITM",09-06-2024 03:00:00,18.897756,72.813320,PM10,26,67,50
India,Maharashtra,Mumbai,"Powai, Mumbai - MPCB",09-06-2024 03:00:00,19.137500,72.915056,CO,33,41,38
India,Maharashtra,Mumbai,"Powai, Mumbai - MPCB",09-06-2024 03:00:00,19.137500,72.915056,OZONE,1,13,3
India,Maharashtra,Mumbai,"Sewri, Mumbai - BMC",09-06-2024 03:00:00,19.000084,72.856730,NO2,5,12,9
India,Maharashtra,Mumbai,"Siddharth Nagar-Worli, Mumbai - IITM",09-06-2024 03:00:00,19.000083,72.813993,NH3,2,3,2
India,Maharashtra,Mumbai,"Sion, Mumbai - MPCB",09-06-2024 03:00:00,19.047000,72.874600,CO,47,56,51
India,Maharashtra,Mumbai,"Sion, Mumbai - MPCB",09-06-2024 03:00:00,19.047000,72.874600,OZONE,44,56,48
India,Maharashtra,Mumbai,"Vile Parle West, Mumbai - MPCB",09-06-2024 03:00:00,19.10861,72.83622,PM2.5,1,22,10
India,Maharashtra,Mumbai,"Worli, Mumbai - MPCB",09-06-2024 03:00:00,18.9936162,72.8128113,SO2,11,12,12
India,Maharashtra,Nagpur,"Mahal, Nagpur - MPCB",09-06-2024 03:00:00,21.14472,79.107595,PM2.5,39,69,55
India,Maharashtra,Nagpur,"Mahal, Nagpur - MPCB",09-06-2024 03:00:00,21.14472,79.107595,NH3,2,7,6
India,Maharashtra,Nagpur,"Mahal, Nagpur - MPCB",09-06-2024 03:00:00,21.14472,79.107595,CO,20,86,52
India,Maharashtra,Nagpur,"Opp GPO Civil Lines, Nagpur - MPCB",09-06-2024 03:00:00,21.152875,79.0517531,CO,14,60,36
India,Maharashtra,Nanded,"Sneh Nagar, Nanded - MPCB",09-06-2024 03:00:00,19.173852,77.296291,NH3,1,2,2
India,Maharashtra,Nashik,"Gangapur Road, Nashik - MPCB",09-06-2024 03:00:00,20.0073285,73.7762427,SO2,8,16,12
India,Maharashtra,Nashik,"Pandav Nagari, Nashik - MPCB",09-06-2024 03:00:00,19.9591346,73.7788008,PM2.5,36,79,49
India,Maharashtra,Navi Mumbai,"Kopripada-Vashi, Navi Mumbai - MPCB",09-06-2024 03:00:00,19.090337,73.014232,SO2,4,5,4
India,Maharashtra,Navi Mumbai,"Kopripada-Vashi, Navi Mumbai - MPCB",09-06-2024 03:00:00,19.090337,73.014232,CO,4,19,12
India,Maharashtra,Navi Mumbai,"Mahape, Navi Mumbai - MPCB",09-06-2024 03:00:00,19.1135051,73.008978,OZONE,8,16,12
India,Maharashtra,Navi Mumbai,"Nerul, Navi Mumbai - MPCB",09-06-2024 03:00:00,19.008751,73.016620,PM10,33,98,56
India,Maharashtra,Navi Mumbai,"Sanpada, Navi Mumbai - MPCB",09-06-2024 03:00:00,19.0575752,73.0151367,NH3,2,3,3
India,Maharashtra,Navi Mumbai,"Sector-19A Nerul, Navi Mumbai - IITM",09-06-2024 03:00:00,19.044,73.0325,NH3,23,53,35
India,Maharashtra,Navi Mumbai,"Sector-2E Kalamboli, Navi Mumbai - MPCB",09-06-2024 03:00:00,19.02579,73.10297,NH3,1,3,2
India,Maharashtra,Navi Mumbai,"Tondare-Taloja, Navi Mumbai - MPCB",09-06-2024 03:00:00,19.0630,73.1209,NO2,8,30,18
India,Maharashtra,Parbhani,"Masoom Colony, Parbhani - MPCB",09-06-2024 03:00:00,19.265594,76.761463,NO2,13,29,16
India,Maharashtra,Pimpri-Chinchwad,"Gavalinagar, Pimpri Chinchwad - MPCB",09-06-2024 03:00:00,18.63673,73.82487,PM2.5,24,58,39
India,Maharashtra,Pimpri-Chinchwad,"Gavalinagar, Pimpri Chinchwad - MPCB",09-06-2024 03:00:00,18.63673,73.82487,PM10,43,81,60
India,Maharashtra,Pune,"Alandi, Pune - IITM",09-06-2024 03:00:00,18.675076,73.892743,PM2.5,17,46,26
India,Maharashtra,Pune,"Bhosari, Pune - IITM",09-06-2024 03:00:00,18.640051,73.848956,PM2.5,17,34,26
India,Maharashtra,Pune,"Bhosari, Pune - IITM",09-06-2024 03:00:00,18.640051,73.848956,PM10,17,51,42
India,Maharashtra,Pune,"Bhosari, Pune - IITM",09-06-2024 03:00:00,18.640051,73.848956,OZONE,19,116,46
India,Maharashtra,Pune,"Hadapsar, Pune - IITM",09-06-2024 03:00:00,18.501793,73.927532,PM2.5,29,88,63
India,Maharashtra,Pune,"Mhada Colony, Pune - IITM",09-06-2024 03:00:00,18.573040,73.927715,PM2.5,22,53,35
India,Maharashtra,Pune,"Mhada Colony, Pune - IITM",09-06-2024 03:00:00,18.573040,73.927715,NO2,26,49,35
India,Maharashtra,Pune,"Mhada Colony, Pune - IITM",09-06-2024 03:00:00,18.573040,73.927715,OZONE,2,91,49
India,Maharashtra,Pune,"Savitribai Phule Pune University, Pune - MPCB",09-06-2024 03:00:00,18.547056,73.826908,OZONE,6,99,45
India,Maharashtra,Solapur,"Dnyaneshwar Nagar, Solapur - MPCB",09-06-2024 03:00:00,17.6336264,75.9132495,NO2,4,22,12
India,Maharashtra,Solapur,"Dnyaneshwar Nagar, Solapur - MPCB",09-06-2024 03:00:00,17.6336264,75.9132495,OZONE,17,50,30
India,Maharashtra,Solapur,"Ratandeep Housing Society, Solapur - MPCB",09-06-2024 03:00:00,17.65439,75.90649,PM2.5,19,62,34
India,Maharashtra,Solapur,"Ratandeep Housing Society, Solapur - MPCB",09-06-2024 03:00:00,17.65439,75.90649,PM10,46,105,71
India,Maharashtra,Solapur,"Ratandeep Housing Society, Solapur - MPCB",09-06-2024 03:00:00,17.65439,75.90649,OZONE,23,80,42
India,Maharashtra,Thane,"Kasarvadavali, Thane - MPCB",09-06-2024 03:00:00,19.26777,72.97182,NO2,2,24,14
India,Maharashtra,Thane,"Kasarvadavali, Thane - MPCB",09-06-2024 03:00:00,19.26777,72.97182,SO2,4,6,4
India,Maharashtra,Thane,"Pimpleshwar Mandir, Thane - MPCB",09-06-2024 03:00:00,19.192056,72.9585188,NH3,1,4,2
India,Maharashtra,Thane,"Pimpleshwar Mandir, Thane - MPCB",09-06-2024 03:00:00,19.192056,72.9585188,CO,27,107,75
India,Maharashtra,Thane,"Upvan Fort, Thane - MPCB",09-06-2024 03:00:00,19.222279,72.957979,PM10,20,55,37
India,Maharashtra,Ulhasnagar,"Sidhi Vinayak Nagar, Ulhasnagar - MPCB",09-06-2024 03:00:00,19.235581,73.159121,PM10,33,72,54
India,Maharashtra,Ulhasnagar,"Sidhi Vinayak Nagar, Ulhasnagar - MPCB",09-06-2024 03:00:00,19.235581,73.159121,NO2,18,32,23
India,Maharashtra,Virar,"Bolinj, Virar - MPCB",09-06-2024 03:00:00,19.4458210,72.7988231,NO2,8,42,17
India,Meghalaya,Shillong,"Lumpyngngad, Shillong - Meghalaya PCB",09-06-2024 03:00:00,25.5586,91.8985,SO2,37,38,37
India,Mizoram,Aizawl,"Sikulpuikawn, Aizawl - Mizoram PCB",09-06-2024 03:00:00,23.7176342,92.7192841,PM2.5,7,30,17
India,Mizoram,Aizawl,"Sikulpuikawn, Aizawl - Mizoram PCB",09-06-2024 03:00:00,23.7176342,92.7192841,OZONE,3,24,12
India,Odisha,Angul,"Hakimapada, Angul - OSPCB",09-06-2024 03:00:00,20.832874,85.104082,SO2,7,105,25
India,Odisha,Balasore,"Kalidaspur, Balasore - OSPCB",09-06-2024 03:00:00,21.51161,86.89088,PM2.5,12,67,39
India,Odisha,Balasore,"Kalidaspur, Balasore - OSPCB",09-06-2024 03:00:00,21.51161,86.89088,CO,56,115,99
India,Odisha,Barbil,"Forest Office, Barbil - OSPCB",09-06-2024 03:00:00,22.1166054,85.3945546,PM2.5,32,113,69
India,Odisha,Barbil,"Forest Office, Barbil - OSPCB",09-06-2024 03:00:00,22.1166054,85.3945546,OZONE,89,230,140
India,Odisha,Baripada,"Meher Colony, Baripada - OSPCB",09-06-2024 03:00:00,21.941841,86.728318,SO2,NA,NA,NA
India,Odisha,Baripada,"Meher Colony, Baripada - OSPCB",09-06-2024 03:00:00,21.941841,86.728318,OZONE,47,133,78
India,Odisha,Bhubaneswar,"Lingraj Mandir, Bhubaneswar - OSPCB",09-06-2024 03:00:00,20.240790,85.836784,NO2,6,16,11
India,Odisha,Bileipada,"Tata Township, Bileipada - OSPCB",09-06-2024 03:00:00,22.06156703,85.47409613,PM2.5,51,91,72
India,Odisha,Cuttack,"CDA Area, Cuttack - OSPCB",09-06-2024 03:00:00,20.48891     ,85.84768     ,PM2.5,12,65,31
India,Odisha,Cuttack,"CDA Area, Cuttack - OSPCB",09-06-2024 03:00:00,20.48891     ,85.84768     ,PM10,16,98,46
India,Odisha,Cuttack,"CDA Area, Cuttack - OSPCB",09-06-2024 03:00:00,20.48891     ,85.84768     ,CO,12,26,16
India,Odisha,Keonjhar,"Jagamohanpur, Keonjhar - OSPCB",09-06-2024 03:00:00,21.643900,85.599355,SO2,8,34,16
India,Odisha,Keonjhar,"Jagamohanpur, Keonjhar - OSPCB",09-06-2024 03:00:00,21.643900,85.599355,CO,8,149,13
India,Odisha,Nayagarh,"Dabuna, Nayagarh - OSPCB",09-06-2024 03:00:00,21.847279,85.416905,PM10,NA,NA,NA
India,Odisha,Nayagarh,"Dabuna, Nayagarh - OSPCB",09-06-2024 03:00:00,21.847279,85.416905,CO,16,22,22
India,Odisha,Rairangpur,"Divisional Forest Office, Rairangpur - OSPCB",09-06-2024 03:00:00,22.265816,86.174829,OZONE,11,60,20
India,Odisha,Rourkela,"Raghunathpali, Rourkela - OSPCB",09-06-2024 03:00:00,22.220833,84.809444,PM2.5,90,182,120
India,Odisha,Rourkela,"Sector-2, Rourkela - OSPCB",09-06-2024 03:00:00,22.24500000,84.88111111,PM2.5,1,168,26
India,Odisha,Suakati,"OMC Colony, Suakati - OSPCB",09-06-2024 03:00:00,21.606865,85.510538,SO2,6,24,14
India,Odisha,Talcher,"Talcher Coalfields,Talcher - OSPCB",09-06-2024 03:00:00,20.9360711,85.1707021,PM10,40,222,104
India,Odisha,Talcher,"Talcher Coalfields,Talcher - OSPCB",09-06-2024 03:00:00,20.9360711,85.1707021,SO2,18,27,22
India,Odisha,Tensa,"Barsua Iron Ore Mines, Tensa - OSPCB",09-06-2024 03:00:00,21.869985,85.167016,CO,18,32,28
India,Punjab,Amritsar,"Golden Temple, Amritsar - PPCB",09-06-2024 03:00:00,31.620000,74.876512,PM2.5,64,213,126
India,Punjab,Amritsar,"Golden Temple, Amritsar - PPCB",09-06-2024 03:00:00,31.620000,74.876512,PM10,84,116,103
India,Punjab,Amritsar,"Golden Temple, Amritsar - PPCB",09-06-2024 03:00:00,31.620000,74.876512,SO2,9,14,12
India,Punjab,Jalandhar,"Civil Line, Jalandhar - PPCB",09-06-2024 03:00:00,31.321907,75.578914,NH3,5,5,5
India,Punjab,Ludhiana,"Punjab Agricultural University, Ludhiana - PPCB",09-06-2024 03:00:00,30.9028,75.8086,PM10,115,191,135
India,Punjab,Ludhiana,"Punjab Agricultural University, Ludhiana - PPCB",09-06-2024 03:00:00,30.9028,75.8086,NO2,17,18,18
India,Punjab,Mandi Gobindgarh,"RIMT University, Mandi Gobindgarh - PPCB",09-06-2024 03:00:00,30.649961,76.331442,PM2.5,84,407,272
India,Rajasthan,Alwar,"Moti Doongri, Alwar - RSPCB",09-06-2024 03:00:00,27.554793,76.611536,PM2.5,79,419,203
India,Rajasthan,Alwar,"Moti Doongri, Alwar - RSPCB",09-06-2024 03:00:00,27.554793,76.611536,PM10,89,500,222
India,Rajasthan,Alwar,"Moti Doongri, Alwar - RSPCB",09-06-2024 03:00:00,27.554793,76.611536,OZONE,14,91,34
India,Rajasthan,Baran,"Bamboliya, Baran - RSPCB",09-06-2024 03:00:00,25.106006,76.469948,PM10,NA,NA,NA
India,Rajasthan,Baran,"Bamboliya, Baran - RSPCB",09-06-2024 03:00:00,25.106006,76.469948,NO2,NA,NA,NA
India,Rajasthan,Baran,"Bamboliya, Baran - RSPCB",09-06-2024 03:00:00,25.106006,76.469948,OZONE,56,97,76
India,Rajasthan,Barmer,"Railway Colony, Barmer - RSPCB",09-06-2024 03:00:00,25.747299,71.393989,PM2.5,18,64,45
India,Rajasthan,Bharatpur,"Krishna Nagar, Bharatpur - RSPCB",09-06-2024 03:00:00,27.215415,77.50873,PM2.5,59,472,281
India,Rajasthan,Bharatpur,"Krishna Nagar, Bharatpur - RSPCB",09-06-2024 03:00:00,27.215415,77.50873,NH3,1,2,1
India,Rajasthan,Bharatpur,"Krishna Nagar, Bharatpur - RSPCB",09-06-2024 03:00:00,27.215415,77.50873,SO2,1,9,3
India,Rajasthan,Bharatpur,"Krishna Nagar, Bharatpur - RSPCB",09-06-2024 03:00:00,27.215415,77.50873,CO,5,38,32
India,Rajasthan,Bhilwara,"Pratap Nagar, Bhilwara - RSPCB",09-06-2024 03:00:00,25.339605,74.618883,PM10,NA,NA,NA
India,Rajasthan,Bhilwara,"Pratap Nagar, Bhilwara - RSPCB",09-06-2024 03:00:00,25.339605,74.618883,NH3,NA,NA,NA
India,Rajasthan,Bhiwadi,"RIICO Ind. Area III, Bhiwadi - RSPCB",09-06-2024 03:00:00,28.194909,76.862296,CO,4,71,28
India,Rajasthan,Bhiwadi,"RIICO Ind. Area III, Bhiwadi - RSPCB",09-06-2024 03:00:00,28.194909,76.862296,OZONE,10,89,22
India,Rajasthan,Bhiwadi,"Vasundhara Nagar_UIT, Bhiwadi - RSPCB",09-06-2024 03:00:00,28.207266,76.829265,PM10,139,500,249
India,Rajasthan,Bhiwadi,"Vasundhara Nagar_UIT, Bhiwadi - RSPCB",09-06-2024 03:00:00,28.207266,76.829265,CO,11,26,21
India,Rajasthan,Bikaner,"MM Ground, Bikaner - RSPCB",09-06-2024 03:00:00,28.018792,73.292658,NO2,4,48,29
India,Rajasthan,Bikaner,"MM Ground, Bikaner - RSPCB",09-06-2024 03:00:00,28.018792,73.292658,SO2,NA,NA,NA
India,Rajasthan,Bundi,"New Colony, Bundi - RSPCB",09-06-2024 03:00:00,25.435774,75.644272,SO2,4,6,6
India,Rajasthan,Bundi,"New Colony, Bundi - RSPCB",09-06-2024 03:00:00,25.435774,75.644272,OZONE,56,107,84
India,Rajasthan,Chittorgarh,"Shastri Nagar, Chittorgarh - RSPCB",09-06-2024 03:00:00,24.892047,74.623527,SO2,3,9,5
India,Rajasthan,Chittorgarh,"Shastri Nagar, Chittorgarh - RSPCB",09-06-2024 03:00:00,24.892047,74.623527,CO,8,22,15
India,Rajasthan,Churu,"Subash Chowk, Churu - RSPCB",09-06-2024 03:00:00,28.296139,74.961696,PM2.5,30,338,85
India,Rajasthan,Churu,"Subash Chowk, Churu - RSPCB",09-06-2024 03:00:00,28.296139,74.961696,OZONE,80,149,109
India,Rajasthan,Dausa,"Khatikan Mohalla, Dausa - RSPCB",09-06-2024 03:00:00,26.895552,76.334753,NO2,14,55,25
India,Rajasthan,Dholpur,"Raja Ganj, Dholpur - RSPCB",09-06-2024 03:00:00,26.699557,77.898881,OZONE,51,153,83
India,Rajasthan,Dungarpur,"Bhoiwada, Dungarpur - RSPCB",09-06-2024 03:00:00,23.837789,73.714926,PM10,34,267,109
India,Rajasthan,Dungarpur,"Bhoiwada, Dungarpur - RSPCB",09-06-2024 03:00:00,23.837789,73.714926,SO2,2,7,4
India,Rajasthan,Dungarpur,"Bhoiwada, Dungarpur - RSPCB",09-06-2024 03:00:00,23.837789,73.714926,OZONE,19,93,74
India,Rajasthan,Hanumangarh,"Housing Board, Hanumangarh - RSPCB",09-06-2024 03:00:00,29.610750,74.283608,CO,19,78,58
India,Rajasthan,Hanumangarh,"Housing Board, Hanumangarh - RSPCB",09-06-2024 03:00:00,29.610750,74.283608,OZONE,15,48,27
India,Rajasthan,Jaipur,"Adarsh Nagar, Jaipur - RSPCB",09-06-2024 03:00:00,26.902909,75.836858,PM10,71,500,270
India,Rajasthan,Jaipur,"Adarsh Nagar, Jaipur - RSPCB",09-06-2024 03:00:00,26.902909,75.836858,OZONE,23,84,44
India,Rajasthan,Jaipur,"Mansarovar Sector-12, Jaipur - RSPCB",09-06-2024 03:00:00,26.843698,75.766894,PM10,67,500,275
India,Rajasthan,Jaipur,"Mansarovar Sector-12, Jaipur - RSPCB",09-06-2024 03:00:00,26.843698,75.766894,NO2,17,50,32
India,Rajasthan,Jaipur,"Mansarovar Sector-12, Jaipur - RSPCB",09-06-2024 03:00:00,26.843698,75.766894,OZONE,32,311,88
India,Rajasthan,Jaipur,"Police Commissionerate, Jaipur - RSPCB",09-06-2024 03:00:00,26.9164092,75.7994901,PM10,91,500,273
India,Rajasthan,Jaipur,"Police Commissionerate, Jaipur - RSPCB",09-06-2024 03:00:00,26.9164092,75.7994901,SO2,17,24,21
India,Rajasthan,Jaipur,"RIICO Sitapura, Jaipur - RSPCB",09-06-2024 03:00:00,26.786682,75.827928,SO2,6,24,10
India,Rajasthan,Jaipur,"RIICO Sitapura, Jaipur - RSPCB",09-06-2024 03:00:00,26.786682,75.827928,CO,10,55,18
India,Rajasthan,Jaipur,"Sector-2 Murlipura, Jaipur - RSPCB",09-06-2024 03:00:00,26.960669,75.771817,PM2.5,20,312,95
India,Rajasthan,Jaipur,"Sector-2 Murlipura, Jaipur - RSPCB",09-06-2024 03:00:00,26.960669,75.771817,PM10,44,427,158
India,Rajasthan,Jaipur,"Shastri Nagar, Jaipur - RSPCB",09-06-2024 03:00:00,26.9502929,75.730943,PM10,129,500,345
India,Rajasthan,Jaisalmer,"Sadar Bazar, Jaisalmer - RSPCB",09-06-2024 03:00:00,26.912329,70.909168,NH3,2,13,6
India,Rajasthan,Jaisalmer,"Sadar Bazar, Jaisalmer - RSPCB",09-06-2024 03:00:00,26.912329,70.909168,CO,25,48,33
India,Rajasthan,Jaisalmer,"Sadar Bazar, Jaisalmer - RSPCB",09-06-2024 03:00:00,26.912329,70.909168,OZONE,51,80,66
India,Rajasthan,Jhalawar,"Rajlaxmi Nagar, Jhalawar - RSPCB",09-06-2024 03:00:00,24.588397,76.172782,PM10,44,120,76
India,Rajasthan,Jhalawar,"Rajlaxmi Nagar, Jhalawar - RSPCB",09-06-2024 03:00:00,24.588397,76.172782,NO2,13,32,22
India,Rajasthan,Jhalawar,"Rajlaxmi Nagar, Jhalawar - RSPCB",09-06-2024 03:00:00,24.588397,76.172782,CO,12,28,20
India,Rajasthan,Jhalawar,"Rajlaxmi Nagar, Jhalawar - RSPCB",09-06-2024 03:00:00,24.588397,76.172782,OZONE,57,98,72
India,Rajasthan,Jodhpur,"Collectorate, Jodhpur - RSPCB",09-06-2024 03:00:00,26.268249,73.0193853,PM2.5,34,335,117
India,Rajasthan,Jodhpur,"Collectorate, Jodhpur - RSPCB",09-06-2024 03:00:00,26.268249,73.0193853,OZONE,20,82,55
India,Rajasthan,Jodhpur,"Mandor, Jodhpur - RSPCB",09-06-2024 03:00:00,26.358805,73.047444,SO2,3,5,4
India,Rajasthan,Jodhpur,"Samrat Ashok Udhyan, Jodhpur - RSPCB",09-06-2024 03:00:00,26.253384,72.976571,OZONE,48,92,64
India,Rajasthan,Karauli,"Satyawati Vihar, Karauli - RSPCB",09-06-2024 03:00:00,26.506177,77.025989,NH3,3,5,4
India,Rajasthan,Kota,"Dhanmandi, Kota - RSPCB",09-06-2024 03:00:00,25.164090,75.858137,NH3,4,12,7
India,Rajasthan,Kota,"Nayapura, Kota - RSPCB",09-06-2024 03:00:00,25.196024,75.855668,NO2,12,62,24
India,Rajasthan,Kota,"Nayapura, Kota - RSPCB",09-06-2024 03:00:00,25.196024,75.855668,SO2,5,15,9
India,Rajasthan,Kota,"Shrinath Puram, Kota - RSPCB",09-06-2024 03:00:00,25.14389,75.821256,SO2,3,80,19
India,Rajasthan,Kota,"Shrinath Puram, Kota - RSPCB",09-06-2024 03:00:00,25.14389,75.821256,CO,10,58,44
India,Rajasthan,Pali,"Indira Colony Vistar, Pali - RSPCB",09-06-2024 03:00:00,25.771061, 73.340227,NH3,3,8,5
India,Rajasthan,Pratapgarh,"Pragati Nagar, Pratapgarh - RSPCB",09-06-2024 03:00:00,24.041198,74.780702,NH3,3,6,5
India,Rajasthan,Rajsamand,"Dhoinda, Rajsamand - RSPCB",09-06-2024 03:00:00,25.036360,73.883502,OZONE,2,83,28
India,Rajasthan,Sawai Madhopur,"Sahu Nagar, Sawai Madhopur - RSPCB",09-06-2024 03:00:00,26.031443,76.359327,NO2,14,23,19
India,Rajasthan,Sawai Madhopur,"Sahu Nagar, Sawai Madhopur - RSPCB",09-06-2024 03:00:00,26.031443,76.359327,CO,38,100,49
India,Rajasthan,Sikar,"Radhakishan Pura, Sikar - RSPCB",09-06-2024 03:00:00,27.608912,75.153302,CO,23,42,35
India,Rajasthan,Sikar,"Radhakishan Pura, Sikar - RSPCB",09-06-2024 03:00:00,27.608912,75.153302,OZONE,36,90,53
India,Rajasthan,Sirohi,"Vedhaynath Colony, Sirohi - RSPCB",09-06-2024 03:00:00,24.885261,72.857549,PM2.5,17,264,76
India,Rajasthan,Sirohi,"Vedhaynath Colony, Sirohi - RSPCB",09-06-2024 03:00:00,24.885261,72.857549,CO,2,37,15
India,Rajasthan,Sri Ganganagar,"Old City, Sri Ganganagar - RSPCB",09-06-2024 03:00:00,29.931624,73.864511,PM2.5,62,392,185
India,Rajasthan,Tonk,"Shastri Nagar, Tonk - RSPCB",09-06-2024 03:00:00,26.159933,75.780517,CO,6,56,9
India,Rajasthan,Udaipur,"Ashok Nagar, Udaipur - RSPCB",09-06-2024 03:00:00,24.5886166,73.6321397,NO2,26,80,51
India,Rajasthan,Udaipur,"Ashok Nagar, Udaipur - RSPCB",09-06-2024 03:00:00,24.5886166,73.6321397,OZONE,8,55,13
India,Sikkim,Gangtok,"Zero Point GICI, Gangtok - SSPCB",09-06-2024 03:00:00,27.338530,88.614099,NH3,1,1,1
India,Sikkim,Gangtok,"Zero Point GICI, Gangtok - SSPCB",09-06-2024 03:00:00,27.338530,88.614099,CO,5,15,12
India,Sikkim,Gangtok,"Zero Point GICI, Gangtok - SSPCB",09-06-2024 03:00:00,27.338530,88.614099,OZONE,18,70,28
India,TamilNadu,Chennai,"Alandur Bus Depot, Chennai - CPCB",09-06-2024 03:00:00,12.9099161,80.1076538,NH3,5,12,6
India,TamilNadu,Chennai,"Kodungaiyur, Chennai - TNPCB",09-06-2024 03:00:00,13.1278,80.2642,PM10,12,66,38
India,TamilNadu,Chennai,"Velachery Res. Area, Chennai - CPCB",09-06-2024 03:00:00,13.0052189,80.2398125,CO,106,108,107
India,TamilNadu,Coimbatore,"PSG College of Arts and Science, Coimbatore - TNPCB",09-06-2024 03:00:00,11.0328,77.0349,NO2,1,3,1
India,TamilNadu,Coimbatore,"PSG College of Arts and Science, Coimbatore - TNPCB",09-06-2024 03:00:00,11.0328,77.0349,CO,4,12,9
India,TamilNadu,Coimbatore,"PSG College of Arts and Science, Coimbatore - TNPCB",09-06-2024 03:00:00,11.0328,77.0349,OZONE,3,5,4
India,TamilNadu,Gummidipoondi,"Anthoni Pillai Nagar, Gummidipoondi - TNPCB",09-06-2024 03:00:00,13.4127,80.1081,NO2,18,100,34
India,TamilNadu,Ooty,"Bombay Castel, Ooty - TNPCB",09-06-2024 03:00:00,11.4068288,76.7138973,CO,NA,NA,NA
India,TamilNadu,Ramanathapuram,"Chalai Bazaar, Ramanathapuram - TNPCB",09-06-2024 03:00:00,9.36399,78.831977,PM10,9,42,22
India,TamilNadu,Ramanathapuram,"Chalai Bazaar, Ramanathapuram - TNPCB",09-06-2024 03:00:00,9.36399,78.831977,NH3,1,1,1
India,TamilNadu,Ramanathapuram,"Chalai Bazaar, Ramanathapuram - TNPCB",09-06-2024 03:00:00,9.36399,78.831977,OZONE,13,14,14
India,TamilNadu,Thoothukudi,"Meelavittan, Thoothukudi - TNPCB",09-06-2024 03:00:00,8.816428 ,78.099039,NO2,21,38,32
India,TamilNadu,Thoothukudi,"Meelavittan, Thoothukudi - TNPCB",09-06-2024 03:00:00,8.816428 ,78.099039,OZONE,3,88,45
India,TamilNadu,Tirupur,"Kumaran College, Tirupur - TNPCB",09-06-2024 03:00:00,11.0973603,77.3228673,PM2.5,1,12,3
India,Telangana,Hyderabad,"Bollaram Industrial Area, Hyderabad - TSPCB",09-06-2024 03:00:00,17.540891,78.358528,PM2.5,NA,NA,NA
India,Telangana,Hyderabad,"Bollaram Industrial Area, Hyderabad - TSPCB",09-06-2024 03:00:00,17.540891,78.358528,NH3,3,6,4
India,Telangana,Hyderabad,"Central University, Hyderabad - TSPCB",09-06-2024 03:00:00,17.460103,78.334361,PM10,14,60,27
India,Telangana,Hyderabad,"ICRISAT Patancheru, Hyderabad - TSPCB",09-06-2024 03:00:00,17.518400,78.278777,NO2,5,16,9
India,Telangana,Hyderabad,"ICRISAT Patancheru, Hyderabad - TSPCB",09-06-2024 03:00:00,17.518400,78.278777,SO2,5,23,9
India,Telangana,Hyderabad,"ICRISAT Patancheru, Hyderabad - TSPCB",09-06-2024 03:00:00,17.518400,78.278777,CO,14,56,26
India,Telangana,Hyderabad,"IITH Kandi, Hyderabad - TSPCB",09-06-2024 03:00:00,17.585705,78.126199,PM2.5,16,32,20
India,Telangana,Hyderabad,"IITH Kandi, Hyderabad - TSPCB",09-06-2024 03:00:00,17.585705,78.126199,PM10,45,65,51
India,Telangana,Hyderabad,"IITH Kandi, Hyderabad - TSPCB",09-06-2024 03:00:00,17.585705,78.126199,SO2,5,7,5
India,Telangana,Hyderabad,"IITH Kandi, Hyderabad - TSPCB",09-06-2024 03:00:00,17.585705,78.126199,OZONE,27,44,44
India,Telangana,Hyderabad,"Kokapet, Hyderabad - TSPCB",09-06-2024 03:00:00,17.393559,78.339194,NH3,1,4,3
India,Telangana,Hyderabad,"Kompally Municipal Office, Hyderabad - TSPCB",09-06-2024 03:00:00,17.544899,78.486949,PM2.5,40,66,55
India,Telangana,Hyderabad,"Kompally Municipal Office, Hyderabad - TSPCB",09-06-2024 03:00:00,17.544899,78.486949,NH3,8,9,9
India,Telangana,Hyderabad,"Kompally Municipal Office, Hyderabad - TSPCB",09-06-2024 03:00:00,17.544899,78.486949,OZONE,NA,NA,NA
India,Telangana,Hyderabad,"New Malakpet, Hyderabad - TSPCB",09-06-2024 03:00:00,17.37206,78.50864,PM2.5,32,54,44
India,Telangana,Hyderabad,"New Malakpet, Hyderabad - TSPCB",09-06-2024 03:00:00,17.37206,78.50864,NH3,NA,NA,NA
India,Telangana,Hyderabad,"New Malakpet, Hyderabad - TSPCB",09-06-2024 03:00:00,17.37206,78.50864,SO2,19,80,33
India,Telangana,Hyderabad,"New Malakpet, Hyderabad - TSPCB",09-06-2024 03:00:00,17.37206,78.50864,CO,10,66,40
India,Telangana,Hyderabad,"Zoo Park, Hyderabad - TSPCB",09-06-2024 03:00:00,17.349694,78.451437,NH3,1,3,1
India,Telangana,Hyderabad,"Zoo Park, Hyderabad - TSPCB",09-06-2024 03:00:00,17.349694,78.451437,SO2,NA,NA,NA
India,Telangana,Hyderabad,"Zoo Park, Hyderabad - TSPCB",09-06-2024 03:00:00,17.349694,78.451437,CO,16,72,40
India,Tripura,Agartala,"Bardowali, Agartala - Tripura SPCB",09-06-2024 03:00:00,23.8175497,91.2726974,PM10,34,102,77
India,Tripura,Agartala,"Bardowali, Agartala - Tripura SPCB",09-06-2024 03:00:00,23.8175497,91.2726974,NO2,3,7,5
India,Uttar_Pradesh,Agra,"Manoharpur, Agra - UPPCB",09-06-2024 03:00:00,27.23711,78.01936,NO2,38,38,38
India,Uttar_Pradesh,Agra,"Manoharpur, Agra - UPPCB",09-06-2024 03:00:00,27.23711,78.01936,SO2,20,29,24
India,Uttar_Pradesh,Agra,"Manoharpur, Agra - UPPCB",09-06-2024 03:00:00,27.23711,78.01936,CO,6,11,9
India,Uttar_Pradesh,Agra,"Rohta, Agra - UPPCB",09-06-2024 03:00:00,27.106972,78.000111,NO2,NA,NA,NA
India,Uttar_Pradesh,Agra,"Sanjay Palace, Agra - UPPCB",09-06-2024 03:00:00,27.19865833,78.00598056,OZONE,24,45,34
India,Uttar_Pradesh,Agra,"Shahjahan Garden, Agra - UPPCB",09-06-2024 03:00:00,27.169338,78.03582,NO2,19,19,19
India,Uttar_Pradesh,Agra,"Shahjahan Garden, Agra - UPPCB",09-06-2024 03:00:00,27.169338,78.03582,SO2,27,33,31
India,Uttar_Pradesh,Agra,"Shahjahan Garden, Agra - UPPCB",09-06-2024 03:00:00,27.169338,78.03582,OZONE,1,15,5
India,Uttar_Pradesh,Baghpat,"Sardar Patel Inter College, Baghpat - UPPCB",09-06-2024 03:00:00,28.964949,77.278761,NO2,17,37,27
India,Uttar_Pradesh,Baghpat,"Sardar Patel Inter College, Baghpat - UPPCB",09-06-2024 03:00:00,28.964949,77.278761,SO2,20,104,48
India,Uttar_Pradesh,Baghpat,"Sardar Patel Inter College, Baghpat - UPPCB",09-06-2024 03:00:00,28.964949,77.278761,CO,44,84,61
India,Uttar_Pradesh,Bareilly,"Civil Lines, Bareilly - UPPCB",09-06-2024 03:00:00,28.359581,79.414455,NO2,2,3,2
India,Uttar_Pradesh,Bareilly,"Rajendra Nagar, Bareilly - UPPCB",09-06-2024 03:00:00,28.38910936,79.42963708,NH3,1,6,1
India,Uttar_Pradesh,Bulandshahr,"Yamunapuram, Bulandshahr - UPPCB",09-06-2024 03:00:00,28.406963,77.849831,PM2.5,33,90,60
India,Uttar_Pradesh,Bulandshahr,"Yamunapuram, Bulandshahr - UPPCB",09-06-2024 03:00:00,28.406963,77.849831,OZONE,3,103,37
India,Uttar_Pradesh,Firozabad,"Nagla Bhau, Firozabad - UPPCB",09-06-2024 03:00:00,27.168897,78.376960,PM2.5,34,94,48
India,Uttar_Pradesh,Firozabad,"Nagla Bhau, Firozabad - UPPCB",09-06-2024 03:00:00,27.168897,78.376960,PM10,48,150,90
India,Uttar_Pradesh,Firozabad,"Nagla Bhau, Firozabad - UPPCB",09-06-2024 03:00:00,27.168897,78.376960,CO,3,36,35
India,Uttar_Pradesh,Firozabad,"Vibhab Nagar, Firozabad - UPPCB",09-06-2024 03:00:00,27.1594,78.3953,SO2,4,80,25
India,Uttar_Pradesh,Ghaziabad,"Sanjay Nagar, Ghaziabad - UPPCB",09-06-2024 03:00:00,28.685382,77.453839,CO,22,70,42
India,Uttar_Pradesh,Gorakhpur,"Madan Mohan Malaviya University of Technology, Gorakhpur - UPPCB",09-06-2024 03:00:00,26.730136,83.433859,PM2.5,81,210,128
India,Uttar_Pradesh,Gorakhpur,"Madan Mohan Malaviya University of Technology, Gorakhpur - UPPCB",09-06-2024 03:00:00,26.730136,83.433859,NH3,1,1,1
India,Uttar_Pradesh,Greater Noida,"Knowledge Park - III, Greater Noida - UPPCB",09-06-2024 03:00:00,28.47272,77.482000,PM10,151,408,237
India,Uttar_Pradesh,Greater Noida,"Knowledge Park - V, Greater Noida - UPPCB",09-06-2024 03:00:00,28.557054,77.453663,SO2,8,22,13
India,Uttar_Pradesh,Jhansi,"Shivaji Nagar, Jhansi - UPPCB",09-06-2024 03:00:00,25.4547,78.6039,SO2,16,20,18
India,Uttar_Pradesh,Kanpur,"FTI Kidwai Nagar, Kanpur - UPPCB",09-06-2024 03:00:00,26.428282,80.327067,NO2,12,12,12
India,Uttar_Pradesh,Kanpur,"FTI Kidwai Nagar, Kanpur - UPPCB",09-06-2024 03:00:00,26.428282,80.327067,NH3,2,4,3
India,Uttar_Pradesh,Kanpur,"NSI Kalyanpur, Kanpur - UPPCB",09-06-2024 03:00:00,26.509954,80.249612,PM10,57,184,145
India,Uttar_Pradesh,Kanpur,"NSI Kalyanpur, Kanpur - UPPCB",09-06-2024 03:00:00,26.509954,80.249612,NO2,25,27,26
India,Uttar_Pradesh,Kanpur,"NSI Kalyanpur, Kanpur - UPPCB",09-06-2024 03:00:00,26.509954,80.249612,SO2,18,32,22
India,Uttar_Pradesh,Kanpur,"NSI Kalyanpur, Kanpur - UPPCB",09-06-2024 03:00:00,26.509954,80.249612,OZONE,74,129,112
India,Uttar_Pradesh,Lucknow,"B R Ambedkar University, Lucknow - UPPCB",09-06-2024 03:00:00,26.766433,80.927299,PM10,120,188,144
India,Uttar_Pradesh,Lucknow,"B R Ambedkar University, Lucknow - UPPCB",09-06-2024 03:00:00,26.766433,80.927299,NH3,12,14,13
India,Uttar_Pradesh,Lucknow,"Gomti Nagar, Lucknow - UPPCB",09-06-2024 03:00:00,26.868120,81.005119,PM2.5,92,178,129
India,Uttar_Pradesh,Lucknow,"Kukrail Picnic Spot-1, Lucknow - UPPCB",09-06-2024 03:00:00,26.90723,80.98579,NH3,2,2,2
India,Uttar_Pradesh,Lucknow,"Lalbagh, Lucknow - CPCB",09-06-2024 03:00:00,26.8458805,80.9365541,OZONE,19,153,66
India,Uttar_Pradesh,Lucknow,"Talkatora District Industries Center, Lucknow - CPCB",09-06-2024 03:00:00,26.83399722,80.8917361,PM2.5,153,260,204
India,Uttar_Pradesh,Lucknow,"Talkatora District Industries Center, Lucknow - CPCB",09-06-2024 03:00:00,26.83399722,80.8917361,PM10,151,177,167
India,Uttar_Pradesh,Meerut,"Ganga Nagar, Meerut - UPPCB",09-06-2024 03:00:00,28.999264,77.7590354,OZONE,26,84,39
India,Uttar_Pradesh,Meerut,"Jai Bhim Nagar, Meerut - UPPCB",09-06-2024 03:00:00,28.9535882,77.7622941,PM2.5,35,108,66
India,Uttar_Pradesh,Meerut,"Jai Bhim Nagar, Meerut - UPPCB",09-06-2024 03:00:00,28.9535882,77.7622941,PM10,172,280,220
India,Uttar_Pradesh,Meerut,"Pallavpuram Phase 2, Meerut - UPPCB",09-06-2024 03:00:00,29.063510,77.709723,NO2,12,38,23
India,Uttar_Pradesh,Meerut,"Pallavpuram Phase 2, Meerut - UPPCB",09-06-2024 03:00:00,29.063510,77.709723,CO,16,60,53
India,Uttar_Pradesh,Moradabad,"Buddhi Vihar, Moradabad - UPPCB",09-06-2024 03:00:00,28.83526,78.74460,CO,18,31,25
India,Uttar_Pradesh,Moradabad,"Eco Herbal Park, Moradabad - UPPCB",09-06-2024 03:00:00,28.840739,78.697531,PM2.5,27,90,49
India,Uttar_Pradesh,Moradabad,"Eco Herbal Park, Moradabad - UPPCB",09-06-2024 03:00:00,28.840739,78.697531,PM10,94,142,114
India,Uttar_Pradesh,Moradabad,"Eco Herbal Park, Moradabad - UPPCB",09-06-2024 03:00:00,28.840739,78.697531,NO2,10,39,22
India,Uttar_Pradesh,Moradabad,"Eco Herbal Park, Moradabad - UPPCB",09-06-2024 03:00:00,28.840739,78.697531,OZONE,26,181,84
India,Uttar_Pradesh,Moradabad,"Employment Office, Moradabad - UPPCB",09-06-2024 03:00:00,28.88528,78.73880,NO2,12,17,17
India,Uttar_Pradesh,Moradabad,"Jigar Colony, Moradabad - UPPCB",09-06-2024 03:00:00,28.856664,78.772638,SO2,16,21,19
India,Uttar_Pradesh,Moradabad,"Jigar Colony, Moradabad - UPPCB",09-06-2024 03:00:00,28.856664,78.772638,OZONE,4,27,9
India,Uttar_Pradesh,Moradabad,"Kashiram Nagar, Moradabad - UPPCB",09-06-2024 03:00:00,28.849399,78.742362,PM2.5,34,88,64
India,Uttar_Pradesh,Moradabad,"Kashiram Nagar, Moradabad - UPPCB",09-06-2024 03:00:00,28.849399,78.742362,NH3,4,4,4
India,Uttar_Pradesh,Moradabad,"Kashiram Nagar, Moradabad - UPPCB",09-06-2024 03:00:00,28.849399,78.742362,SO2,31,79,55
India,Uttar_Pradesh,Moradabad,"Kashiram Nagar, Moradabad - UPPCB",09-06-2024 03:00:00,28.849399,78.742362,OZONE,34,134,68
India,Uttar_Pradesh,Moradabad,"Transport Nagar, Moradabad - UPPCB",09-06-2024 03:00:00,28.802625,78.753728,PM10,73,144,105
India,Uttar_Pradesh,Moradabad,"Transport Nagar, Moradabad - UPPCB",09-06-2024 03:00:00,28.802625,78.753728,CO,39,44,41
India,Uttar_Pradesh,Muzaffarnagar,"New Mandi, Muzaffarnagar - UPPCB",09-06-2024 03:00:00,29.4723508,77.7194031,PM10,162,237,196
India,Uttar_Pradesh,Noida,"Sector - 62, Noida - IMD",09-06-2024 03:00:00,28.6245479,77.3577104,PM2.5,47,175,88
India,Uttar_Pradesh,Noida,"Sector - 62, Noida - IMD",09-06-2024 03:00:00,28.6245479,77.3577104,PM10,134,388,212
India,Uttar_Pradesh,Noida,"Sector - 62, Noida - IMD",09-06-2024 03:00:00,28.6245479,77.3577104,OZONE,13,53,21
India,Uttar_Pradesh,Noida,"Sector-1, Noida - UPPCB",09-06-2024 03:00:00,28.5898,77.3101,NO2,17,84,46
India,Uttar_Pradesh,Noida,"Sector-1, Noida - UPPCB",09-06-2024 03:00:00,28.5898,77.3101,SO2,7,22,13
India,Uttar_Pradesh,Noida,"Sector-1, Noida - UPPCB",09-06-2024 03:00:00,28.5898,77.3101,OZONE,15,175,48
India,Uttar_Pradesh,Prayagraj,"Jhunsi, Prayagraj - UPPCB",09-06-2024 03:00:00,25.425602,81.917152,NO2,5,6,6
India,Uttar_Pradesh,Prayagraj,"Jhunsi, Prayagraj - UPPCB",09-06-2024 03:00:00,25.425602,81.917152,NH3,5,5,5
India,Uttar_Pradesh,Prayagraj,"Motilal Nehru NIT, Prayagraj - UPPCB",09-06-2024 03:00:00,25.494,81.863,SO2,13,24,18
India,Uttar_Pradesh,Prayagraj,"Motilal Nehru NIT, Prayagraj - UPPCB",09-06-2024 03:00:00,25.494,81.863,CO,18,56,45
India,Uttar_Pradesh,Prayagraj,"Nagar Nigam, Prayagraj - UPPCB",09-06-2024 03:00:00,25.44919916 ,81.82735986 ,NO2,5,5,5
India,Uttar_Pradesh,Prayagraj,"Nagar Nigam, Prayagraj - UPPCB",09-06-2024 03:00:00,25.44919916 ,81.82735986 ,NH3,3,4,3
India,Uttar_Pradesh,Varanasi,"Bhelupur, Varanasi - UPPCB",09-06-2024 03:00:00,25.301778,82.996789,PM2.5,6,15,11
India,Uttar_Pradesh,Varanasi,"Bhelupur, Varanasi - UPPCB",09-06-2024 03:00:00,25.301778,82.996789,NO2,8,8,8
India,Uttar_Pradesh,Varanasi,"Bhelupur, Varanasi - UPPCB",09-06-2024 03:00:00,25.301778,82.996789,CO,13,58,38
India,Uttar_Pradesh,Varanasi,"Maldahiya, Varanasi - UPPCB",09-06-2024 03:00:00,25.32393,82.99687,PM10,23,69,51
India,Uttar_Pradesh,Varanasi,"Maldahiya, Varanasi - UPPCB",09-06-2024 03:00:00,25.32393,82.99687,NO2,1,2,2
India,Uttar_Pradesh,Varanasi,"Maldahiya, Varanasi - UPPCB",09-06-2024 03:00:00,25.32393,82.99687,SO2,28,35,30
India,Uttar_Pradesh,Vrindavan,"Omex Eternity, Vrindavan - UPPCB",09-06-2024 03:00:00,27.5714090,77.6557570,PM10,45,444,198
India,Uttar_Pradesh,Vrindavan,"Omex Eternity, Vrindavan - UPPCB",09-06-2024 03:00:00,27.5714090,77.6557570,OZONE,20,25,22
India,Uttarakhand,Dehradun,"Doon University, Dehradun - UKPCB",09-06-2024 03:00:00,30.269444,78.044167,OZONE,45,174,98
India,Uttarakhand,Kashipur,"Govt. Girls Inter College, Kashipur - UKPCB",09-06-2024 03:00:00,29.2124114,78.9611753,PM2.5,19,170,110
India,Uttarakhand,Kashipur,"Govt. Girls Inter College, Kashipur - UKPCB",09-06-2024 03:00:00,29.2124114,78.9611753,PM10,32,167,144
India,Uttarakhand,Kashipur,"Govt. Girls Inter College, Kashipur - UKPCB",09-06-2024 03:00:00,29.2124114,78.9611753,CO,4,41,21
India,Uttarakhand,Rishikesh,"Shivaji Nagar, Rishikesh - UKPCB",09-06-2024 03:00:00,30.075911,78.2859547,PM2.5,NA,NA,NA
India,West_Bengal,Asansol,"Asansol Court Area, Asansol - WBPCB",09-06-2024 03:00:00,23.685297,86.945968,NO2,39,59,48
India,West_Bengal,Asansol,"Asansol Court Area, Asansol - WBPCB",09-06-2024 03:00:00,23.685297,86.945968,OZONE,36,132,69
India,West_Bengal,Asansol,"Evelyn Lodge, Asansol - WBPCB",09-06-2024 03:00:00,23.6979360,86.9443950,PM2.5,65,177,107
India,West_Bengal,Asansol,"Evelyn Lodge, Asansol - WBPCB",09-06-2024 03:00:00,23.6979360,86.9443950,NO2,13,34,19
India,West_Bengal,Barrackpore,"SVSPA Campus, Barrackpore - WBPCB",09-06-2024 03:00:00,22.7605581,88.3617589,PM2.5,4,97,53
India,West_Bengal,Barrackpore,"SVSPA Campus, Barrackpore - WBPCB",09-06-2024 03:00:00,22.7605581,88.3617589,PM10,49,111,73
India,West_Bengal,Barrackpore,"SVSPA Campus, Barrackpore - WBPCB",09-06-2024 03:00:00,22.7605581,88.3617589,NH3,1,3,2
India,West_Bengal,Durgapur,"Sidhu Kanhu Indoor Stadium, Durgapur - WBPCB",09-06-2024 03:00:00,23.5404352,87.2892225,PM10,113,199,150
India,West_Bengal,Howrah,"Belur Math, Howrah - WBPCB",09-06-2024 03:00:00,22.629801,88.352017,NH3,1,2,1
India,West_Bengal,Howrah,"Padmapukur, Howrah - WBPCB",09-06-2024 03:00:00,22.5687319,88.2797276,PM2.5,44,95,67
India,West_Bengal,Howrah,"Padmapukur, Howrah - WBPCB",09-06-2024 03:00:00,22.5687319,88.2797276,NO2,26,38,31
India,West_Bengal,Howrah,"Padmapukur, Howrah - WBPCB",09-06-2024 03:00:00,22.5687319,88.2797276,SO2,18,52,30
India,West_Bengal,Howrah,"Padmapukur, Howrah - WBPCB",09-06-2024 03:00:00,22.5687319,88.2797276,OZONE,23,41,26
India,West_Bengal,Kolkata,"Ballygunge, Kolkata - WBPCB",09-06-2024 03:00:00,22.5367507,88.3638022,OZONE,26,62,37
India,West_Bengal,Kolkata,"Bidhannagar, Kolkata - WBPCB",09-06-2024 03:00:00,22.58157048,88.41002457,NH3,8,9,8
India,West_Bengal,Kolkata,"Bidhannagar, Kolkata - WBPCB",09-06-2024 03:00:00,22.58157048,88.41002457,SO2,8,14,11
India,West_Bengal,Kolkata,"Jadavpur, Kolkata - WBPCB",09-06-2024 03:00:00,22.49929,88.36917,OZONE,24,64,33
India,West_Bengal,Kolkata,"Rabindra Bharati University, Kolkata - WBPCB",09-06-2024 03:00:00,22.627847,88.380669,SO2,4,11,6
India,West_Bengal,Kolkata,"Victoria, Kolkata - WBPCB",09-06-2024 03:00:00,22.5448082,88.3403691,PM10,49,74,62
India,West_Bengal,Siliguri,"Ward-32 Bapupara, Siliguri - WBPCB",09-06-2024 03:00:00,26.6879226,88.4152495,PM10,44,70,57
India,West_Bengal,Siliguri,"Ward-32 Bapupara, Siliguri - WBPCB",09-06-2024 03:00:00,26.6879226,88.4152495,NO2,23,35,26
India,West_Bengal,Siliguri,"Ward-32 Bapupara, Siliguri - WBPCB",09-06-2024 03:00:00,26.6879226,88.4152495,CO,10,38,29
India,Andhra_Pradesh,Amaravati,"Secretariat, Amaravati - APPCB",09-06-2024 03:00:00,16.5150833,80.5181667,PM10,10,36,21
India,Andhra_Pradesh,Amaravati,"Secretariat, Amaravati - APPCB",09-06-2024 03:00:00,16.5150833,80.5181667,NO2,5,15,8
India,Andhra_Pradesh,Anantapur,"Gulzarpet, Anantapur - APPCB",09-06-2024 03:00:00,14.675886,77.593027,PM10,33,50,40
India,Andhra_Pradesh,Kadapa,"Yerramukkapalli, Kadapa - APPCB",09-06-2024 03:00:00,14.465052,78.824187,OZONE,2,42,18
India,Andhra_Pradesh,Tirupati,"Tirumala, Tirupati - APPCB",09-06-2024 03:00:00,13.67,79.35,NH3,1,1,1
India,Andhra_Pradesh,Tirupati,"Tirumala, Tirupati - APPCB",09-06-2024 03:00:00,13.67,79.35,SO2,1,8,5
India,Andhra_Pradesh,Tirupati,"Tirumala, Tirupati - APPCB",09-06-2024 03:00:00,13.67,79.35,OZONE,18,37,29
India,Andhra_Pradesh,Tirupati,"Vaikuntapuram, Tirupati - APPCB",09-06-2024 03:00:00,13.615387,79.409230,PM2.5,NA,NA,NA
India,Andhra_Pradesh,Tirupati,"Vaikuntapuram, Tirupati - APPCB",09-06-2024 03:00:00,13.615387,79.409230,NH3,NA,NA,NA
India,Andhra_Pradesh,Vijayawada,"HB Colony, Vijayawada - APPCB",09-06-2024 03:00:00,16.536107,80.594233,SO2,6,7,6
India,Andhra_Pradesh,Vijayawada,"Kanuru, Vijayawada - APPCB",09-06-2024 03:00:00,16.486692,80.699436,NO2,NA,NA,NA
India,Andhra_Pradesh,Vijayawada,"Rajiv Gandhi Park, Vijayawada - APPCB",09-06-2024 03:00:00,16.509717,80.612222,PM2.5,37,52,43
India,Andhra_Pradesh,Vijayawada,"Rajiv Gandhi Park, Vijayawada - APPCB",09-06-2024 03:00:00,16.509717,80.612222,SO2,7,9,8
India,Andhra_Pradesh,Vijayawada,"Rajiv Gandhi Park, Vijayawada - APPCB",09-06-2024 03:00:00,16.509717,80.612222,OZONE,17,55,34
India,Andhra_Pradesh,Vijayawada,"Rajiv Nagar, Vijayawada - APPCB",09-06-2024 03:00:00,16.554731,80.649110,PM10,53,78,55
India,Andhra_Pradesh,Vijayawada,"Rajiv Nagar, Vijayawada - APPCB",09-06-2024 03:00:00,16.554731,80.649110,NH3,2,2,2
India,Andhra_Pradesh,Visakhapatnam,"GVM Corporation, Visakhapatnam - APPCB",09-06-2024 03:00:00,17.72,83.3,CO,5,74,36
India,Assam,Byrnihat,"Central Academy for SFS, Byrnihat - PCBA",09-06-2024 03:00:00,26.071318,91.87488,NO2,4,34,11
India,Assam,Byrnihat,"Central Academy for SFS, Byrnihat - PCBA",09-06-2024 03:00:00,26.071318,91.87488,NH3,17,24,20
India,Assam,Guwahati,"IITG, Guwahati - PCBA",09-06-2024 03:00:00,26.2028636,91.70046436,PM2.5,36,96,59
India,Assam,Guwahati,"IITG, Guwahati - PCBA",09-06-2024 03:00:00,26.2028636,91.70046436,NO2,1,3,1
India,Assam,Guwahati,"LGBI Airport, Guwahati - PCBA",09-06-2024 03:00:00,26.10887,91.589544,NH3,1,8,3
India,Assam,Guwahati,"LGBI Airport, Guwahati - PCBA",09-06-2024 03:00:00,26.10887,91.589544,SO2,11,17,13
India,Assam,Guwahati,"Pan Bazaar, Guwahati - PCBA",09-06-2024 03:00:00,26.187500,91.744194,PM2.5,21,50,36
India,Assam,Guwahati,"Railway Colony, Guwahati - PCBA",09-06-2024 03:00:00,26.181742,91.78063,PM2.5,36,327,101
India,Assam,Guwahati,"Railway Colony, Guwahati - PCBA",09-06-2024 03:00:00,26.181742,91.78063,CO,23,64,47
India,Assam,Guwahati,"Railway Colony, Guwahati - PCBA",09-06-2024 03:00:00,26.181742,91.78063,OZONE,3,10,5
India,Assam,Nagaon,"Christianpatty, Nagaon - PCBA",09-06-2024 03:00:00,26.349082,92.68449,NO2,1,38,6
India,Assam,Nagaon,"Christianpatty, Nagaon - PCBA",09-06-2024 03:00:00,26.349082,92.68449,SO2,1,52,12
India,Assam,Nalbari,"Bata Chowk, Nalbari - PCBA",09-06-2024 03:00:00,26.446912,91.439057,NH3,1,1,1
India,Assam,Sivasagar,"Girls College, Sivasagar - PCBA",09-06-2024 03:00:00,26.987634,94.636574,NO2,10,17,12
India,Bihar,Arrah,"New DM Office, Arrah - BSPCB",09-06-2024 03:00:00,25.5626095,84.663264,NO2,9,15,12
India,Bihar,Arrah,"New DM Office, Arrah - BSPCB",09-06-2024 03:00:00,25.5626095,84.663264,NH3,4,9,6
India,Bihar,Aurangabad,"Gurdeo Nagar, Aurangabad - BSPCB",09-06-2024 03:00:00,24.75746,84.366208,PM10,NA,NA,NA
India,Bihar,Aurangabad,"Gurdeo Nagar, Aurangabad - BSPCB",09-06-2024 03:00:00,24.75746,84.366208,SO2,8,23,17
India,Bihar,Bhagalpur,"DM Office_Kachari Chowk, Bhagalpur - BSPCB",09-06-2024 03:00:00,25.251013,86.989001,SO2,32,34,33
India,Bihar,Bihar Sharif,"D M Colony, Bihar Sharif - BSPCB",09-06-2024 03:00:00,25.204762,85.514960,PM10,NA,NA,NA
India,Bihar,Bihar Sharif,"D M Colony, Bihar Sharif - BSPCB",09-06-2024 03:00:00,25.204762,85.514960,SO2,NA,NA,NA
India,Bihar,Buxar,"Charitra Van, Buxar - BSPCB (Formerly known as Central Jail)",09-06-2024 03:00:00,25.567520,83.966379,PM2.5,72,247,163
India,Bihar,Gaya,"SFTI Kusdihra, Gaya - BSPCB",09-06-2024 03:00:00,24.762518,84.982348,PM10,75,110,88
India,Bihar,Hajipur,"Industrial Area, Hajipur - BSPCB",09-06-2024 03:00:00,25.697189,85.245900,OZONE,9,73,18
India,Bihar,Katihar,"Mirchaibari, Katihar - BSPCB",09-06-2024 03:00:00,25.560083,87.553265,CO,24,34,25
India,Bihar,Katihar,"Mirchaibari, Katihar - BSPCB",09-06-2024 03:00:00,25.560083,87.553265,OZONE,3,8,4
India,Bihar,Kishanganj,"SDM Office_Khagra, Kishanganj - BSPCB",09-06-2024 03:00:00,26.0881305,87.93840336,PM2.5,23,67,45
India,Bihar,Manguraha,"Forest Rest House, Manguraha - BSPCB",09-06-2024 03:00:00,27.308328,84.531742,NH3,2,4,3
India,Bihar,Manguraha,"Forest Rest House, Manguraha - BSPCB",09-06-2024 03:00:00,27.308328,84.531742,CO,42,70,59
India,Bihar,Motihari,"Gandak Colony, Motihari - BSPCB",09-06-2024 03:00:00,26.63086,84.90051,CO,2,24,11
India,Bihar,Muzaffarpur,"Buddha Colony, Muzaffarpur - BSPCB",09-06-2024 03:00:00,26.11442,85.39813,PM2.5,89,184,142
India,Bihar,Muzaffarpur,"Buddha Colony, Muzaffarpur - BSPCB",09-06-2024 03:00:00,26.11442,85.39813,NO2,16,31,21
India,Bihar,Muzaffarpur,"Muzaffarpur Collectorate, Muzaffarpur - BSPCB",09-06-2024 03:00:00,26.1209,85.3647,NO2,28,44,33
India,Bihar,Patna,"DRM Office Danapur, Patna - BSPCB",09-06-2024 03:00:00,25.586562,85.043586,PM10,118,196,149
India,Bihar,Patna,"Govt. High School Shikarpur, Patna - BSPCB",09-06-2024 03:00:00,25.592539,85.227158,PM10,102,408,165
India,Bihar,Patna,"Govt. High School Shikarpur, Patna - BSPCB",09-06-2024 03:00:00,25.592539,85.227158,NH3,4,5,5
India,Bihar,Patna,"Govt. High School Shikarpur, Patna - BSPCB",09-06-2024 03:00:00,25.592539,85.227158,CO,26,52,45
India,Bihar,Patna,"Govt. High School Shikarpur, Patna - BSPCB",09-06-2024 03:00:00,25.592539,85.227158,OZONE,1,60,6
India,Bihar,Patna,"IGSC Planetarium Complex, Patna - BSPCB",09-06-2024 03:00:00,25.610369,85.132568,SO2,3,6,5
India,Bihar,Patna,"IGSC Planetarium Complex, Patna - BSPCB",09-06-2024 03:00:00,25.610369,85.132568,CO,8,14,12
India,Bihar,Patna,"IGSC Planetarium Complex, Patna - BSPCB",09-06-2024 03:00:00,25.610369,85.132568,OZONE,16,134,93
India,Bihar,Patna,"Muradpur, Patna - BSPCB",09-06-2024 03:00:00,25.619651,85.147382,NO2,13,77,31
India,Bihar,Patna,"Muradpur, Patna - BSPCB",09-06-2024 03:00:00,25.619651,85.147382,NH3,3,9,6
India,Bihar,Patna,"Muradpur, Patna - BSPCB",09-06-2024 03:00:00,25.619651,85.147382,OZONE,5,62,9
India,Bihar,Patna,"Rajbansi Nagar, Patna - BSPCB",09-06-2024 03:00:00,25.599486,85.113666,CO,20,70,41
India,Bihar,Patna,"Rajbansi Nagar, Patna - BSPCB",09-06-2024 03:00:00,25.599486,85.113666,OZONE,25,111,43
India,Bihar,Rajgir,"Dangi Tola, Rajgir - BSPCB",09-06-2024 03:00:00,25.03280,85.41948,PM10,54,161,83
India,Bihar,Rajgir,"Dangi Tola, Rajgir - BSPCB",09-06-2024 03:00:00,25.03280,85.41948,CO,34,50,41
India,Bihar,Saharsa,"Police Line, Saharsa - BSPCB",09-06-2024 03:00:00,25.892357,86.590325,PM10,63,132,104
India,Bihar,Saharsa,"Police Line, Saharsa - BSPCB",09-06-2024 03:00:00,25.892357,86.590325,NO2,6,10,7
India,Bihar,Samastipur,"DM Office_Kasipur, Samastipur - BSPCB",09-06-2024 03:00:00,25.859655,85.77944,OZONE,1,2,1
India,Bihar,Sasaram,"Dada Peer, Sasaram - BSPCB",09-06-2024 03:00:00,24.952822,84.002396,NH3,2,13,8
India,Bihar,Sasaram,"Dada Peer, Sasaram - BSPCB",09-06-2024 03:00:00,24.952822,84.002396,OZONE,8,80,34
India,Bihar,Siwan,"Chitragupta Nagar, Siwan - BSPCB",09-06-2024 03:00:00,26.2271665,84.3570427,PM10,NA,NA,NA
India,Bihar,Siwan,"Chitragupta Nagar, Siwan - BSPCB",09-06-2024 03:00:00,26.2271665,84.3570427,CO,101,156,129
India,Chandigarh,Chandigarh,"Sector 22, Chandigarh - CPCC",09-06-2024 03:00:00,30.735567,76.775714,NO2,17,44,27
India,Chandigarh,Chandigarh,"Sector 22, Chandigarh - CPCC",09-06-2024 03:00:00,30.735567,76.775714,SO2,10,45,24
India,Chhattisgarh,Bhilai,"32Bungalows, Bhilai - CECB",09-06-2024 03:00:00,21.194815,81.314770,NH3,6,6,6
India,Chhattisgarh,Bhilai,"32Bungalows, Bhilai - CECB",09-06-2024 03:00:00,21.194815,81.314770,OZONE,8,56,13
India,Chhattisgarh,Bhilai,"Civic Center, Bhilai - Bhilai Steel Plant",09-06-2024 03:00:00,21.185571,81.343175,SO2,9,11,10
India,Chhattisgarh,Bilaspur,"Mangala, Bilaspur - NTPC",09-06-2024 03:00:00,22.08815,82.13737,CO,20,57,34
India,Chhattisgarh,Chhal,"Nawapara SECL Colony, Chhal - CECB",09-06-2024 03:00:00,22.118125,83.140608,PM10,35,79,61
India,Chhattisgarh,Chhal,"Nawapara SECL Colony, Chhal - CECB",09-06-2024 03:00:00,22.118125,83.140608,CO,11,46,23
India,Chhattisgarh,Kunjemura,"OP Jindal School, Kunjemura - CECB",09-06-2024 03:00:00,22.126650,83.483212,PM2.5,16,52,38
India,Chhattisgarh,Milupara,"Govt. Higher Secondary School, Milupara - CECB",09-06-2024 03:00:00,22.1910172,83.5197009,OZONE,NA,NA,NA
India,Chhattisgarh,Raipur,"AIIMS, Raipur - CECB",09-06-2024 03:00:00,21.258815,81.578979,PM2.5,16,60,35
India,Chhattisgarh,Raipur,"AIIMS, Raipur - CECB",09-06-2024 03:00:00,21.258815,81.578979,NH3,6,6,6
India,Chhattisgarh,Raipur,"Bhatagaon New ISBT, Raipur - CECB",09-06-2024 03:00:00,21.219665,81.630094,PM2.5,10,33,22
India,Chhattisgarh,Raipur,"Bhatagaon New ISBT, Raipur - CECB",09-06-2024 03:00:00,21.219665,81.630094,NO2,1,3,1
India,Chhattisgarh,Raipur,"Bhatagaon New ISBT, Raipur - CECB",09-06-2024 03:00:00,21.219665,81.630094,OZONE,4,9,6
India,Chhattisgarh,Raipur,"Krishak Nagar, Raipur - CECB",09-06-2024 03:00:00,21.237755,81.705301,NO2,5,8,6
India,Chhattisgarh,Raipur,"Krishak Nagar, Raipur - CECB",09-06-2024 03:00:00,21.237755,81.705301,NH3,1,7,1
India,Chhattisgarh,Raipur,"Siltara Phase-II, Raipur - CECB",09-06-2024 03:00:00,21.371751,81.664929,NH3,3,3,3
India,Chhattisgarh,Raipur,"Siltara Phase-II, Raipur - CECB",09-06-2024 03:00:00,21.371751,81.664929,SO2,10,54,22
India,Delhi,Delhi,"Alipur, Delhi - DPCC",09-06-2024 03:00:00,28.815329,77.153010,PM2.5,27,230,77
India,Delhi,Delhi,"Anand Vihar, Delhi - DPCC",09-06-2024 03:00:00,28.647622,77.3158090,PM10,146,415,244
India,Delhi,Delhi,"Ashok Vihar, Delhi - DPCC",09-06-2024 03:00:00,28.695381,77.181665,NH3,12,18,15
India,Delhi,Delhi,"Aya Nagar, Delhi - IMD",09-06-2024 03:00:00,28.4706914,77.1099364,PM2.5,NA,NA,NA
India,Delhi,Delhi,"Bawana, Delhi - DPCC",09-06-2024 03:00:00,28.776200,77.051074,PM2.5,35,267,102
India,Delhi,Delhi,"Burari Crossing, Delhi - IMD",09-06-2024 03:00:00,28.7256504,77.2011573,NO2,12,13,12
India,Delhi,Delhi,"Burari Crossing, Delhi - IMD",09-06-2024 03:00:00,28.7256504,77.2011573,CO,56,72,66
India,Delhi,Delhi,"CRRI Mathura Road, Delhi - IMD",09-06-2024 03:00:00,28.5512005,77.2735737,PM10,NA,NA,NA
India,Delhi,Delhi,"Chandni Chowk, Delhi - IITM",09-06-2024 03:00:00,28.656756,77.227234,CO,52,78,60
India,Delhi,Delhi,"Dr. Karni Singh Shooting Range, Delhi - DPCC",09-06-2024 03:00:00,28.498571,77.264840,PM2.5,39,128,73
India,Delhi,Delhi,"Dr. Karni Singh Shooting Range, Delhi - DPCC",09-06-2024 03:00:00,28.498571,77.264840,PM10,127,322,193
India,Delhi,Delhi,"Dwarka-Sector 8, Delhi - DPCC ",09-06-2024 03:00:00,28.5710274,77.0719006,SO2,19,46,29
India,Delhi,Delhi,"ITO, Delhi - CPCB",09-06-2024 03:00:00,28.628624,77.241060,NO2,54,76,62
India,Delhi,Delhi,"ITO, Delhi - CPCB",09-06-2024 03:00:00,28.628624,77.241060,OZONE,8,59,27
India,Delhi,Delhi,"Jahangirpuri, Delhi - DPCC",09-06-2024 03:00:00,28.732820,77.170633,PM2.5,42,290,126
India,Delhi,Delhi,"Jahangirpuri, Delhi - DPCC",09-06-2024 03:00:00,28.732820,77.170633,OZONE,12,134,26
India,Delhi,Delhi,"Lodhi Road, Delhi - IITM",09-06-2024 03:00:00,28.588333,77.221667,PM2.5,56,314,117
India,Delhi,Delhi,"Lodhi Road, Delhi - IITM",09-06-2024 03:00:00,28.588333,77.221667,PM10,48,490,111
India,Delhi,Delhi,"Lodhi Road, Delhi - IITM",09-06-2024 03:00:00,28.588333,77.221667,NO2,1,100,24
India,Delhi,Delhi,"Major Dhyan Chand National Stadium, Delhi - DPCC",09-06-2024 03:00:00,28.611281,77.237738,SO2,10,31,18
India,Delhi,Delhi,"Major Dhyan Chand National Stadium, Delhi - DPCC",09-06-2024 03:00:00,28.611281,77.237738,OZONE,32,185,61
India,Delhi,Delhi,"Mandir Marg, Delhi - DPCC",09-06-2024 03:00:00,28.636429,77.201067,PM10,75,268,147
India,Delhi,Delhi,"Mandir Marg, Delhi - DPCC",09-06-2024 03:00:00,28.636429,77.201067,NH3,3,5,4
India,Delhi,Delhi,"Mandir Marg, Delhi - DPCC",09-06-2024 03:00:00,28.636429,77.201067,SO2,7,25,14
India,Delhi,Delhi,"Mundka, Delhi - DPCC",09-06-2024 03:00:00,28.684678,77.076574,SO2,8,123,30
India,Delhi,Delhi,"NSIT Dwarka, Delhi - CPCB",09-06-2024 03:00:00,28.60909,77.0325413,PM10,138,322,219
India,Delhi,Delhi,"NSIT Dwarka, Delhi - CPCB",09-06-2024 03:00:00,28.60909,77.0325413,NH3,6,7,6
India,Delhi,Delhi,"Narela, Delhi - DPCC",09-06-2024 03:00:00,28.822836,77.101981,PM10,140,426,215
India,Delhi,Delhi,"Narela, Delhi - DPCC",09-06-2024 03:00:00,28.822836,77.101981,NO2,6,56,22
India,Delhi,Delhi,"Narela, Delhi - DPCC",09-06-2024 03:00:00,28.822836,77.101981,NH3,4,5,5
India,Delhi,Delhi,"Narela, Delhi - DPCC",09-06-2024 03:00:00,28.822836,77.101981,SO2,7,56,23
India,Delhi,Delhi,"Nehru Nagar, Delhi - DPCC",09-06-2024 03:00:00,28.567890,77.250515,NH3,2,6,4
India,Delhi,Delhi,"New Moti Bagh, Delhi - MHUA",09-06-2024 03:00:00,28.57834,77.18400,PM2.5,34,368,118
India,Delhi,Delhi,"New Moti Bagh, Delhi - MHUA",09-06-2024 03:00:00,28.57834,77.18400,NO2,6,23,11
India,Delhi,Delhi,"North Campus, DU, Delhi - IMD",09-06-2024 03:00:00,28.6573814,77.1585447,OZONE,22,57,31
India,Delhi,Delhi,"Okhla Phase-2, Delhi - DPCC",09-06-2024 03:00:00,28.530785,77.271255,PM10,129,308,192
India,Delhi,Delhi,"Patparganj, Delhi - DPCC",09-06-2024 03:00:00,28.623763,77.287209,NH3,6,9,7
India,Delhi,Delhi,"Pusa, Delhi - DPCC",09-06-2024 03:00:00,28.639652,77.146275,OZONE,16,88,39
India,Delhi,Delhi,"Pusa, Delhi - IMD",09-06-2024 03:00:00,28.636110,77.173332,PM2.5,2,276,108
India,Delhi,Delhi,"Pusa, Delhi - IMD",09-06-2024 03:00:00,28.636110,77.173332,PM10,105,294,168
India,Delhi,Delhi,"R K Puram, Delhi - DPCC",09-06-2024 03:00:00,28.563262,77.186937,OZONE,22,175,64
India,Delhi,Delhi,"Shadipur, Delhi - CPCB",09-06-2024 03:00:00,28.6514781,77.1473105,PM2.5,168,500,303
India,Delhi,Delhi,"Sirifort, Delhi - CPCB",09-06-2024 03:00:00,28.5504249,77.2159377,NO2,28,53,44
India,Delhi,Delhi,"Sonia Vihar, Delhi - DPCC",09-06-2024 03:00:00,28.710508,77.249485,NH3,5,11,7
India,Delhi,Delhi,"Sri Aurobindo Marg, Delhi - DPCC",09-06-2024 03:00:00,28.531346,77.190156,OZONE,4,120,17
India,Delhi,Delhi,"Wazirpur, Delhi - DPCC",09-06-2024 03:00:00,28.699793,77.165453,SO2,10,32,21
India,Gujarat,Ahmedabad,"Chandkheda, Ahmedabad - IITM",09-06-2024 03:00:00,23.107969,72.574648,PM2.5,46,259,101
India,Gujarat,Ahmedabad,"Chandkheda, Ahmedabad - IITM",09-06-2024 03:00:00,23.107969,72.574648,PM10,47,162,94
India,Gujarat,Ahmedabad,"Chandkheda, Ahmedabad - IITM",09-06-2024 03:00:00,23.107969,72.574648,NO2,98,104,100
India,Gujarat,Ahmedabad,"Chandkheda, Ahmedabad - IITM",09-06-2024 03:00:00,23.107969,72.574648,SO2,14,21,18
India,Gujarat,Ahmedabad,"Chandkheda, Ahmedabad - IITM",09-06-2024 03:00:00,23.107969,72.574648,OZONE,7,52,20
India,Gujarat,Ahmedabad,"Gyaspur, Ahmedabad - IITM",09-06-2024 03:00:00,22.977134,72.553024,PM2.5,27,355,69
India,Gujarat,Ahmedabad,"SVPI Airport Hansol, Ahmedabad - IITM",09-06-2024 03:00:00,23.076793,72.627874,SO2,4,16,8
India,Gujarat,Ankleshwar,"GIDC, Ankleshwar - GPCB",09-06-2024 03:00:00,21.613267,73.010555,NO2,27,44,36
India,Gujarat,Gandhinagar,"GIFT City, Gandhinagar - IITM",09-06-2024 03:00:00,23.163798,72.677768,PM10,NA,NA,NA
India,Gujarat,Gandhinagar,"Sector-10, Gandhinagar - GPCB",09-06-2024 03:00:00,23.221714,72.654328,PM2.5,31,59,44
India,Gujarat,Gandhinagar,"Sector-10, Gandhinagar - GPCB",09-06-2024 03:00:00,23.221714,72.654328,PM10,54,124,86
India,Gujarat,Gandhinagar,"Sector-10, Gandhinagar - GPCB",09-06-2024 03:00:00,23.221714,72.654328,NO2,17,19,18
India,Gujarat,Surat,"Science Center, Surat - SMC",09-06-2024 03:00:00,21.170046,72.795405,PM10,NA,NA,NA
India,Gujarat,Vapi,"Phase-1 GIDC, Vapi - GPCB",09-06-2024 03:00:00,20.362421,72.918013,PM10,15,105,62
India,Gujarat,Vatva,"Phase-4 GIDC, Vatva - GPCB",09-06-2024 03:00:00,22.969611,72.643500,PM10,60,86,75
India,Gujarat,Vatva,"Phase-4 GIDC, Vatva - GPCB",09-06-2024 03:00:00,22.969611,72.643500,CO,20,22,22
India,Haryana,Ambala,"Patti Mehar, Ambala - HSPCB",09-06-2024 03:00:00,30.379589,76.778328,PM2.5,7,74,50
India,Haryana,Ambala,"Patti Mehar, Ambala - HSPCB",09-06-2024 03:00:00,30.379589,76.778328,NH3,5,12,8
India,Haryana,Bahadurgarh,"Arya Nagar, Bahadurgarh - HSPCB",09-06-2024 03:00:00,28.6701,76.9254,PM2.5,39,206,98
India,Haryana,Bahadurgarh,"Arya Nagar, Bahadurgarh - HSPCB",09-06-2024 03:00:00,28.6701,76.9254,PM10,123,215,152
India,Haryana,Bahadurgarh,"Arya Nagar, Bahadurgarh - HSPCB",09-06-2024 03:00:00,28.6701,76.9254,NH3,8,10,9
India,Haryana,Bahadurgarh,"Arya Nagar, Bahadurgarh - HSPCB",09-06-2024 03:00:00,28.6701,76.9254,SO2,3,15,8
India,Haryana,Bahadurgarh,"Arya Nagar, Bahadurgarh - HSPCB",09-06-2024 03:00:00,28.6701,76.9254,CO,89,102,97
India,Haryana,Bhiwani,"H.B. Colony, Bhiwani - HSPCB",09-06-2024 03:00:00,28.806223,76.141105,NH3,4,6,6
India,Haryana,Dharuhera,"Municipal Corporation Office, Dharuhera -  HSPCB",09-06-2024 03:00:00,28.206800,76.799700,PM10,129,500,256
India,Haryana,Faridabad,"New Industrial Town, Faridabad - HSPCB",09-06-2024 03:00:00,28.39072,77.30059,PM10,149,348,211
India,Haryana,Faridabad,"New Industrial Town, Faridabad - HSPCB",09-06-2024 03:00:00,28.39072,77.30059,SO2,NA,NA,NA
India,Haryana,Faridabad,"Sector 11, Faridabad - HSPCB",09-06-2024 03:00:00,28.376058,77.315741,PM2.5,119,322,241
India,Haryana,Faridabad,"Sector 11, Faridabad - HSPCB",09-06-2024 03:00:00,28.376058,77.315741,NO2,30,33,31
India,Haryana,Faridabad,"Sector 11, Faridabad - HSPCB",09-06-2024 03:00:00,28.376058,77.315741,NH3,6,6,6
India,Haryana,Faridabad,"Sector 30, Faridabad - HSPCB",09-06-2024 03:00:00,28.4417,77.3217,OZONE,9,49,18
India,Haryana,Faridabad,"Sector- 16A, Faridabad - HSPCB",09-06-2024 03:00:00,28.4088421,77.3099081,SO2,21,31,26
India,Haryana,Faridabad,"Sector- 16A, Faridabad - HSPCB",09-06-2024 03:00:00,28.4088421,77.3099081,OZONE,14,14,14
India,Haryana,Fatehabad,"Huda Sector, Fatehabad - HSPCB",09-06-2024 03:00:00,29.503664,75.467934,NO2,29,31,30
India,Haryana,Gurugram,"Sector-51, Gurugram - HSPCB",09-06-2024 03:00:00,28.4227,77.0667,OZONE,30,37,32
India,Haryana,Gurugram,"Teri Gram, Gurugram - HSPCB",09-06-2024 03:00:00,28.4275,77.1465,PM10,101,225,151
India,Haryana,Gurugram,"Teri Gram, Gurugram - HSPCB",09-06-2024 03:00:00,28.4275,77.1465,NO2,8,44,27
India,Haryana,Gurugram,"Teri Gram, Gurugram - HSPCB",09-06-2024 03:00:00,28.4275,77.1465,SO2,4,6,4
India,Haryana,Gurugram,"Teri Gram, Gurugram - HSPCB",09-06-2024 03:00:00,28.4275,77.1465,CO,7,26,21
India,Haryana,Gurugram,"Vikas Sadan, Gurugram - HSPCB",09-06-2024 03:00:00,28.4501238,77.0263051,NO2,5,26,14
India,Haryana,Hisar,"Urban Estate-II, Hisar - HSPCB",09-06-2024 03:00:00,29.140560,75.744941,NO2,10,11,10
India,Haryana,Hisar,"Urban Estate-II, Hisar - HSPCB",09-06-2024 03:00:00,29.140560,75.744941,NH3,4,4,4
India,Haryana,Jind,"Police Lines, Jind - HSPCB",09-06-2024 03:00:00,29.307814,76.337619,NO2,15,175,77
India,Haryana,Jind,"Police Lines, Jind - HSPCB",09-06-2024 03:00:00,29.307814,76.337619,OZONE,27,74,30
India,Haryana,Kaithal,"Rishi Nagar, Kaithal - HSPCB",09-06-2024 03:00:00,29.8006,76.4155,PM10,131,176,151
India,Haryana,Kaithal,"Rishi Nagar, Kaithal - HSPCB",09-06-2024 03:00:00,29.8006,76.4155,SO2,5,29,19
India,Haryana,Karnal,"Sector-12, Karnal - HSPCB",09-06-2024 03:00:00,29.695300,77.002700,PM2.5,77,209,109
India,Haryana,Karnal,"Sector-12, Karnal - HSPCB",09-06-2024 03:00:00,29.695300,77.002700,PM10,89,162,108
India,Haryana,Kurukshetra,"Sector-7, Kurukshetra - HSPCB",09-06-2024 03:00:00,29.966942,76.875879,CO,8,27,19
India,Haryana,Mandikhera,"General Hospital, Mandikhera - HSPCB",09-06-2024 03:00:00,27.9002,76.9938,NO2,NA,NA,NA
India,Haryana,Manesar,"Sector-2 IMT, Manesar - HSPCB",09-06-2024 03:00:00,28.360699,76.936090,PM10,51,210,108
India,Haryana,Manesar,"Sector-2 IMT, Manesar - HSPCB",09-06-2024 03:00:00,28.360699,76.936090,NO2,19,24,22
India,Haryana,Manesar,"Sector-2 IMT, Manesar - HSPCB",09-06-2024 03:00:00,28.360699,76.936090,NH3,2,4,3
India,Haryana,Manesar,"Sector-2 IMT, Manesar - HSPCB",09-06-2024 03:00:00,28.360699,76.936090,CO,16,37,25
India,Haryana,Narnaul,"Shastri Nagar, Narnaul - HSPCB",09-06-2024 03:00:00,28.060249,76.113115,NH3,3,17,10
India,Haryana,Narnaul,"Shastri Nagar, Narnaul - HSPCB",09-06-2024 03:00:00,28.060249,76.113115,SO2,NA,NA,NA
India,Haryana,Panchkula,"Sector-6, Panchkula - HSPCB ",09-06-2024 03:00:00,30.7057778,76.8531805555555,SO2,NA,NA,NA
India,Haryana,Rohtak,"MD University, Rohtak - HSPCB",09-06-2024 03:00:00,28.52123,76.37138,PM2.5,30,401,241
India,Haryana,Sirsa,"F-Block, Sirsa - HSPCB",09-06-2024 03:00:00,29.536400,75.015800,NO2,9,11,10
India,Haryana,Sirsa,"F-Block, Sirsa - HSPCB",09-06-2024 03:00:00,29.536400,75.015800,CO,112,119,118
India,Haryana,Sonipat,"Murthal, Sonipat - HSPCB",09-06-2024 03:00:00,29.027200,77.062100,CO,24,26,25
India,Haryana,Yamuna Nagar,"Gobind Pura, Yamuna Nagar - HSPCB",09-06-2024 03:00:00,30.1480566,77.2893471,PM10,101,131,114
India,Haryana,Yamuna Nagar,"Gobind Pura, Yamuna Nagar - HSPCB",09-06-2024 03:00:00,30.1480566,77.2893471,NH3,1,6,4
India,Himachal Pradesh,Baddi,"HIMUDA Complex Phase-1, Baddi - HPPCB",09-06-2024 03:00:00,30.943887,76.801991,CO,9,42,25
India,Himachal Pradesh,Baddi,"HIMUDA Complex Phase-1, Baddi - HPPCB",09-06-2024 03:00:00,30.943887,76.801991,OZONE,58,301,137
India,Jammu_and_Kashmir,Srinagar,"Rajbagh, Srinagar - JKSPCB",09-06-2024 03:00:00,34.066206,74.819820,OZONE,12,13,13
India,Jharkhand,Dhanbad,"Kalakusuma, Dhanbad - DMC",09-06-2024 03:00:00,23.811548,86.481238,NO2,13,426,203
India,Jharkhand,Dhanbad,"Kalakusuma, Dhanbad - DMC",09-06-2024 03:00:00,23.811548,86.481238,CO,124,134,131
India,Jharkhand,Dhanbad,"Sardar Patel Nagar, Dhanbad - JSPCB",09-06-2024 03:00:00,23.80569,86.44268,NO2,1,424,197
India,Karnataka,Bagalkot,"Vidayagiri, Bagalkot - KSPCB",09-06-2024 03:00:00,16.172806,75.659694,PM2.5,NA,NA,NA
India,Karnataka,Bagalkot,"Vidayagiri, Bagalkot - KSPCB",09-06-2024 03:00:00,16.172806,75.659694,PM10,NA,NA,NA
India,Karnataka,Belgaum,"Ramteerth Nagar, Belgaum - KSPCB",09-06-2024 03:00:00,15.888653,74.541751,NH3,NA,NA,NA
India,Karnataka,Bengaluru,"Hebbal, Bengaluru - KSPCB",09-06-2024 03:00:00,13.029152,77.585901,NH3,1,1,1
India,Karnataka,Bengaluru,"Hombegowda Nagar, Bengaluru - KSPCB",09-06-2024 03:00:00,12.938539,77.590100,NO2,8,18,12
India,Karnataka,Bengaluru,"Kasturi Nagar, Bengaluru - KSPCB",09-06-2024 03:00:00,13.003872,77.664217,NH3,3,4,4
India,Karnataka,Bengaluru,"Sanegurava Halli, Bengaluru - KSPCB",09-06-2024 03:00:00,12.990328,77.5431385,NO2,20,26,22
India,Karnataka,Bengaluru,"Shivapura_Peenya, Bengaluru - KSPCB",09-06-2024 03:00:00,13.0246342,77.5080115,PM2.5,23,44,30
India,Karnataka,Bengaluru,"Shivapura_Peenya, Bengaluru - KSPCB",09-06-2024 03:00:00,13.0246342,77.5080115,OZONE,53,56,54
India,Karnataka,Bengaluru,"Silk Board, Bengaluru - KSPCB",09-06-2024 03:00:00,12.917348,77.622813,SO2,7,14,10
India,Karnataka,Bidar,"Naubad, Bidar - KSPCB",09-06-2024 03:00:00,17.930306,77.482194,SO2,17,19,18
India,Karnataka,Chamarajanagar,"Urban, Chamarajanagar - KSPCB",09-06-2024 03:00:00,11.55358,76.55521,NO2,17,19,19
India,Karnataka,Chikkaballapur,"Chikkaballapur Rural, Chikkaballapur - KSPCB",09-06-2024 03:00:00,13.428828,77.731418,CO,8,39,10
India,Karnataka,Chikkamagaluru,"Kalyana Nagara, Chikkamagaluru - KSPCB",09-06-2024 03:00:00,13.328028,75.797056,NO2,13,26,18
India,Karnataka,Dharwad,"Kalabhavan, Dharwad - KSPCB",09-06-2024 03:00:00,15.459706,75.008381,CO,16,104,33
India,Karnataka,Hassan,"B.Katihalli, Hassan - KSPCB",09-06-2024 03:00:00,13.008556,76.125258,SO2,NA,NA,NA
India,Karnataka,Haveri,"Ashwini Nagar, Haveri - KSPCB",09-06-2024 03:00:00,14.791800,75.389600,PM2.5,NA,NA,NA
India,Karnataka,Haveri,"Ashwini Nagar, Haveri - KSPCB",09-06-2024 03:00:00,14.791800,75.389600,SO2,NA,NA,NA
India,Karnataka,Hubballi,"Lingaraj Nagar, Hubballi - KSPCB",09-06-2024 03:00:00,15.3714823,75.1160168,NH3,2,4,3
India,Karnataka,Kalaburagi,"Lal Bahadur Shastri Nagar, Kalaburagi - KSPCB",09-06-2024 03:00:00,17.321993,76.822628,SO2,9,23,15
India,Karnataka,Kalaburagi,"Lal Bahadur Shastri Nagar, Kalaburagi - KSPCB",09-06-2024 03:00:00,17.321993,76.822628,OZONE,1,17,4
India,Karnataka,Kalaburagi,"Mahatma Basaveswar Colony, Kalaburgi - KSPCB",09-06-2024 03:00:00,17.336318,76.847397,PM2.5,NA,NA,NA
India,Karnataka,Kalaburagi,"Mahatma Basaveswar Colony, Kalaburgi - KSPCB",09-06-2024 03:00:00,17.336318,76.847397,NH3,NA,NA,NA
India,Karnataka,Karwar,"KHB Colony, Karwar - KSPCB",09-06-2024 03:00:00,14.816666,74.141003,PM2.5,NA,NA,NA
India,Karnataka,Madikeri,"Stuart Hill, Madikeri - KSPCB",09-06-2024 03:00:00,12.415911,75.735050,NO2,1,4,2
India,Karnataka,Madikeri,"Stuart Hill, Madikeri - KSPCB",09-06-2024 03:00:00,12.415911,75.735050,CO,2,57,28
India,Karnataka,Mangalore,"Kadri, Mangalore - KSPCB",09-06-2024 03:00:00,12.889250,74.853000,PM2.5,13,59,28
India,Karnataka,Mysuru,"Hebbal 1st Stage, Mysuru - KSPCB",09-06-2024 03:00:00,12.21041,76.37376,PM2.5,7,32,14
India,Karnataka,Mysuru,"Hebbal 1st Stage, Mysuru - KSPCB",09-06-2024 03:00:00,12.21041,76.37376,NH3,1,2,2
India,Karnataka,Mysuru,"Hebbal 1st Stage, Mysuru - KSPCB",09-06-2024 03:00:00,12.21041,76.37376,OZONE,13,61,24
India,Karnataka,Raichur,"Haji Colony, Raichur - KSPCB",09-06-2024 03:00:00,16.208139,77.348417,NH3,2,39,5
India,Karnataka,Raichur,"Haji Colony, Raichur - KSPCB",09-06-2024 03:00:00,16.208139,77.348417,SO2,58,105,70
India,Karnataka,Ramanagara,"Vijay Nagar, Ramanagara - KSPCB",09-06-2024 03:00:00,12.733409,77.298051,PM2.5,2,18,8
India,Karnataka,Tumakuru,"Thimmalapura, Tumakuru - KSPCB",09-06-2024 03:00:00,13.377516,77.099072,OZONE,13,33,28
India,Karnataka,Udupi,"Brahmagiri, Udupi - KSPCB",09-06-2024 03:00:00,13.34194444,74.74694444,NO2,27,29,28
India,Karnataka,Udupi,"Brahmagiri, Udupi - KSPCB",09-06-2024 03:00:00,13.34194444,74.74694444,SO2,17,20,19
India,Karnataka,Udupi,"Brahmagiri, Udupi - KSPCB",09-06-2024 03:00:00,13.34194444,74.74694444,CO,50,57,53
India,Karnataka,Vijayapura,"Ibrahimpur, Vijayapura - KSPCB",09-06-2024 03:00:00,16.802639,75.722694,NO2,17,19,19
India,Karnataka,Yadgir,"Collector Office, Yadgir - KSPCB",09-06-2024 03:00:00,16.7602,77.1428,PM2.5,NA,NA,NA
India,Karnataka,Yadgir,"Collector Office, Yadgir - KSPCB",09-06-2024 03:00:00,16.7602,77.1428,SO2,NA,NA,NA
India,Kerala,Kollam,"Polayathode, Kollam - Kerala PCB",09-06-2024 03:00:00,8.8787,76.6073,PM2.5,17,73,48
India,Kerala,Thiruvananthapuram,"Kariavattom, Thiruvananthapuram - Kerala PCB",09-06-2024 03:00:00,8.563700,76.886500,OZONE,36,36,36
India,Kerala,Thiruvananthapuram,"Plammoodu, Thiruvananthapuram - Kerala PCB",09-06-2024 03:00:00,8.5149093,76.9435879,CO,6,32,21
India,Kerala,Thrissur,"Corporation Ground, Thrissur - Kerala PCB",09-06-2024 03:00:00,10.532400,76.215900,SO2,NA,NA,NA
India,Madhya Pradesh,Bhopal,"Idgah Hills, Bhopal - MPPCB",09-06-2024 03:00:00,23.264759,77.381568,OZONE,2,78,23
India,Madhya Pradesh,Bhopal,"Paryavaran Parisar, Bhopal - MPPCB",09-06-2024 03:00:00,23.210494,77.425409,NH3,4,8,5
India,Madhya Pradesh,Bhopal,"T T Nagar, Bhopal - MPPCB",09-06-2024 03:00:00,23.233584,77.400574,PM2.5,30,89,51
India,Madhya Pradesh,Bhopal,"T T Nagar, Bhopal - MPPCB",09-06-2024 03:00:00,23.233584,77.400574,NO2,20,73,35
India,Madhya Pradesh,Dewas,"Bhopal Chauraha, Dewas - MPPCB",09-06-2024 03:00:00,22.9682591,76.064118,NO2,12,15,14
India,Madhya Pradesh,Dewas,"Bhopal Chauraha, Dewas - MPPCB",09-06-2024 03:00:00,22.9682591,76.064118,NH3,3,3,3
India,Madhya Pradesh,Gwalior,"City Center, Gwalior - MPPCB",09-06-2024 03:00:00,26.203442,78.193251,PM2.5,59,155,98
India,Madhya Pradesh,Gwalior,"City Center, Gwalior - MPPCB",09-06-2024 03:00:00,26.203442,78.193251,PM10,108,294,205
India,Madhya Pradesh,Gwalior,"City Center, Gwalior - MPPCB",09-06-2024 03:00:00,26.203442,78.193251,NO2,5,62,16
India,Madhya Pradesh,Gwalior,"City Center, Gwalior - MPPCB",09-06-2024 03:00:00,26.203442,78.193251,CO,30,110,60
India,Madhya Pradesh,Gwalior,"Deen Dayal Nagar, Gwalior - MPPCB",09-06-2024 03:00:00,26.259242,78.216432,PM10,131,468,292
India,Madhya Pradesh,Gwalior,"Deen Dayal Nagar, Gwalior - MPPCB",09-06-2024 03:00:00,26.259242,78.216432,SO2,10,22,16
India,Madhya Pradesh,Gwalior,"Maharaj Bada, Gwalior - MPPCB",09-06-2024 03:00:00,26.200388,78.147714,PM10,108,424,259
India,Madhya Pradesh,Gwalior,"Phool Bagh, Gwalior - Mondelez Ind. Food",09-06-2024 03:00:00,26.210536,78.171,PM10,45,119,89
India,Madhya Pradesh,Gwalior,"Phool Bagh, Gwalior - Mondelez Ind. Food",09-06-2024 03:00:00,26.210536,78.171,NO2,4,5,4
India,Madhya Pradesh,Gwalior,"Phool Bagh, Gwalior - Mondelez Ind. Food",09-06-2024 03:00:00,26.210536,78.171,CO,77,105,93
India,Madhya Pradesh,Indore,"Regional Park, Indore - IMC",09-06-2024 03:00:00,22.6780,75.8559,SO2,50,51,50
India,Madhya Pradesh,Indore,"Residency Area, Indore - IMC",09-06-2024 03:00:00,22.7084,75.8815,SO2,31,80,46
India,Madhya Pradesh,Jabalpur,"Govindh Bhavan Colony, Jabalpur - JMC",09-06-2024 03:00:00,23.163174,79.973061,PM2.5,45,87,65
India,Madhya Pradesh,Jabalpur,"Gupteshwar, Jabalpur - JMC",09-06-2024 03:00:00,23.142888,79.916147,PM2.5,43,121,62
India,Madhya Pradesh,Jabalpur,"Gupteshwar, Jabalpur - JMC",09-06-2024 03:00:00,23.142888,79.916147,PM10,51,132,77
India,Madhya Pradesh,Jabalpur,"Gupteshwar, Jabalpur - JMC",09-06-2024 03:00:00,23.142888,79.916147,OZONE,39,80,54
India,Madhya Pradesh,Jabalpur,"Marhatal, Jabalpur - MPPCB",09-06-2024 03:00:00,23.168606,79.932247,NO2,10,37,21
India,Madhya Pradesh,Jabalpur,"Marhatal, Jabalpur - MPPCB",09-06-2024 03:00:00,23.168606,79.932247,SO2,16,23,20
India,Madhya Pradesh,Jabalpur,"Suhagi, Jabalpur - JMC",09-06-2024 03:00:00,23.218135,79.957770,NH3,2,2,2
India,Madhya Pradesh,Jabalpur,"Suhagi, Jabalpur - JMC",09-06-2024 03:00:00,23.218135,79.957770,CO,40,62,53
India,Madhya Pradesh,Katni,"Gole Bazar, Katni - MPPCB",09-06-2024 03:00:00,23.50016,80.23284,PM2.5,27,58,40
India,Madhya Pradesh,Mandideep,"Sector-D Industrial Area, Mandideep - MPPCB",09-06-2024 03:00:00,23.108440,77.511428,PM2.5,79,364,183
India,Madhya Pradesh,Pithampur,"Sector-2 Industrial Area, Pithampur - MPPCB",09-06-2024 03:00:00,22.624758,75.675238,NO2,6,42,21
India,Madhya Pradesh,Sagar,"Civil Lines, Sagar - MPPCB",09-06-2024 03:00:00,23.838586,78.759431,PM2.5,35,92,51
India,Madhya Pradesh,Sagar,"Civil Lines, Sagar - MPPCB",09-06-2024 03:00:00,23.838586,78.759431,SO2,1,13,5
India,Madhya Pradesh,Sagar,"Deen Dayal Nagar, Sagar - MPPCB",09-06-2024 03:00:00,23.8640158,78.80289321,SO2,2,14,11
India,Madhya Pradesh,Satna,"Bandhavgar Colony, Satna - Birla Cement",09-06-2024 03:00:00,24.58434363,80.8549414,NO2,26,85,40
India,Madhya Pradesh,Satna,"Bandhavgar Colony, Satna - Birla Cement",09-06-2024 03:00:00,24.58434363,80.8549414,OZONE,11,82,27
India,Madhya Pradesh,Singrauli,"Suryakiran Bhawan NCL, Singrauli - MPPCB",09-06-2024 03:00:00,24.108970,82.645580,NO2,2,21,12
India,Madhya Pradesh,Singrauli,"Suryakiran Bhawan NCL, Singrauli - MPPCB",09-06-2024 03:00:00,24.108970,82.645580,CO,30,74,50
India,Madhya Pradesh,Ujjain,"Mahakaleshwar Temple, Ujjain - MPPCB",09-06-2024 03:00:00,23.182719 ,75.768218 ,SO2,3,8,5
India,Maharashtra,Ahmednagar,"Tarakpur, Ahmednagar - MPCB",09-06-2024 03:00:00,19.10122,74.73339,SO2,20,29,26
India,Maharashtra,Amravati,"Shivneri Colony, Amravati - MPCB",09-06-2024 03:00:00,20.9402359,77.7895248,PM2.5,30,74,47
India,Maharashtra,Amravati,"Shivneri Colony, Amravati - MPCB",09-06-2024 03:00:00,20.9402359,77.7895248,OZONE,45,84,63
India,Maharashtra,Amravati,"Shri Shivaji Science College, Amaravati - MPCB",09-06-2024 03:00:00,20.939198,77.765701,PM2.5,36,56,48
India,Maharashtra,Amravati,"Shri Shivaji Science College, Amaravati - MPCB",09-06-2024 03:00:00,20.939198,77.765701,NH3,5,5,5
India,Maharashtra,Aurangabad,"More Chowk Waluj, Aurangabad - MPCB",09-06-2024 03:00:00,19.8389439,75.244448,PM10,23,82,49
India,Maharashtra,Aurangabad,"Rachnakar Colony, Aurangabad - MPCB",09-06-2024 03:00:00,19.863756,75.321188,NH3,NA,NA,NA
India,Maharashtra,Badlapur,"Katrap, Badlapur - MPCB",09-06-2024 03:00:00,19.16485,73.23409,NH3,2,4,3
India,Maharashtra,Belapur,"CBD Belapur, Belapur - MPCB",09-06-2024 03:00:00,19.0243902,73.0406721,NH3,2,2,2
India,Maharashtra,Belapur,"CBD Belapur, Belapur - MPCB",09-06-2024 03:00:00,19.0243902,73.0406721,SO2,8,11,10
India,Maharashtra,Bhiwandi,"Gokul Nagar, Bhiwandi - MPCB",09-06-2024 03:00:00,19.309073,73.057223,OZONE,14,90,35
India,Maharashtra,Chandrapur,"Chauhan Colony, Chandrapur - MPCB",09-06-2024 03:00:00,19.962900,79.298714,PM10,35,71,54
India,Maharashtra,Chandrapur,"MIDC Khutala, Chandrapur - MPCB",09-06-2024 03:00:00,19.9775302,79.2337086,CO,14,48,37
India,Maharashtra,Dhule,"Deopur, Dhule - MPCB",09-06-2024 03:00:00,20.918946,74.776388,PM10,63,207,122
India,Maharashtra,Jalgaon,"Prabhat Colony, Jalgaon - MPCB",09-06-2024 03:00:00,21.001264,75.565602,PM10,59,103,81
India,Maharashtra,Kalyan,"Khadakpada, Kalyan - MPCB",09-06-2024 03:00:00,19.25292,73.142019,NH3,1,1,1
India,Maharashtra,Kolhapur,"Shivaji University, Kolhapur - MPCB",09-06-2024 03:00:00,16.6870449,74.2505872,PM2.5,21,97,65
India,Maharashtra,Kolhapur,"Shivaji University, Kolhapur - MPCB",09-06-2024 03:00:00,16.6870449,74.2505872,PM10,21,92,58
India,Maharashtra,Kolhapur,"Sinchan Bhavan, Kolhapur - MPCB",09-06-2024 03:00:00,16.7143745,74.2426398,NH3,7,8,8
India,Maharashtra,Latur,"Sawe Wadi, Latur - MPCB",09-06-2024 03:00:00,18.39963,76.57452,PM2.5,NA,NA,NA
India,Maharashtra,Latur,"Sawe Wadi, Latur - MPCB",09-06-2024 03:00:00,18.39963,76.57452,SO2,3,6,4
India,Maharashtra,Mahad,"Kamble Tarf Birwadi, Mahad - MPCB",09-06-2024 03:00:00,18.1023399,73.4783687,NO2,6,46,17
India,Maharashtra,Mahad,"Kamble Tarf Birwadi, Mahad - MPCB",09-06-2024 03:00:00,18.1023399,73.4783687,SO2,1,12,5
India,Maharashtra,Malegaon,"Mahesh Nagar, Malegaon - MPCB",09-06-2024 03:00:00,20.555712,74.529236,PM2.5,28,142,66
India,Maharashtra,Malegaon,"Mahesh Nagar, Malegaon - MPCB",09-06-2024 03:00:00,20.555712,74.529236,NH3,1,10,4
India,Maharashtra,Malegaon,"Mahesh Nagar, Malegaon - MPCB",09-06-2024 03:00:00,20.555712,74.529236,OZONE,22,118,31
India,Maharashtra,Mira-Bhayandar,"Bhayandar West, Mira-Bhayandar - MPCB",09-06-2024 03:00:00,19.296481,72.840923,PM2.5,19,50,31
India,Maharashtra,Mira-Bhayandar,"Bhayandar West, Mira-Bhayandar - MPCB",09-06-2024 03:00:00,19.296481,72.840923,PM10,27,62,45
India,Maharashtra,Mira-Bhayandar,"Bhayandar West, Mira-Bhayandar - MPCB",09-06-2024 03:00:00,19.296481,72.840923,NH3,4,5,4
India,Maharashtra,Mumbai,"Bandra Kurla Complex, Mumbai - MPCB",09-06-2024 03:00:00,19.065931,72.862131,PM2.5,48,76,61
India,Maharashtra,Mumbai,"Bandra Kurla Complex, Mumbai - MPCB",09-06-2024 03:00:00,19.065931,72.862131,PM10,70,99,83
India,Maharashtra,Mumbai,"Bandra Kurla Complex, Mumbai - MPCB",09-06-2024 03:00:00,19.065931,72.862131,NH3,7,12,9
India,Maharashtra,Mumbai,"Borivali East, Mumbai - IITM",09-06-2024 03:00:00,19.23241,72.86895,PM2.5,21,46,31
India,Maharashtra,Mumbai,"Borivali East, Mumbai - IITM",09-06-2024 03:00:00,19.23241,72.86895,PM10,31,74,49
India,Maharashtra,Mumbai,"Borivali East, Mumbai - MPCB",09-06-2024 03:00:00,19.2243333,72.8658113,PM2.5,NA,NA,NA
India,Maharashtra,Mumbai,"Borivali East, Mumbai - MPCB",09-06-2024 03:00:00,19.2243333,72.8658113,SO2,NA,NA,NA
India,Maharashtra,Mumbai,"Chakala-Andheri East, Mumbai - IITM",09-06-2024 03:00:00,19.11074,72.86084,NO2,29,41,34
India,Maharashtra,Mumbai,"Chakala-Andheri East, Mumbai - IITM",09-06-2024 03:00:00,19.11074,72.86084,NH3,6,12,8
India,Maharashtra,Mumbai,"Chembur, Mumbai - MPCB",09-06-2024 03:00:00,19.0364585,72.8954371,PM2.5,18,48,35
India,Maharashtra,Mumbai,"Chembur, Mumbai - MPCB",09-06-2024 03:00:00,19.0364585,72.8954371,PM10,40,68,53
India,Maharashtra,Mumbai,"Chhatrapati Shivaji Intl. Airport (T2), Mumbai - MPCB",09-06-2024 03:00:00,19.10078,72.87462,PM10,34,104,70
India,Maharashtra,Mumbai,"Chhatrapati Shivaji Intl. Airport (T2), Mumbai - MPCB",09-06-2024 03:00:00,19.10078,72.87462,SO2,16,22,18
India,Maharashtra,Mumbai,"Chhatrapati Shivaji Intl. Airport (T2), Mumbai - MPCB",09-06-2024 03:00:00,19.10078,72.87462,CO,32,52,43
India,Maharashtra,Mumbai,"Deonar, Mumbai - IITM",09-06-2024 03:00:00,19.04946,72.9230,PM10,39,94,67
India,Maharashtra,Mumbai,"Deonar, Mumbai - IITM",09-06-2024 03:00:00,19.04946,72.9230,NH3,6,6,6
India,Maharashtra,Mumbai,"Ghatkopar, Mumbai - BMC",09-06-2024 03:00:00,19.083694,72.920967,NO2,14,111,39
India,Maharashtra,Mumbai,"Kandivali East, Mumbai - MPCB",09-06-2024 03:00:00,19.205800,72.868200,OZONE,19,145,46
India,Maharashtra,Mumbai,"Khindipada-Bhandup West, Mumbai - IITM",09-06-2024 03:00:00,19.1653323,72.922099,PM10,NA,NA,NA
India,Maharashtra,Mumbai,"Mazgaon, Mumbai - IITM",09-06-2024 03:00:00,18.96702,72.84214,NO2,33,235,58
India,Maharashtra,Mumbai,"Mazgaon, Mumbai - IITM",09-06-2024 03:00:00,18.96702,72.84214,NH3,5,24,13
India,Maharashtra,Mumbai,"Mazgaon, Mumbai - IITM",09-06-2024 03:00:00,18.96702,72.84214,CO,5,157,25
India,Maharashtra,Mumbai,"Mindspace-Malad West, Mumbai - MPCB",09-06-2024 03:00:00,19.1878657,72.8304069,CO,19,31,25
India,Maharashtra,Mumbai,"Mulund West, Mumbai - MPCB",09-06-2024 03:00:00,19.1750,72.9419,PM2.5,12,18,15
India,Maharashtra,Mumbai,"Mulund West, Mumbai - MPCB",09-06-2024 03:00:00,19.1750,72.9419,SO2,17,18,18
India,Maharashtra,Mumbai,"Navy Nagar-Colaba, Mumbai - IITM",09-06-2024 03:00:00,18.897756,72.813320,PM2.5,17,40,26
India,Maharashtra,Mumbai,"Navy Nagar-Colaba, Mumbai - IITM",09-06-2024 03:00:00,18.897756,72.813320,NO2,47,96,54
India,Maharashtra,Mumbai,"Navy Nagar-Colaba, Mumbai - IITM",09-06-2024 03:00:00,18.897756,72.813320,OZONE,27,78,37
India,Maharashtra,Mumbai,"Sewri, Mumbai - BMC",09-06-2024 03:00:00,19.000084,72.856730,SO2,1,21,15
India,Maharashtra,Mumbai,"Siddharth Nagar-Worli, Mumbai - IITM",09-06-2024 03:00:00,19.000083,72.813993,PM10,37,54,46
India,Maharashtra,Mumbai,"Siddharth Nagar-Worli, Mumbai - IITM",09-06-2024 03:00:00,19.000083,72.813993,NO2,31,64,48
India,Maharashtra,Mumbai,"Sion, Mumbai - MPCB",09-06-2024 03:00:00,19.047000,72.874600,NO2,17,50,38
India,Maharashtra,Mumbai,"Vasai West, Mumbai - MPCB",09-06-2024 03:00:00,19.383200,72.820400,PM10,57,87,71
India,Maharashtra,Mumbai,"Vasai West, Mumbai - MPCB",09-06-2024 03:00:00,19.383200,72.820400,NH3,4,8,4
India,Maharashtra,Mumbai,"Vile Parle West, Mumbai - MPCB",09-06-2024 03:00:00,19.10861,72.83622,NO2,1,8,7
India,Maharashtra,Mumbai,"Vile Parle West, Mumbai - MPCB",09-06-2024 03:00:00,19.10861,72.83622,NH3,10,11,11
India,Maharashtra,Mumbai,"Vile Parle West, Mumbai - MPCB",09-06-2024 03:00:00,19.10861,72.83622,CO,32,32,32
India,Maharashtra,Mumbai,"Vile Parle West, Mumbai - MPCB",09-06-2024 03:00:00,19.10861,72.83622,OZONE,8,14,13
India,Maharashtra,Mumbai,"Worli, Mumbai - MPCB",09-06-2024 03:00:00,18.9936162,72.8128113,CO,25,26,25
India,Maharashtra,Nagpur,"Ambazari, Nagpur - MPCB",09-06-2024 03:00:00,21.121801,79.04952,PM2.5,42,85,58
India,Maharashtra,Nagpur,"Ambazari, Nagpur - MPCB",09-06-2024 03:00:00,21.121801,79.04952,NH3,1,14,4
India,Maharashtra,Nagpur,"Ambazari, Nagpur - MPCB",09-06-2024 03:00:00,21.121801,79.04952,OZONE,5,117,35
India,Maharashtra,Nagpur,"Opp GPO Civil Lines, Nagpur - MPCB",09-06-2024 03:00:00,21.152875,79.0517531,SO2,2,39,11
India,Maharashtra,Nanded,"Sneh Nagar, Nanded - MPCB",09-06-2024 03:00:00,19.173852,77.296291,OZONE,39,108,62
India,Maharashtra,Nashik,"Gangapur Road, Nashik - MPCB",09-06-2024 03:00:00,20.0073285,73.7762427,PM2.5,31,76,48
India,Maharashtra,Nashik,"Gangapur Road, Nashik - MPCB",09-06-2024 03:00:00,20.0073285,73.7762427,PM10,44,87,61
India,Maharashtra,Nashik,"Gangapur Road, Nashik - MPCB",09-06-2024 03:00:00,20.0073285,73.7762427,NH3,2,4,3
India,Maharashtra,Nashik,"Hirawadi, Nashik - MPCB",09-06-2024 03:00:00,20.021503,73.813844,CO,1,20,14
India,Maharashtra,Nashik,"Pandav Nagari, Nashik - MPCB",09-06-2024 03:00:00,19.9591346,73.7788008,SO2,1,5,3
India,Maharashtra,Navi Mumbai,"Mahape, Navi Mumbai - MPCB",09-06-2024 03:00:00,19.1135051,73.008978,SO2,23,23,23
India,Maharashtra,Navi Mumbai,"Nerul, Navi Mumbai - MPCB",09-06-2024 03:00:00,19.008751,73.016620,PM2.5,15,31,24
India,Maharashtra,Navi Mumbai,"Nerul, Navi Mumbai - MPCB",09-06-2024 03:00:00,19.008751,73.016620,SO2,11,13,11
India,Maharashtra,Navi Mumbai,"Nerul, Navi Mumbai - MPCB",09-06-2024 03:00:00,19.008751,73.016620,CO,11,18,15
India,Maharashtra,Navi Mumbai,"Sanpada, Navi Mumbai - MPCB",09-06-2024 03:00:00,19.0575752,73.0151367,PM2.5,17,48,30
India,Maharashtra,Navi Mumbai,"Sanpada, Navi Mumbai - MPCB",09-06-2024 03:00:00,19.0575752,73.0151367,PM10,56,90,68
India,Maharashtra,Navi Mumbai,"Sector-19A Nerul, Navi Mumbai - IITM",09-06-2024 03:00:00,19.044,73.0325,SO2,NA,NA,NA
India,Maharashtra,Navi Mumbai,"Sector-2E Kalamboli, Navi Mumbai - MPCB",09-06-2024 03:00:00,19.02579,73.10297,SO2,6,15,8
India,Maharashtra,Navi Mumbai,"Tondare-Taloja, Navi Mumbai - MPCB",09-06-2024 03:00:00,19.0630,73.1209,OZONE,5,101,18
India,Maharashtra,Parbhani,"Masoom Colony, Parbhani - MPCB",09-06-2024 03:00:00,19.265594,76.761463,PM2.5,13,88,43
India,Maharashtra,Pimpri-Chinchwad,"Gavalinagar, Pimpri Chinchwad - MPCB",09-06-2024 03:00:00,18.63673,73.82487,OZONE,8,71,32
India,Maharashtra,Pune,"Bhosari, Pune - IITM",09-06-2024 03:00:00,18.640051,73.848956,NO2,4,13,8
India,Maharashtra,Pune,"Karve Road, Pune - MPCB",09-06-2024 03:00:00,18.5011743,73.8165527,NO2,1,11,4
India,Maharashtra,Pune,"Karve Road, Pune - MPCB",09-06-2024 03:00:00,18.5011743,73.8165527,SO2,1,17,6
India,Maharashtra,Pune,"Mhada Colony, Pune - IITM",09-06-2024 03:00:00,18.573040,73.927715,CO,90,123,105
India,Maharashtra,Pune,"Revenue Colony-Shivajinagar, Pune - IITM",09-06-2024 03:00:00,18.530085,73.849598,PM10,16,73,51
India,Maharashtra,Pune,"Savitribai Phule Pune University, Pune - MPCB",09-06-2024 03:00:00,18.547056,73.826908,PM10,40,83,64
India,Maharashtra,Pune,"Savitribai Phule Pune University, Pune - MPCB",09-06-2024 03:00:00,18.547056,73.826908,SO2,2,10,7
India,Maharashtra,Pune,"Savitribai Phule Pune University, Pune - MPCB",09-06-2024 03:00:00,18.547056,73.826908,CO,11,30,21
India,Maharashtra,Pune,"Transport Nagar-Nigdi, Pune - IITM",09-06-2024 03:00:00,18.664282,73.763966,PM10,NA,NA,NA
India,Maharashtra,Pune,"Transport Nagar-Nigdi, Pune - IITM",09-06-2024 03:00:00,18.664282,73.763966,CO,NA,NA,NA
India,Maharashtra,Pune,"Transport Nagar-Nigdi, Pune - IITM",09-06-2024 03:00:00,18.664282,73.763966,OZONE,NA,NA,NA
India,Maharashtra,Sangli,"Vijay Nagar, Sangli - MPCB",09-06-2024 03:00:00, 16.5038,74.3623,NH3,1,2,2
India,Maharashtra,Solapur,"Dnyaneshwar Nagar, Solapur - MPCB",09-06-2024 03:00:00,17.6336264,75.9132495,CO,22,41,32
India,Maharashtra,Solapur,"Ratandeep Housing Society, Solapur - MPCB",09-06-2024 03:00:00,17.65439,75.90649,NO2,4,41,18
India,Maharashtra,Solapur,"Solapur, Solapur - MPCB",09-06-2024 03:00:00,17.6599188,75.9063906,SO2,105,108,106
India,Maharashtra,Thane,"Kasarvadavali, Thane - MPCB",09-06-2024 03:00:00,19.26777,72.97182,PM2.5,15,50,27
India,Maharashtra,Thane,"Kasarvadavali, Thane - MPCB",09-06-2024 03:00:00,19.26777,72.97182,CO,13,29,20
India,Maharashtra,Thane,"Pimpleshwar Mandir, Thane - MPCB",09-06-2024 03:00:00,19.192056,72.9585188,OZONE,7,39,10
India,Maharashtra,Thane,"Upvan Fort, Thane - MPCB",09-06-2024 03:00:00,19.222279,72.957979,CO,8,31,15
India,Maharashtra,Thane,"Upvan Fort, Thane - MPCB",09-06-2024 03:00:00,19.222279,72.957979,OZONE,35,94,51
India,Maharashtra,Ulhasnagar,"Sidhi Vinayak Nagar, Ulhasnagar - MPCB",09-06-2024 03:00:00,19.235581,73.159121,SO2,10,26,16
India,Maharashtra,Ulhasnagar,"Sidhi Vinayak Nagar, Ulhasnagar - MPCB",09-06-2024 03:00:00,19.235581,73.159121,OZONE,12,121,27
India,Maharashtra,Virar,"Bolinj, Virar - MPCB",09-06-2024 03:00:00,19.4458210,72.7988231,NH3,9,9,9
India,Maharashtra,Virar,"Bolinj, Virar - MPCB",09-06-2024 03:00:00,19.4458210,72.7988231,OZONE,25,71,33
India,Meghalaya,Shillong,"Lumpyngngad, Shillong - Meghalaya PCB",09-06-2024 03:00:00,25.5586,91.8985,PM2.5,NA,NA,NA
India,Meghalaya,Shillong,"Lumpyngngad, Shillong - Meghalaya PCB",09-06-2024 03:00:00,25.5586,91.8985,NO2,1,2,1
India,Meghalaya,Shillong,"Lumpyngngad, Shillong - Meghalaya PCB",09-06-2024 03:00:00,25.5586,91.8985,CO,7,16,9
India,Mizoram,Aizawl,"Sikulpuikawn, Aizawl - Mizoram PCB",09-06-2024 03:00:00,23.7176342,92.7192841,NH3,1,2,1
India,Nagaland,Kohima,"PWD Juction, Kohima - NPCB",09-06-2024 03:00:00,25.6635413,94.0989878,NO2,2,6,4
India,Nagaland,Kohima,"PWD Juction, Kohima - NPCB",09-06-2024 03:00:00,25.6635413,94.0989878,SO2,37,39,37
India,Nagaland,Kohima,"PWD Juction, Kohima - NPCB",09-06-2024 03:00:00,25.6635413,94.0989878,OZONE,4,47,10
India,Odisha,Angul,"Hakimapada, Angul - OSPCB",09-06-2024 03:00:00,20.832874,85.104082,PM2.5,42,322,92
India,Odisha,Angul,"Hakimapada, Angul - OSPCB",09-06-2024 03:00:00,20.832874,85.104082,NH3,1,1,1
India,Odisha,Barbil,"Forest Office, Barbil - OSPCB",09-06-2024 03:00:00,22.1166054,85.3945546,NH3,2,3,2
India,Odisha,Barbil,"Forest Office, Barbil - OSPCB",09-06-2024 03:00:00,22.1166054,85.3945546,SO2,6,24,12
India,Odisha,Barbil,"Forest Office, Barbil - OSPCB",09-06-2024 03:00:00,22.1166054,85.3945546,CO,25,54,39
India,Odisha,Baripada,"Meher Colony, Baripada - OSPCB",09-06-2024 03:00:00,21.941841,86.728318,CO,4,20,12
India,Odisha,Bhubaneswar,"Lingraj Mandir, Bhubaneswar - OSPCB",09-06-2024 03:00:00,20.240790,85.836784,SO2,4,11,7
India,Odisha,Bileipada,"Tata Township, Bileipada - OSPCB",09-06-2024 03:00:00,22.06156703,85.47409613,PM10,114,181,138
India,Odisha,Bileipada,"Tata Township, Bileipada - OSPCB",09-06-2024 03:00:00,22.06156703,85.47409613,NO2,6,8,6
India,Odisha,Bileipada,"Tata Township, Bileipada - OSPCB",09-06-2024 03:00:00,22.06156703,85.47409613,NH3,11,12,12
India,Odisha,Bileipada,"Tata Township, Bileipada - OSPCB",09-06-2024 03:00:00,22.06156703,85.47409613,SO2,36,101,52
India,Odisha,Brajrajnagar,"GM Office, Brajrajnagar - OSPCB",09-06-2024 03:00:00,21.8004996,83.8396977,PM2.5,15,88,45
India,Odisha,Brajrajnagar,"GM Office, Brajrajnagar - OSPCB",09-06-2024 03:00:00,21.8004996,83.8396977,NH3,11,11,11
India,Odisha,Brajrajnagar,"GM Office, Brajrajnagar - OSPCB",09-06-2024 03:00:00,21.8004996,83.8396977,SO2,4,4,4
India,Odisha,Byasanagar,"Ferro Chrome Colony, Byasanagar - OSPCB",09-06-2024 03:00:00,20.94185,86.11510,PM10,NA,NA,NA
India,Odisha,Cuttack,"CDA Area, Cuttack - OSPCB",09-06-2024 03:00:00,20.48891     ,85.84768     ,NO2,8,24,13
India,Odisha,Cuttack,"CDA Area, Cuttack - OSPCB",09-06-2024 03:00:00,20.48891     ,85.84768     ,NH3,NA,NA,NA
India,Odisha,Cuttack,"CDA Area, Cuttack - OSPCB",09-06-2024 03:00:00,20.48891     ,85.84768     ,OZONE,21,94,39
India,Odisha,Keonjhar,"Jagamohanpur, Keonjhar - OSPCB",09-06-2024 03:00:00,21.643900,85.599355,OZONE,1,47,25
India,Odisha,Nayagarh,"Dabuna, Nayagarh - OSPCB",09-06-2024 03:00:00,21.847279,85.416905,NO2,NA,NA,NA
India,Odisha,Nayagarh,"Dabuna, Nayagarh - OSPCB",09-06-2024 03:00:00,21.847279,85.416905,NH3,NA,NA,NA
India,Odisha,Rairangpur,"Divisional Forest Office, Rairangpur - OSPCB",09-06-2024 03:00:00,22.265816,86.174829,PM2.5,12,114,71
India,Odisha,Rairangpur,"Divisional Forest Office, Rairangpur - OSPCB",09-06-2024 03:00:00,22.265816,86.174829,NO2,2,3,2
India,Odisha,Rairangpur,"Divisional Forest Office, Rairangpur - OSPCB",09-06-2024 03:00:00,22.265816,86.174829,SO2,14,19,16
India,Odisha,Rairangpur,"Divisional Forest Office, Rairangpur - OSPCB",09-06-2024 03:00:00,22.265816,86.174829,CO,10,24,22
India,Odisha,Rourkela,"Raghunathpali, Rourkela - OSPCB",09-06-2024 03:00:00,22.220833,84.809444,PM10,83,302,125
India,Odisha,Rourkela,"Raghunathpali, Rourkela - OSPCB",09-06-2024 03:00:00,22.220833,84.809444,NH3,1,3,2
India,Odisha,Rourkela,"Raghunathpali, Rourkela - OSPCB",09-06-2024 03:00:00,22.220833,84.809444,CO,28,50,45
India,Odisha,Rourkela,"Sector-2, Rourkela - OSPCB",09-06-2024 03:00:00,22.24500000,84.88111111,CO,17,77,41
India,Odisha,Talcher,"Talcher Coalfields,Talcher - OSPCB",09-06-2024 03:00:00,20.9360711,85.1707021,CO,28,113,54
India,Odisha,Tensa,"Barsua Iron Ore Mines, Tensa - OSPCB",09-06-2024 03:00:00,21.869985,85.167016,NO2,8,47,22
India,Odisha,Tensa,"Barsua Iron Ore Mines, Tensa - OSPCB",09-06-2024 03:00:00,21.869985,85.167016,SO2,NA,NA,NA
India,Puducherry,Puducherry,"Jawahar Nagar, Puducherry - PPCC",09-06-2024 03:00:00,11.9309,79.8027,NH3,2,6,3
India,Punjab,Amritsar,"Golden Temple, Amritsar - PPCB",09-06-2024 03:00:00,31.620000,74.876512,NO2,7,184,29
India,Punjab,Amritsar,"Golden Temple, Amritsar - PPCB",09-06-2024 03:00:00,31.620000,74.876512,OZONE,47,63,55
India,Punjab,Bathinda,"Hardev Nagar, Bathinda - PPCB",09-06-2024 03:00:00,30.233011,74.907758,PM2.5,1,193,105
India,Punjab,Jalandhar,"Civil Line, Jalandhar - PPCB",09-06-2024 03:00:00,31.321907,75.578914,SO2,9,12,10
India,Punjab,Jalandhar,"Civil Line, Jalandhar - PPCB",09-06-2024 03:00:00,31.321907,75.578914,OZONE,6,105,45
India,Punjab,Khanna,"Kalal Majra, Khanna - PPCB",09-06-2024 03:00:00,30.736056 ,76.209694,PM2.5,54,217,108
India,Punjab,Khanna,"Kalal Majra, Khanna - PPCB",09-06-2024 03:00:00,30.736056 ,76.209694,NH3,12,13,12
India,Punjab,Khanna,"Kalal Majra, Khanna - PPCB",09-06-2024 03:00:00,30.736056 ,76.209694,CO,38,50,41
India,Punjab,Khanna,"Kalal Majra, Khanna - PPCB",09-06-2024 03:00:00,30.736056 ,76.209694,OZONE,5,37,8
India,Punjab,Ludhiana,"Punjab Agricultural University, Ludhiana - PPCB",09-06-2024 03:00:00,30.9028,75.8086,PM2.5,54,156,110
India,Punjab,Ludhiana,"Punjab Agricultural University, Ludhiana - PPCB",09-06-2024 03:00:00,30.9028,75.8086,NH3,3,4,3
India,Punjab,Mandi Gobindgarh,"RIMT University, Mandi Gobindgarh - PPCB",09-06-2024 03:00:00,30.649961,76.331442,CO,5,107,64
India,Punjab,Patiala,"Model Town, Patiala - PPCB",09-06-2024 03:00:00,30.349388,76.366642,PM10,126,168,138
India,Rajasthan,Ajmer,"Civil Lines,  Ajmer - RSPCB",09-06-2024 03:00:00,26.470859,74.646594,PM10,38,239,119
India,Rajasthan,Ajmer,"Civil Lines,  Ajmer - RSPCB",09-06-2024 03:00:00,26.470859,74.646594,NH3,5,5,5
India,Rajasthan,Baran,"Bamboliya, Baran - RSPCB",09-06-2024 03:00:00,25.106006,76.469948,PM2.5,NA,NA,NA
India,Rajasthan,Baran,"Bamboliya, Baran - RSPCB",09-06-2024 03:00:00,25.106006,76.469948,SO2,NA,NA,NA
India,Rajasthan,Baran,"Bamboliya, Baran - RSPCB",09-06-2024 03:00:00,25.106006,76.469948,CO,14,26,19
India,Rajasthan,Barmer,"Railway Colony, Barmer - RSPCB",09-06-2024 03:00:00,25.747299,71.393989,NO2,4,13,9
India,Rajasthan,Barmer,"Railway Colony, Barmer - RSPCB",09-06-2024 03:00:00,25.747299,71.393989,NH3,4,21,13
India,Rajasthan,Bhilwara,"Pratap Nagar, Bhilwara - RSPCB",09-06-2024 03:00:00,25.339605,74.618883,NO2,NA,NA,NA
India,Rajasthan,Bhilwara,"Pratap Nagar, Bhilwara - RSPCB",09-06-2024 03:00:00,25.339605,74.618883,SO2,3,14,8
India,Rajasthan,Bhilwara,"Pratap Nagar, Bhilwara - RSPCB",09-06-2024 03:00:00,25.339605,74.618883,OZONE,47,102,61
India,Rajasthan,Bhiwadi,"RIICO Ind. Area III, Bhiwadi - RSPCB",09-06-2024 03:00:00,28.194909,76.862296,NH3,1,5,2
India,Rajasthan,Bhiwadi,"Vasundhara Nagar_UIT, Bhiwadi - RSPCB",09-06-2024 03:00:00,28.207266,76.829265,SO2,4,27,10
India,Rajasthan,Bikaner,"MM Ground, Bikaner - RSPCB",09-06-2024 03:00:00,28.018792,73.292658,PM10,72,195,106
India,Rajasthan,Bikaner,"MM Ground, Bikaner - RSPCB",09-06-2024 03:00:00,28.018792,73.292658,NH3,6,9,8
India,Rajasthan,Bundi,"New Colony, Bundi - RSPCB",09-06-2024 03:00:00,25.435774,75.644272,NH3,2,3,2
India,Rajasthan,Bundi,"New Colony, Bundi - RSPCB",09-06-2024 03:00:00,25.435774,75.644272,CO,12,26,19
India,Rajasthan,Chittorgarh,"Shastri Nagar, Chittorgarh - RSPCB",09-06-2024 03:00:00,24.892047,74.623527,NO2,18,19,19
India,Rajasthan,Churu,"Subash Chowk, Churu - RSPCB",09-06-2024 03:00:00,28.296139,74.961696,NO2,8,26,17
India,Rajasthan,Dausa,"Khatikan Mohalla, Dausa - RSPCB",09-06-2024 03:00:00,26.895552,76.334753,PM10,81,500,263
India,Rajasthan,Dausa,"Khatikan Mohalla, Dausa - RSPCB",09-06-2024 03:00:00,26.895552,76.334753,NH3,6,14,8
India,Rajasthan,Hanumangarh,"Housing Board, Hanumangarh - RSPCB",09-06-2024 03:00:00,29.610750,74.283608,PM2.5,27,315,80
India,Rajasthan,Hanumangarh,"Housing Board, Hanumangarh - RSPCB",09-06-2024 03:00:00,29.610750,74.283608,NO2,2,27,9
India,Rajasthan,Hanumangarh,"Housing Board, Hanumangarh - RSPCB",09-06-2024 03:00:00,29.610750,74.283608,NH3,NA,NA,NA
India,Rajasthan,Jaipur,"Mansarovar Sector-12, Jaipur - RSPCB",09-06-2024 03:00:00,26.843698,75.766894,NH3,1,3,2
India,Rajasthan,Jaipur,"Police Commissionerate, Jaipur - RSPCB",09-06-2024 03:00:00,26.9164092,75.7994901,NH3,NA,NA,NA
India,Rajasthan,Jaipur,"Police Commissionerate, Jaipur - RSPCB",09-06-2024 03:00:00,26.9164092,75.7994901,OZONE,26,114,56
India,Rajasthan,Jaipur,"RIICO Sitapura, Jaipur - RSPCB",09-06-2024 03:00:00,26.786682,75.827928,PM10,59,500,270
India,Rajasthan,Jaipur,"Sector-2 Murlipura, Jaipur - RSPCB",09-06-2024 03:00:00,26.960669,75.771817,NO2,7,35,16
India,Rajasthan,Jaipur,"Sector-2 Murlipura, Jaipur - RSPCB",09-06-2024 03:00:00,26.960669,75.771817,SO2,5,38,10
India,Rajasthan,Jaipur,"Sector-2 Murlipura, Jaipur - RSPCB",09-06-2024 03:00:00,26.960669,75.771817,OZONE,26,86,46
India,Rajasthan,Jaipur,"Shastri Nagar, Jaipur - RSPCB",09-06-2024 03:00:00,26.9502929,75.730943,OZONE,19,68,40
India,Rajasthan,Jaisalmer,"Sadar Bazar, Jaisalmer - RSPCB",09-06-2024 03:00:00,26.912329,70.909168,PM2.5,9,48,31
India,Rajasthan,Jaisalmer,"Sadar Bazar, Jaisalmer - RSPCB",09-06-2024 03:00:00,26.912329,70.909168,SO2,3,4,4
India,Rajasthan,Jalore,"Mudtra Sili, Jalore - RSPCB",09-06-2024 03:00:00,25.344694,72.626208,PM2.5,33,127,57
India,Rajasthan,Jalore,"Mudtra Sili, Jalore - RSPCB",09-06-2024 03:00:00,25.344694,72.626208,PM10,62,423,156
India,Rajasthan,Jalore,"Mudtra Sili, Jalore - RSPCB",09-06-2024 03:00:00,25.344694,72.626208,CO,6,24,14
India,Rajasthan,Jhalawar,"Rajlaxmi Nagar, Jhalawar - RSPCB",09-06-2024 03:00:00,24.588397,76.172782,PM2.5,15,59,34
India,Rajasthan,Jhalawar,"Rajlaxmi Nagar, Jhalawar - RSPCB",09-06-2024 03:00:00,24.588397,76.172782,SO2,4,43,7
India,Rajasthan,Jhunjhunu,"Indra Nagar, Jhunjhunu - RSPCB",09-06-2024 03:00:00,28.108988,75.386577,NH3,20,31,27
India,Rajasthan,Jodhpur,"Collectorate, Jodhpur - RSPCB",09-06-2024 03:00:00,26.268249,73.0193853,SO2,1,18,9
India,Rajasthan,Jodhpur,"Digari Kalan, Jodhpur - RSPCB",09-06-2024 03:00:00,26.295810,73.082283,NH3,2,4,3
India,Rajasthan,Jodhpur,"Digari Kalan, Jodhpur - RSPCB",09-06-2024 03:00:00,26.295810,73.082283,OZONE,36,107,54
India,Rajasthan,Jodhpur,"Jhalamand, Jodhpur - RSPCB",09-06-2024 03:00:00,26.215415,73.070156,NH3,3,5,4
India,Rajasthan,Jodhpur,"Mandor, Jodhpur - RSPCB",09-06-2024 03:00:00,26.358805,73.047444,PM2.5,19,211,43
India,Rajasthan,Jodhpur,"Mandor, Jodhpur - RSPCB",09-06-2024 03:00:00,26.358805,73.047444,PM10,46,488,94
India,Rajasthan,Jodhpur,"Mandor, Jodhpur - RSPCB",09-06-2024 03:00:00,26.358805,73.047444,CO,18,22,19
India,Rajasthan,Jodhpur,"Samrat Ashok Udhyan, Jodhpur - RSPCB",09-06-2024 03:00:00,26.253384,72.976571,SO2,2,4,3
India,Rajasthan,Karauli,"Satyawati Vihar, Karauli - RSPCB",09-06-2024 03:00:00,26.506177,77.025989,CO,8,22,11
India,Rajasthan,Karauli,"Satyawati Vihar, Karauli - RSPCB",09-06-2024 03:00:00,26.506177,77.025989,OZONE,38,145,100
India,Rajasthan,Kota,"Dhanmandi, Kota - RSPCB",09-06-2024 03:00:00,25.164090,75.858137,PM10,32,180,102
India,Rajasthan,Kota,"Dhanmandi, Kota - RSPCB",09-06-2024 03:00:00,25.164090,75.858137,SO2,3,25,9
India,Rajasthan,Kota,"Nayapura, Kota - RSPCB",09-06-2024 03:00:00,25.196024,75.855668,PM10,48,164,98
India,Rajasthan,Kota,"Nayapura, Kota - RSPCB",09-06-2024 03:00:00,25.196024,75.855668,CO,10,69,22
India,Rajasthan,Nagaur,"Karni Colony, Nagaur - RSPCB",09-06-2024 03:00:00,27.213494,73.734444,NH3,8,16,12
India,Rajasthan,Pali,"Indira Colony Vistar, Pali - RSPCB",09-06-2024 03:00:00,25.771061, 73.340227,PM10,90,479,198
India,Rajasthan,Pali,"Indira Colony Vistar, Pali - RSPCB",09-06-2024 03:00:00,25.771061, 73.340227,NO2,24,41,31
India,Rajasthan,Pali,"Indira Colony Vistar, Pali - RSPCB",09-06-2024 03:00:00,25.771061, 73.340227,CO,2,62,33
India,Rajasthan,Pali,"Indira Colony Vistar, Pali - RSPCB",09-06-2024 03:00:00,25.771061, 73.340227,OZONE,31,63,44
India,Rajasthan,Pratapgarh,"Pragati Nagar, Pratapgarh - RSPCB",09-06-2024 03:00:00,24.041198,74.780702,OZONE,41,101,88
India,Rajasthan,Rajsamand,"Dhoinda, Rajsamand - RSPCB",09-06-2024 03:00:00,25.036360,73.883502,NO2,6,43,18
India,Rajasthan,Rajsamand,"Dhoinda, Rajsamand - RSPCB",09-06-2024 03:00:00,25.036360,73.883502,SO2,1,5,2
India,Rajasthan,Sawai Madhopur,"Sahu Nagar, Sawai Madhopur - RSPCB",09-06-2024 03:00:00,26.031443,76.359327,OZONE,26,96,62
India,Rajasthan,Sikar,"Radhakishan Pura, Sikar - RSPCB",09-06-2024 03:00:00,27.608912,75.153302,PM2.5,42,389,120
India,Rajasthan,Sikar,"Radhakishan Pura, Sikar - RSPCB",09-06-2024 03:00:00,27.608912,75.153302,NH3,6,10,7
India,Rajasthan,Sikar,"Radhakishan Pura, Sikar - RSPCB",09-06-2024 03:00:00,27.608912,75.153302,SO2,2,4,3
India,Rajasthan,Sirohi,"Vedhaynath Colony, Sirohi - RSPCB",09-06-2024 03:00:00,24.885261,72.857549,SO2,2,17,11
India,Rajasthan,Sri Ganganagar,"Old City, Sri Ganganagar - RSPCB",09-06-2024 03:00:00,29.931624,73.864511,OZONE,12,69,43
India,Rajasthan,Tonk,"Shastri Nagar, Tonk - RSPCB",09-06-2024 03:00:00,26.159933,75.780517,PM2.5,33,250,66
India,TamilNadu,Ariyalur,"Keelapalur, Ariyalur - TNPCB",09-06-2024 03:00:00,11.06825,79.07033,SO2,NA,NA,NA
India,TamilNadu,Chennai,"Alandur Bus Depot, Chennai - CPCB",09-06-2024 03:00:00,12.9099161,80.1076538,PM10,23,23,23
India,TamilNadu,Chennai,"Alandur Bus Depot, Chennai - CPCB",09-06-2024 03:00:00,12.9099161,80.1076538,SO2,1,11,4
India,TamilNadu,Chennai,"Arumbakkam, Chennai - TNPCB",09-06-2024 03:00:00,13.0664,80.2112 ,PM2.5,4,35,15
India,TamilNadu,Chennai,"Kodungaiyur, Chennai - TNPCB",09-06-2024 03:00:00,13.1278,80.2642,CO,16,51,34
India,TamilNadu,Chennai,"Manali, Chennai - CPCB",09-06-2024 03:00:00,13.164544,80.26285,PM10,15,65,40
India,TamilNadu,Chennai,"Manali, Chennai - CPCB",09-06-2024 03:00:00,13.164544,80.26285,CO,91,113,103
India,TamilNadu,Chennai,"Perungudi, Chennai - TNPCB",09-06-2024 03:00:00,12.9533,80.2357,PM2.5,2,35,15
India,TamilNadu,Chennai,"Perungudi, Chennai - TNPCB",09-06-2024 03:00:00,12.9533,80.2357,SO2,1,9,5
India,TamilNadu,Chennai,"Royapuram, Chennai - TNPCB",09-06-2024 03:00:00,13.1036,80.2909,OZONE,5,12,9
India,TamilNadu,Chennai,"Velachery Res. Area, Chennai - CPCB",09-06-2024 03:00:00,13.0052189,80.2398125,NH3,17,22,20
India,TamilNadu,Coimbatore,"PSG College of Arts and Science, Coimbatore - TNPCB",09-06-2024 03:00:00,11.0328,77.0349,SO2,30,44,40
India,TamilNadu,Ooty,"Bombay Castel, Ooty - TNPCB",09-06-2024 03:00:00,11.4068288,76.7138973,PM2.5,NA,NA,NA
India,TamilNadu,Ooty,"Bombay Castel, Ooty - TNPCB",09-06-2024 03:00:00,11.4068288,76.7138973,PM10,NA,NA,NA
India,TamilNadu,Ooty,"Bombay Castel, Ooty - TNPCB",09-06-2024 03:00:00,11.4068288,76.7138973,NO2,NA,NA,NA
India,TamilNadu,Ramanathapuram,"Chalai Bazaar, Ramanathapuram - TNPCB",09-06-2024 03:00:00,9.36399,78.831977,SO2,4,17,10
India,TamilNadu,Salem,"Sona College of Technology, Salem - TNPCB",09-06-2024 03:00:00,11.679111,78.125052,SO2,81,84,83
India,TamilNadu,Thoothukudi,"Meelavittan, Thoothukudi - TNPCB",09-06-2024 03:00:00,8.816428 ,78.099039,PM10,15,55,34
India,TamilNadu,Thoothukudi,"Meelavittan, Thoothukudi - TNPCB",09-06-2024 03:00:00,8.816428 ,78.099039,CO,1,125,43
India,TamilNadu,Tirupur,"Kumaran College, Tirupur - TNPCB",09-06-2024 03:00:00,11.0973603,77.3228673,CO,13,32,23
India,Telangana,Hyderabad,"Bollaram Industrial Area, Hyderabad - TSPCB",09-06-2024 03:00:00,17.540891,78.358528,CO,2,46,20
India,Telangana,Hyderabad,"ICRISAT Patancheru, Hyderabad - TSPCB",09-06-2024 03:00:00,17.518400,78.278777,PM2.5,2,27,14
India,Telangana,Hyderabad,"Kokapet, Hyderabad - TSPCB",09-06-2024 03:00:00,17.393559,78.339194,PM2.5,54,81,61
India,Telangana,Hyderabad,"Kompally Municipal Office, Hyderabad - TSPCB",09-06-2024 03:00:00,17.544899,78.486949,CO,7,27,19
India,Telangana,Hyderabad,"Sanathnagar, Hyderabad - TSPCB",09-06-2024 03:00:00,17.4559458,78.4332152,PM2.5,27,89,44
India,Telangana,Hyderabad,"Sanathnagar, Hyderabad - TSPCB",09-06-2024 03:00:00,17.4559458,78.4332152,NO2,30,403,194
India,Telangana,Hyderabad,"Sanathnagar, Hyderabad - TSPCB",09-06-2024 03:00:00,17.4559458,78.4332152,OZONE,13,207,40
India,Telangana,Hyderabad,"Somajiguda, Hyderabad - TSPCB",09-06-2024 03:00:00,17.417094,78.457437,PM2.5,NA,NA,NA
India,Telangana,Hyderabad,"Somajiguda, Hyderabad - TSPCB",09-06-2024 03:00:00,17.417094,78.457437,PM10,NA,NA,NA
India,Telangana,Hyderabad,"Somajiguda, Hyderabad - TSPCB",09-06-2024 03:00:00,17.417094,78.457437,NO2,NA,NA,NA
India,Telangana,Hyderabad,"Somajiguda, Hyderabad - TSPCB",09-06-2024 03:00:00,17.417094,78.457437,CO,NA,NA,NA
India,Telangana,Hyderabad,"Zoo Park, Hyderabad - TSPCB",09-06-2024 03:00:00,17.349694,78.451437,PM10,NA,NA,NA
India,Tripura,Agartala,"Bardowali, Agartala - Tripura SPCB",09-06-2024 03:00:00,23.8175497,91.2726974,PM2.5,46,97,74
India,Tripura,Agartala,"Bardowali, Agartala - Tripura SPCB",09-06-2024 03:00:00,23.8175497,91.2726974,SO2,34,35,35
India,Tripura,Agartala,"Bardowali, Agartala - Tripura SPCB",09-06-2024 03:00:00,23.8175497,91.2726974,CO,9,16,14
India,Tripura,Agartala,"Bardowali, Agartala - Tripura SPCB",09-06-2024 03:00:00,23.8175497,91.2726974,OZONE,4,30,11
India,Uttar_Pradesh,Agra,"Manoharpur, Agra - UPPCB",09-06-2024 03:00:00,27.23711,78.01936,NH3,2,3,2
India,Uttar_Pradesh,Agra,"Manoharpur, Agra - UPPCB",09-06-2024 03:00:00,27.23711,78.01936,OZONE,1,59,41
India,Uttar_Pradesh,Agra,"Sanjay Palace, Agra - UPPCB",09-06-2024 03:00:00,27.19865833,78.00598056,SO2,3,16,9
India,Uttar_Pradesh,Agra,"Sector-3B Avas Vikas Colony, Agra - UPPCB",09-06-2024 03:00:00,27.19412,77.96237,NO2,41,44,43
India,Uttar_Pradesh,Agra,"Shastripuram, Agra - UPPCB",09-06-2024 03:00:00,27.19862,77.92066,SO2,6,7,6
India,Uttar_Pradesh,Baghpat,"Sardar Patel Inter College, Baghpat - UPPCB",09-06-2024 03:00:00,28.964949,77.278761,PM10,120,279,191
India,Uttar_Pradesh,Bareilly,"Civil Lines, Bareilly - UPPCB",09-06-2024 03:00:00,28.359581,79.414455,OZONE,1,6,1
India,Uttar_Pradesh,Bareilly,"Rajendra Nagar, Bareilly - UPPCB",09-06-2024 03:00:00,28.38910936,79.42963708,NO2,2,6,2
India,Uttar_Pradesh,Bulandshahr,"Yamunapuram, Bulandshahr - UPPCB",09-06-2024 03:00:00,28.406963,77.849831,NH3,8,16,12
India,Uttar_Pradesh,Firozabad,"Nagla Bhau, Firozabad - UPPCB",09-06-2024 03:00:00,27.168897,78.376960,OZONE,15,18,17
India,Uttar_Pradesh,Firozabad,"Vibhab Nagar, Firozabad - UPPCB",09-06-2024 03:00:00,27.1594,78.3953,NH3,2,2,2
India,Uttar_Pradesh,Ghaziabad,"Indirapuram, Ghaziabad - UPPCB",09-06-2024 03:00:00,28.646233,77.358075,PM10,150,410,218
India,Uttar_Pradesh,Ghaziabad,"Indirapuram, Ghaziabad - UPPCB",09-06-2024 03:00:00,28.646233,77.358075,SO2,2,23,15
India,Uttar_Pradesh,Ghaziabad,"Indirapuram, Ghaziabad - UPPCB",09-06-2024 03:00:00,28.646233,77.358075,CO,36,78,56
India,Uttar_Pradesh,Ghaziabad,"Loni, Ghaziabad - UPPCB",09-06-2024 03:00:00,28.757294,77.278792,PM10,102,245,163
India,Uttar_Pradesh,Ghaziabad,"Loni, Ghaziabad - UPPCB",09-06-2024 03:00:00,28.757294,77.278792,NO2,10,54,26
India,Uttar_Pradesh,Ghaziabad,"Sanjay Nagar, Ghaziabad - UPPCB",09-06-2024 03:00:00,28.685382,77.453839,PM10,120,262,162
India,Uttar_Pradesh,Ghaziabad,"Sanjay Nagar, Ghaziabad - UPPCB",09-06-2024 03:00:00,28.685382,77.453839,SO2,17,31,22
India,Uttar_Pradesh,Ghaziabad,"Vasundhara, Ghaziabad - UPPCB",09-06-2024 03:00:00,28.6603346,77.3572563,NO2,30,65,42
India,Uttar_Pradesh,Ghaziabad,"Vasundhara, Ghaziabad - UPPCB",09-06-2024 03:00:00,28.6603346,77.3572563,NH3,5,13,9
India,Uttar_Pradesh,Ghaziabad,"Vasundhara, Ghaziabad - UPPCB",09-06-2024 03:00:00,28.6603346,77.3572563,SO2,3,31,15
India,Uttar_Pradesh,Ghaziabad,"Vasundhara, Ghaziabad - UPPCB",09-06-2024 03:00:00,28.6603346,77.3572563,OZONE,26,164,69
India,Uttar_Pradesh,Greater Noida,"Knowledge Park - V, Greater Noida - UPPCB",09-06-2024 03:00:00,28.557054,77.453663,PM2.5,18,267,97
India,Uttar_Pradesh,Greater Noida,"Knowledge Park - V, Greater Noida - UPPCB",09-06-2024 03:00:00,28.557054,77.453663,OZONE,23,147,47
India,Uttar_Pradesh,Hapur,"Anand Vihar, Hapur - UPPCB",09-06-2024 03:00:00,28.725645,77.749675,PM2.5,28,113,58
India,Uttar_Pradesh,Hapur,"Anand Vihar, Hapur - UPPCB",09-06-2024 03:00:00,28.725645,77.749675,NO2,15,81,37
India,Uttar_Pradesh,Kanpur,"NSI Kalyanpur, Kanpur - UPPCB",09-06-2024 03:00:00,26.509954,80.249612,PM2.5,20,157,93
India,Uttar_Pradesh,Kanpur,"NSI Kalyanpur, Kanpur - UPPCB",09-06-2024 03:00:00,26.509954,80.249612,CO,32,76,52
India,Uttar_Pradesh,Kanpur,"Nehru Nagar, Kanpur - UPPCB",09-06-2024 03:00:00,26.4703136,80.3229863,PM2.5,40,115,76
India,Uttar_Pradesh,Kanpur,"Nehru Nagar, Kanpur - UPPCB",09-06-2024 03:00:00,26.4703136,80.3229863,PM10,36,97,68
India,Uttar_Pradesh,Kanpur,"Nehru Nagar, Kanpur - UPPCB",09-06-2024 03:00:00,26.4703136,80.3229863,OZONE,19,211,33
India,Uttar_Pradesh,Lucknow,"Kendriya Vidyalaya, Lucknow - CPCB",09-06-2024 03:00:00,26.906111,80.948222,NO2,12,21,17
India,Uttar_Pradesh,Lucknow,"Kukrail Picnic Spot-1, Lucknow - UPPCB",09-06-2024 03:00:00,26.90723,80.98579,NO2,13,14,13
India,Uttar_Pradesh,Lucknow,"Lalbagh, Lucknow - CPCB",09-06-2024 03:00:00,26.8458805,80.9365541,PM10,147,221,184
India,Uttar_Pradesh,Lucknow,"Talkatora District Industries Center, Lucknow - CPCB",09-06-2024 03:00:00,26.83399722,80.8917361,SO2,2,16,9
India,Uttar_Pradesh,Meerut,"Ganga Nagar, Meerut - UPPCB",09-06-2024 03:00:00,28.999264,77.7590354,NO2,15,69,29
India,Uttar_Pradesh,Meerut,"Ganga Nagar, Meerut - UPPCB",09-06-2024 03:00:00,28.999264,77.7590354,NH3,7,10,9
India,Uttar_Pradesh,Meerut,"Pallavpuram Phase 2, Meerut - UPPCB",09-06-2024 03:00:00,29.063510,77.709723,SO2,13,73,33
India,Uttar_Pradesh,Moradabad,"Buddhi Vihar, Moradabad - UPPCB",09-06-2024 03:00:00,28.83526,78.74460,PM10,43,160,118
India,Uttar_Pradesh,Moradabad,"Buddhi Vihar, Moradabad - UPPCB",09-06-2024 03:00:00,28.83526,78.74460,SO2,23,36,29
India,Uttar_Pradesh,Moradabad,"Eco Herbal Park, Moradabad - UPPCB",09-06-2024 03:00:00,28.840739,78.697531,NH3,6,15,9
India,Uttar_Pradesh,Moradabad,"Eco Herbal Park, Moradabad - UPPCB",09-06-2024 03:00:00,28.840739,78.697531,CO,17,52,35
India,Uttar_Pradesh,Moradabad,"Jigar Colony, Moradabad - UPPCB",09-06-2024 03:00:00,28.856664,78.772638,PM2.5,36,68,52
India,Uttar_Pradesh,Moradabad,"Jigar Colony, Moradabad - UPPCB",09-06-2024 03:00:00,28.856664,78.772638,CO,24,50,32
India,Uttar_Pradesh,Moradabad,"Transport Nagar, Moradabad - UPPCB",09-06-2024 03:00:00,28.802625,78.753728,NH3,5,5,5
India,Uttar_Pradesh,Muzaffarnagar,"New Mandi, Muzaffarnagar - UPPCB",09-06-2024 03:00:00,29.4723508,77.7194031,OZONE,35,109,50
India,Uttar_Pradesh,Noida,"Sector - 125, Noida - UPPCB",09-06-2024 03:00:00,28.5447608,77.3231257,PM2.5,28,148,66
India,Uttar_Pradesh,Noida,"Sector - 125, Noida - UPPCB",09-06-2024 03:00:00,28.5447608,77.3231257,NH3,1,7,5
India,Uttar_Pradesh,Noida,"Sector - 62, Noida - IMD",09-06-2024 03:00:00,28.6245479,77.3577104,NO2,7,19,10
India,Uttar_Pradesh,Noida,"Sector-1, Noida - UPPCB",09-06-2024 03:00:00,28.5898,77.3101,NH3,2,15,8
India,Uttar_Pradesh,Prayagraj,"Jhunsi, Prayagraj - UPPCB",09-06-2024 03:00:00,25.425602,81.917152,SO2,30,31,30
India,Uttar_Pradesh,Prayagraj,"Jhunsi, Prayagraj - UPPCB",09-06-2024 03:00:00,25.425602,81.917152,OZONE,11,85,46
India,Uttar_Pradesh,Prayagraj,"Motilal Nehru NIT, Prayagraj - UPPCB",09-06-2024 03:00:00,25.494,81.863,NO2,11,12,12
India,Uttar_Pradesh,Prayagraj,"Nagar Nigam, Prayagraj - UPPCB",09-06-2024 03:00:00,25.44919916 ,81.82735986 ,OZONE,11,12,11
India,Uttar_Pradesh,Varanasi,"IESD Banaras Hindu University, Varanasi - UPPCB",09-06-2024 03:00:00,25.262326,82.995408,PM10,NA,NA,NA
India,Uttar_Pradesh,Varanasi,"Maldahiya, Varanasi - UPPCB",09-06-2024 03:00:00,25.32393,82.99687,NH3,1,1,1
India,Uttar_Pradesh,Varanasi,"Maldahiya, Varanasi - UPPCB",09-06-2024 03:00:00,25.32393,82.99687,OZONE,1,24,6
India,Uttarakhand,Kashipur,"Govt. Girls Inter College, Kashipur - UKPCB",09-06-2024 03:00:00,29.2124114,78.9611753,NO2,6,19,12
India,Uttarakhand,Kashipur,"Govt. Girls Inter College, Kashipur - UKPCB",09-06-2024 03:00:00,29.2124114,78.9611753,SO2,8,14,10
India,Uttarakhand,Kashipur,"Govt. Girls Inter College, Kashipur - UKPCB",09-06-2024 03:00:00,29.2124114,78.9611753,OZONE,22,132,66
India,West_Bengal,Asansol,"Asansol Court Area, Asansol - WBPCB",09-06-2024 03:00:00,23.685297,86.945968,CO,10,66,35
India,West_Bengal,Asansol,"Evelyn Lodge, Asansol - WBPCB",09-06-2024 03:00:00,23.6979360,86.9443950,SO2,12,16,13
India,West_Bengal,Barrackpore,"SVSPA Campus, Barrackpore - WBPCB",09-06-2024 03:00:00,22.7605581,88.3617589,SO2,5,12,7
India,West_Bengal,Barrackpore,"SVSPA Campus, Barrackpore - WBPCB",09-06-2024 03:00:00,22.7605581,88.3617589,CO,18,30,22
India,West_Bengal,Barrackpore,"SVSPA Campus, Barrackpore - WBPCB",09-06-2024 03:00:00,22.7605581,88.3617589,OZONE,18,83,27
India,West_Bengal,Durgapur,"PCBL Residential Complex, Durgapur - WBPCB",09-06-2024 03:00:00,23.5087640,87.3544400,CO,12,14,13
India,West_Bengal,Haldia,"Priyambada Housing Estate, Haldia - WBPCB",09-06-2024 03:00:00,22.06047,88.109737,OZONE,24,31,26
India,West_Bengal,Howrah,"Belur Math, Howrah - WBPCB",09-06-2024 03:00:00,22.629801,88.352017,CO,2,12,6
India,West_Bengal,Howrah,"Belur Math, Howrah - WBPCB",09-06-2024 03:00:00,22.629801,88.352017,OZONE,20,74,31
India,West_Bengal,Howrah,"Ghusuri, Howrah - WBPCB",09-06-2024 03:00:00,22.611968,88.347422,PM10,30,108,73
India,West_Bengal,Kolkata,"Ballygunge, Kolkata - WBPCB",09-06-2024 03:00:00,22.5367507,88.3638022,NH3,7,8,8
India,West_Bengal,Kolkata,"Ballygunge, Kolkata - WBPCB",09-06-2024 03:00:00,22.5367507,88.3638022,SO2,2,9,6
India,West_Bengal,Kolkata,"Fort William, Kolkata - WBPCB",09-06-2024 03:00:00,22.556640,88.342674,PM2.5,52,80,67
India,West_Bengal,Kolkata,"Fort William, Kolkata - WBPCB",09-06-2024 03:00:00,22.556640,88.342674,NO2,15,26,20
India,West_Bengal,Kolkata,"Fort William, Kolkata - WBPCB",09-06-2024 03:00:00,22.556640,88.342674,OZONE,8,17,13
India,West_Bengal,Kolkata,"Rabindra Sarobar, Kolkata - WBPCB",09-06-2024 03:00:00,22.51106,88.35142,OZONE,21,50,28
India,West_Bengal,Kolkata,"Victoria, Kolkata - WBPCB",09-06-2024 03:00:00,22.5448082,88.3403691,PM2.5,26,53,40
India,West_Bengal,Kolkata,"Victoria, Kolkata - WBPCB",09-06-2024 03:00:00,22.5448082,88.3403691,NO2,25,28,26
India,West_Bengal,Kolkata,"Victoria, Kolkata - WBPCB",09-06-2024 03:00:00,22.5448082,88.3403691,NH3,6,6,6
India,Andhra_Pradesh,Amaravati,"Secretariat, Amaravati - APPCB",09-06-2024 03:00:00,16.5150833,80.5181667,PM2.5,5,35,14
India,Andhra_Pradesh,Amaravati,"Secretariat, Amaravati - APPCB",09-06-2024 03:00:00,16.5150833,80.5181667,CO,4,64,35
India,Andhra_Pradesh,Anantapur,"Gulzarpet, Anantapur - APPCB",09-06-2024 03:00:00,14.675886,77.593027,PM2.5,21,51,28
India,Andhra_Pradesh,Kadapa,"Yerramukkapalli, Kadapa - APPCB",09-06-2024 03:00:00,14.465052,78.824187,PM10,29,29,29
India,Andhra_Pradesh,Kadapa,"Yerramukkapalli, Kadapa - APPCB",09-06-2024 03:00:00,14.465052,78.824187,NO2,12,13,12
India,Andhra_Pradesh,Rajamahendravaram,"Anand Kala Kshetram, Rajamahendravaram - APPCB",09-06-2024 03:00:00,16.9872867,81.7363176,PM10,15,43,30
India,Andhra_Pradesh,Rajamahendravaram,"Anand Kala Kshetram, Rajamahendravaram - APPCB",09-06-2024 03:00:00,16.9872867,81.7363176,SO2,11,12,12
India,Andhra_Pradesh,Tirupati,"Tirumala, Tirupati - APPCB",09-06-2024 03:00:00,13.67,79.35,PM2.5,8,36,19
India,Andhra_Pradesh,Tirupati,"Vaikuntapuram, Tirupati - APPCB",09-06-2024 03:00:00,13.615387,79.409230,PM10,NA,NA,NA
India,Andhra_Pradesh,Tirupati,"Vaikuntapuram, Tirupati - APPCB",09-06-2024 03:00:00,13.615387,79.409230,SO2,NA,NA,NA
India,Andhra_Pradesh,Visakhapatnam,"GVM Corporation, Visakhapatnam - APPCB",09-06-2024 03:00:00,17.72,83.3,PM2.5,33,60,43
India,Andhra_Pradesh,Visakhapatnam,"GVM Corporation, Visakhapatnam - APPCB",09-06-2024 03:00:00,17.72,83.3,OZONE,8,17,10
India,Arunachal_Pradesh,Naharlagun,"Naharlagun, Naharlagun - APSPCB",09-06-2024 03:00:00,27.103358,93.679645,PM10,29,61,44
India,Arunachal_Pradesh,Naharlagun,"Naharlagun, Naharlagun - APSPCB",09-06-2024 03:00:00,27.103358,93.679645,NO2,3,3,3
India,Assam,Byrnihat,"Central Academy for SFS, Byrnihat - PCBA",09-06-2024 03:00:00,26.071318,91.87488,PM2.5,NA,NA,NA
India,Assam,Guwahati,"IITG, Guwahati - PCBA",09-06-2024 03:00:00,26.2028636,91.70046436,PM10,43,107,68
India,Assam,Guwahati,"IITG, Guwahati - PCBA",09-06-2024 03:00:00,26.2028636,91.70046436,OZONE,4,32,8
India,Assam,Guwahati,"LGBI Airport, Guwahati - PCBA",09-06-2024 03:00:00,26.10887,91.589544,PM10,33,280,93
India,Assam,Guwahati,"LGBI Airport, Guwahati - PCBA",09-06-2024 03:00:00,26.10887,91.589544,CO,48,76,62
India,Assam,Guwahati,"LGBI Airport, Guwahati - PCBA",09-06-2024 03:00:00,26.10887,91.589544,OZONE,24,30,25
India,Assam,Guwahati,"Pan Bazaar, Guwahati - PCBA",09-06-2024 03:00:00,26.187500,91.744194,SO2,39,55,47
India,Assam,Nalbari,"Bata Chowk, Nalbari - PCBA",09-06-2024 03:00:00,26.446912,91.439057,PM2.5,20,277,86
India,Assam,Nalbari,"Bata Chowk, Nalbari - PCBA",09-06-2024 03:00:00,26.446912,91.439057,PM10,20,206,69
India,Assam,Nalbari,"Bata Chowk, Nalbari - PCBA",09-06-2024 03:00:00,26.446912,91.439057,OZONE,23,44,41
India,Assam,Silchar,"Tarapur, Silchar - PCBA",09-06-2024 03:00:00,24.82827,92.79525,NO2,16,16,16
India,Assam,Silchar,"Tarapur, Silchar - PCBA",09-06-2024 03:00:00,24.82827,92.79525,SO2,1,7,3
India,Assam,Sivasagar,"Girls College, Sivasagar - PCBA",09-06-2024 03:00:00,26.987634,94.636574,NH3,2,3,2
India,Bihar,Arrah,"New DM Office, Arrah - BSPCB",09-06-2024 03:00:00,25.5626095,84.663264,PM10,51,141,104
India,Bihar,Bhagalpur,"Mayaganj, Bhagalpur - BSPCB",09-06-2024 03:00:00,25.265194,87.012947,PM2.5,NA,NA,NA
India,Bihar,Buxar,"Charitra Van, Buxar - BSPCB (Formerly known as Central Jail)",09-06-2024 03:00:00,25.567520,83.966379,PM10,181,443,281
India,Bihar,Buxar,"Charitra Van, Buxar - BSPCB (Formerly known as Central Jail)",09-06-2024 03:00:00,25.567520,83.966379,NO2,1,2,1
India,Bihar,Chhapra,"Darshan Nagar, Chhapra - BSPCB",09-06-2024 03:00:00,25.7808257,84.7446768,PM2.5,55,170,98
India,Bihar,Gaya,"Collectorate, Gaya - BSPCB",09-06-2024 03:00:00,24.7955,84.9994,NO2,2,5,4
India,Bihar,Gaya,"Kareemganj, Gaya - BSPCB",09-06-2024 03:00:00,24.792403,84.992416,PM10,75,174,117
India,Bihar,Gaya,"Kareemganj, Gaya - BSPCB",09-06-2024 03:00:00,24.792403,84.992416,NH3,4,23,10
India,Bihar,Gaya,"SFTI Kusdihra, Gaya - BSPCB",09-06-2024 03:00:00,24.762518,84.982348,PM2.5,64,215,134
India,Bihar,Gaya,"SFTI Kusdihra, Gaya - BSPCB",09-06-2024 03:00:00,24.762518,84.982348,CO,18,64,43
India,Bihar,Gaya,"SFTI Kusdihra, Gaya - BSPCB",09-06-2024 03:00:00,24.762518,84.982348,OZONE,17,89,36
India,Bihar,Hajipur,"Industrial Area, Hajipur - BSPCB",09-06-2024 03:00:00,25.697189,85.245900,PM10,117,192,151
India,Bihar,Hajipur,"Industrial Area, Hajipur - BSPCB",09-06-2024 03:00:00,25.697189,85.245900,NH3,10,15,12
India,Bihar,Katihar,"Mirchaibari, Katihar - BSPCB",09-06-2024 03:00:00,25.560083,87.553265,SO2,8,12,10
India,Bihar,Kishanganj,"SDM Office_Khagra, Kishanganj - BSPCB",09-06-2024 03:00:00,26.0881305,87.93840336,NO2,31,49,40
India,Bihar,Manguraha,"Forest Rest House, Manguraha - BSPCB",09-06-2024 03:00:00,27.308328,84.531742,SO2,3,5,4
India,Bihar,Motihari,"Gandak Colony, Motihari - BSPCB",09-06-2024 03:00:00,26.63086,84.90051,NH3,2,6,4
India,Bihar,Munger,"Town Hall, Munger - BSPCB",09-06-2024 03:00:00,25.376776,86.471523,NO2,4,6,5
India,Bihar,Muzaffarpur,"Buddha Colony, Muzaffarpur - BSPCB",09-06-2024 03:00:00,26.11442,85.39813,CO,22,36,31
India,Bihar,Muzaffarpur,"MIT-Daudpur Kothi, Muzaffarpur - BSPCB",09-06-2024 03:00:00,26.1403345,85.3650192,NO2,3,6,5
India,Bihar,Muzaffarpur,"MIT-Daudpur Kothi, Muzaffarpur - BSPCB",09-06-2024 03:00:00,26.1403345,85.3650192,NH3,1,2,1
India,Bihar,Muzaffarpur,"Muzaffarpur Collectorate, Muzaffarpur - BSPCB",09-06-2024 03:00:00,26.1209,85.3647,OZONE,50,156,121
India,Bihar,Patna,"DRM Office Danapur, Patna - BSPCB",09-06-2024 03:00:00,25.586562,85.043586,CO,19,74,38
India,Bihar,Patna,"Muradpur, Patna - BSPCB",09-06-2024 03:00:00,25.619651,85.147382,SO2,6,16,9
India,Bihar,Patna,"Rajbansi Nagar, Patna - BSPCB",09-06-2024 03:00:00,25.599486,85.113666,SO2,1,17,9
India,Bihar,Patna,"Samanpura, Patna - BSPCB",09-06-2024 03:00:00,25.596727,85.085624,NO2,7,40,16
India,Bihar,Patna,"Samanpura, Patna - BSPCB",09-06-2024 03:00:00,25.596727,85.085624,SO2,3,9,5
India,Bihar,Saharsa,"Police Line, Saharsa - BSPCB",09-06-2024 03:00:00,25.892357,86.590325,NH3,9,9,9
India,Bihar,Samastipur,"DM Office_Kasipur, Samastipur - BSPCB",09-06-2024 03:00:00,25.859655,85.77944,NO2,4,5,4
India,Bihar,Samastipur,"DM Office_Kasipur, Samastipur - BSPCB",09-06-2024 03:00:00,25.859655,85.77944,SO2,55,71,62
India,Bihar,Sasaram,"Dada Peer, Sasaram - BSPCB",09-06-2024 03:00:00,24.952822,84.002396,CO,44,80,55
India,Bihar,Siwan,"Chitragupta Nagar, Siwan - BSPCB",09-06-2024 03:00:00,26.2271665,84.3570427,NH3,1,7,2
India,Chandigarh,Chandigarh,"Sector 22, Chandigarh - CPCC",09-06-2024 03:00:00,30.735567,76.775714,OZONE,108,277,154
India,Chandigarh,Chandigarh,"Sector-25, Chandigarh - CPCC",09-06-2024 03:00:00,30.751462,76.762879,PM2.5,94,152,129
India,Chandigarh,Chandigarh,"Sector-25, Chandigarh - CPCC",09-06-2024 03:00:00,30.751462,76.762879,NH3,11,21,15
India,Chandigarh,Chandigarh,"Sector-25, Chandigarh - CPCC",09-06-2024 03:00:00,30.751462,76.762879,CO,16,27,23
India,Chandigarh,Chandigarh,"Sector-53, Chandigarh - CPCC",09-06-2024 03:00:00,30.719859,76.738637,PM10,95,305,124
India,Chandigarh,Chandigarh,"Sector-53, Chandigarh - CPCC",09-06-2024 03:00:00,30.719859,76.738637,NO2,14,50,26
India,Chandigarh,Chandigarh,"Sector-53, Chandigarh - CPCC",09-06-2024 03:00:00,30.719859,76.738637,SO2,5,17,11
India,Chandigarh,Chandigarh,"Sector-53, Chandigarh - CPCC",09-06-2024 03:00:00,30.719859,76.738637,CO,32,62,53
India,Chandigarh,Chandigarh,"Sector-53, Chandigarh - CPCC",09-06-2024 03:00:00,30.719859,76.738637,OZONE,28,76,41
India,Chhattisgarh,Bhilai,"32Bungalows, Bhilai - CECB",09-06-2024 03:00:00,21.194815,81.314770,SO2,8,14,10
India,Chhattisgarh,Bhilai,"Civic Center, Bhilai - Bhilai Steel Plant",09-06-2024 03:00:00,21.185571,81.343175,PM10,22,53,32
India,Chhattisgarh,Bhilai,"Civic Center, Bhilai - Bhilai Steel Plant",09-06-2024 03:00:00,21.185571,81.343175,NO2,7,8,8
India,Chhattisgarh,Bilaspur,"Mangala, Bilaspur - NTPC",09-06-2024 03:00:00,22.08815,82.13737,PM2.5,17,58,41
India,Chhattisgarh,Chhal,"Nawapara SECL Colony, Chhal - CECB",09-06-2024 03:00:00,22.118125,83.140608,NH3,NA,NA,NA
India,Chhattisgarh,Kunjemura,"OP Jindal School, Kunjemura - CECB",09-06-2024 03:00:00,22.126650,83.483212,PM10,28,83,61
India,Chhattisgarh,Kunjemura,"OP Jindal School, Kunjemura - CECB",09-06-2024 03:00:00,22.126650,83.483212,NH3,2,3,2
India,Chhattisgarh,Kunjemura,"OP Jindal School, Kunjemura - CECB",09-06-2024 03:00:00,22.126650,83.483212,SO2,2,7,4
India,Chhattisgarh,Raipur,"AIIMS, Raipur - CECB",09-06-2024 03:00:00,21.258815,81.578979,NO2,8,17,12
India,Chhattisgarh,Raipur,"Bhatagaon New ISBT, Raipur - CECB",09-06-2024 03:00:00,21.219665,81.630094,PM10,20,62,35
India,Chhattisgarh,Raipur,"Bhatagaon New ISBT, Raipur - CECB",09-06-2024 03:00:00,21.219665,81.630094,CO,12,30,24
India,Chhattisgarh,Raipur,"Krishak Nagar, Raipur - CECB",09-06-2024 03:00:00,21.237755,81.705301,PM2.5,11,34,23
India,Chhattisgarh,Raipur,"Siltara Phase-II, Raipur - CECB",09-06-2024 03:00:00,21.371751,81.664929,PM10,32,145,88
India,Chhattisgarh,Tumidih,"OP Jindal Industrial Park, Tumidih - CECB",09-06-2024 03:00:00,22.06631475,83.33820077,PM10,NA,NA,NA
India,Chhattisgarh,Tumidih,"OP Jindal Industrial Park, Tumidih - CECB",09-06-2024 03:00:00,22.06631475,83.33820077,CO,20,39,31
India,Delhi,Delhi,"Alipur, Delhi - DPCC",09-06-2024 03:00:00,28.815329,77.153010,PM10,123,420,193
India,Delhi,Delhi,"Alipur, Delhi - DPCC",09-06-2024 03:00:00,28.815329,77.153010,OZONE,18,243,102
India,Delhi,Delhi,"Bawana, Delhi - DPCC",09-06-2024 03:00:00,28.776200,77.051074,PM10,139,454,205
India,Delhi,Delhi,"Bawana, Delhi - DPCC",09-06-2024 03:00:00,28.776200,77.051074,SO2,10,65,28
India,Delhi,Delhi,"Bawana, Delhi - DPCC",09-06-2024 03:00:00,28.776200,77.051074,CO,28,48,40
India,Delhi,Delhi,"CRRI Mathura Road, Delhi - IMD",09-06-2024 03:00:00,28.5512005,77.2735737,PM2.5,NA,NA,NA
India,Delhi,Delhi,"Chandni Chowk, Delhi - IITM",09-06-2024 03:00:00,28.656756,77.227234,OZONE,1,5,2
India,Delhi,Delhi,"DTU, Delhi - CPCB",09-06-2024 03:00:00,28.7500499,77.1112615,PM2.5,51,240,110
India,Delhi,Delhi,"DTU, Delhi - CPCB",09-06-2024 03:00:00,28.7500499,77.1112615,OZONE,38,134,75
India,Delhi,Delhi,"Dr. Karni Singh Shooting Range, Delhi - DPCC",09-06-2024 03:00:00,28.498571,77.264840,NO2,22,103,44
India,Delhi,Delhi,"Dr. Karni Singh Shooting Range, Delhi - DPCC",09-06-2024 03:00:00,28.498571,77.264840,NH3,5,7,6
India,Delhi,Delhi,"Dr. Karni Singh Shooting Range, Delhi - DPCC",09-06-2024 03:00:00,28.498571,77.264840,SO2,11,31,19
India,Delhi,Delhi,"Dwarka-Sector 8, Delhi - DPCC ",09-06-2024 03:00:00,28.5710274,77.0719006,NO2,13,57,25
India,Delhi,Delhi,"IGI Airport (T3), Delhi - IMD",09-06-2024 03:00:00,28.5627763,77.1180053,PM2.5,25,100,66
India,Delhi,Delhi,"IHBAS, Dilshad Garden, Delhi - CPCB",09-06-2024 03:00:00,28.6811736,77.3025234,NH3,6,9,7
India,Delhi,Delhi,"IHBAS, Dilshad Garden, Delhi - CPCB",09-06-2024 03:00:00,28.6811736,77.3025234,CO,18,74,59
India,Delhi,Delhi,"ITO, Delhi - CPCB",09-06-2024 03:00:00,28.628624,77.241060,NH3,6,7,7
India,Delhi,Delhi,"Jahangirpuri, Delhi - DPCC",09-06-2024 03:00:00,28.732820,77.170633,NO2,6,86,32
India,Delhi,Delhi,"Jawaharlal Nehru Stadium, Delhi - DPCC",09-06-2024 03:00:00,28.580280,77.233829,PM2.5,20,88,49
India,Delhi,Delhi,"Jawaharlal Nehru Stadium, Delhi - DPCC",09-06-2024 03:00:00,28.580280,77.233829,NO2,13,100,36
India,Delhi,Delhi,"Jawaharlal Nehru Stadium, Delhi - DPCC",09-06-2024 03:00:00,28.580280,77.233829,SO2,12,34,22
India,Delhi,Delhi,"Jawaharlal Nehru Stadium, Delhi - DPCC",09-06-2024 03:00:00,28.580280,77.233829,OZONE,19,238,63
India,Delhi,Delhi,"Major Dhyan Chand National Stadium, Delhi - DPCC",09-06-2024 03:00:00,28.611281,77.237738,PM10,115,312,172
India,Delhi,Delhi,"Major Dhyan Chand National Stadium, Delhi - DPCC",09-06-2024 03:00:00,28.611281,77.237738,NO2,11,93,37
India,Delhi,Delhi,"Mundka, Delhi - DPCC",09-06-2024 03:00:00,28.684678,77.076574,PM10,140,439,234
India,Delhi,Delhi,"Najafgarh, Delhi - DPCC",09-06-2024 03:00:00,28.570173,76.933762,SO2,5,26,18
India,Delhi,Delhi,"Narela, Delhi - DPCC",09-06-2024 03:00:00,28.822836,77.101981,CO,32,52,44
India,Delhi,Delhi,"Nehru Nagar, Delhi - DPCC",09-06-2024 03:00:00,28.567890,77.250515,NO2,5,48,17
India,Delhi,Delhi,"Nehru Nagar, Delhi - DPCC",09-06-2024 03:00:00,28.567890,77.250515,OZONE,33,280,82
India,Delhi,Delhi,"Okhla Phase-2, Delhi - DPCC",09-06-2024 03:00:00,28.530785,77.271255,NH3,10,13,11
India,Delhi,Delhi,"Patparganj, Delhi - DPCC",09-06-2024 03:00:00,28.623763,77.287209,PM2.5,55,250,115
India,Delhi,Delhi,"Patparganj, Delhi - DPCC",09-06-2024 03:00:00,28.623763,77.287209,PM10,145,409,230
India,Delhi,Delhi,"Punjabi Bagh, Delhi - DPCC",09-06-2024 03:00:00,28.674045,77.131023,PM2.5,8,306,115
India,Delhi,Delhi,"Punjabi Bagh, Delhi - DPCC",09-06-2024 03:00:00,28.674045,77.131023,PM10,118,403,191
India,Delhi,Delhi,"Punjabi Bagh, Delhi - DPCC",09-06-2024 03:00:00,28.674045,77.131023,CO,37,68,55
India,Delhi,Delhi,"Pusa, Delhi - DPCC",09-06-2024 03:00:00,28.639652,77.146275,NO2,44,124,70
India,Delhi,Delhi,"Pusa, Delhi - DPCC",09-06-2024 03:00:00,28.639652,77.146275,SO2,6,31,17
India,Delhi,Delhi,"Pusa, Delhi - DPCC",09-06-2024 03:00:00,28.639652,77.146275,CO,16,102,49
India,Delhi,Delhi,"R K Puram, Delhi - DPCC",09-06-2024 03:00:00,28.563262,77.186937,PM2.5,67,260,128
India,Delhi,Delhi,"R K Puram, Delhi - DPCC",09-06-2024 03:00:00,28.563262,77.186937,NH3,3,8,6
India,Delhi,Delhi,"Rohini, Delhi - DPCC",09-06-2024 03:00:00,28.732528,77.119920,NO2,12,82,36
India,Delhi,Delhi,"Shadipur, Delhi - CPCB",09-06-2024 03:00:00,28.6514781,77.1473105,OZONE,7,34,18
India,Delhi,Delhi,"Sirifort, Delhi - CPCB",09-06-2024 03:00:00,28.5504249,77.2159377,PM2.5,45,174,86
India,Delhi,Delhi,"Sirifort, Delhi - CPCB",09-06-2024 03:00:00,28.5504249,77.2159377,PM10,129,338,185
India,Delhi,Delhi,"Sirifort, Delhi - CPCB",09-06-2024 03:00:00,28.5504249,77.2159377,NH3,20,22,21
India,Delhi,Delhi,"Sri Aurobindo Marg, Delhi - DPCC",09-06-2024 03:00:00,28.531346,77.190156,CO,28,86,65
India,Delhi,Delhi,"Vivek Vihar, Delhi - DPCC",09-06-2024 03:00:00,28.672342,77.315260,NH3,16,17,16
India,Delhi,Delhi,"Wazirpur, Delhi - DPCC",09-06-2024 03:00:00,28.699793,77.165453,NO2,26,59,37
India,Gujarat,Ahmedabad,"Chandkheda, Ahmedabad - IITM",09-06-2024 03:00:00,23.107969,72.574648,NH3,2,3,3
India,Gujarat,Ahmedabad,"Gyaspur, Ahmedabad - IITM",09-06-2024 03:00:00,22.977134,72.553024,NO2,36,58,45
India,Gujarat,Ahmedabad,"Maninagar, Ahmedabad - GPCB",09-06-2024 03:00:00,23.002657,72.591912,NO2,24,59,37
India,Gujarat,Ahmedabad,"Maninagar, Ahmedabad - GPCB",09-06-2024 03:00:00,23.002657,72.591912,CO,11,80,41
India,Gujarat,Ahmedabad,"Maninagar, Ahmedabad - GPCB",09-06-2024 03:00:00,23.002657,72.591912,OZONE,20,113,45
India,Gujarat,Ahmedabad,"SVPI Airport Hansol, Ahmedabad - IITM",09-06-2024 03:00:00,23.076793,72.627874,PM10,81,127,108
India,Gujarat,Ahmedabad,"SVPI Airport Hansol, Ahmedabad - IITM",09-06-2024 03:00:00,23.076793,72.627874,NH3,3,4,4
India,Gujarat,Ahmedabad,"Sardar Vallabhbhai Patel Stadium, Ahmedabad - IITM",09-06-2024 03:00:00,23.043070,72.562968,PM2.5,56,217,92
India,Gujarat,Ahmedabad,"Sardar Vallabhbhai Patel Stadium, Ahmedabad - IITM",09-06-2024 03:00:00,23.043070,72.562968,PM10,63,157,100
India,Gujarat,Ahmedabad,"Sardar Vallabhbhai Patel Stadium, Ahmedabad - IITM",09-06-2024 03:00:00,23.043070,72.562968,CO,48,50,49
India,Gujarat,Ahmedabad,"Sardar Vallabhbhai Patel Stadium, Ahmedabad - IITM",09-06-2024 03:00:00,23.043070,72.562968,OZONE,13,56,27
India,Gujarat,Ankleshwar,"GIDC, Ankleshwar - GPCB",09-06-2024 03:00:00,21.613267,73.010555,SO2,13,50,26
India,Gujarat,Ankleshwar,"GIDC, Ankleshwar - GPCB",09-06-2024 03:00:00,21.613267,73.010555,CO,46,83,70
India,Gujarat,Gandhinagar,"GIFT City, Gandhinagar - IITM",09-06-2024 03:00:00,23.163798,72.677768,NH3,NA,NA,NA
India,Gujarat,Gandhinagar,"Sector-10, Gandhinagar - GPCB",09-06-2024 03:00:00,23.221714,72.654328,CO,6,18,10
India,Gujarat,Surat,"Science Center, Surat - SMC",09-06-2024 03:00:00,21.170046,72.795405,NO2,21,34,26
India,Gujarat,Surat,"Science Center, Surat - SMC",09-06-2024 03:00:00,21.170046,72.795405,CO,66,88,79
India,Gujarat,Vapi,"Phase-1 GIDC, Vapi - GPCB",09-06-2024 03:00:00,20.362421,72.918013,PM2.5,NA,NA,NA
India,Gujarat,Vatva,"Phase-4 GIDC, Vatva - GPCB",09-06-2024 03:00:00,22.969611,72.643500,SO2,2,55,11
India,Gujarat,Vatva,"Phase-4 GIDC, Vatva - GPCB",09-06-2024 03:00:00,22.969611,72.643500,OZONE,29,30,30
India,Haryana,Ambala,"Patti Mehar, Ambala - HSPCB",09-06-2024 03:00:00,30.379589,76.778328,NO2,8,21,14
India,Haryana,Ambala,"Patti Mehar, Ambala - HSPCB",09-06-2024 03:00:00,30.379589,76.778328,SO2,3,36,14
India,Haryana,Ballabgarh,"Nathu Colony, Ballabgarh - HSPCB",09-06-2024 03:00:00,28.3419248,77.319699,NO2,12,14,13
India,Haryana,Ballabgarh,"Nathu Colony, Ballabgarh - HSPCB",09-06-2024 03:00:00,28.3419248,77.319699,SO2,4,15,8
India,Haryana,Bhiwani,"H.B. Colony, Bhiwani - HSPCB",09-06-2024 03:00:00,28.806223,76.141105,PM10,76,495,150
India,Haryana,Bhiwani,"H.B. Colony, Bhiwani - HSPCB",09-06-2024 03:00:00,28.806223,76.141105,NO2,3,13,8
India,Haryana,Bhiwani,"H.B. Colony, Bhiwani - HSPCB",09-06-2024 03:00:00,28.806223,76.141105,SO2,4,66,16
India,Haryana,Dharuhera,"Municipal Corporation Office, Dharuhera -  HSPCB",09-06-2024 03:00:00,28.206800,76.799700,PM2.5,49,500,171
India,Haryana,Faridabad,"Sector 11, Faridabad - HSPCB",09-06-2024 03:00:00,28.376058,77.315741,CO,28,46,38
India,Haryana,Faridabad,"Sector 30, Faridabad - HSPCB",09-06-2024 03:00:00,28.4417,77.3217,NO2,2,5,4
India,Haryana,Faridabad,"Sector 30, Faridabad - HSPCB",09-06-2024 03:00:00,28.4417,77.3217,SO2,5,6,5
India,Haryana,Fatehabad,"Huda Sector, Fatehabad - HSPCB",09-06-2024 03:00:00,29.503664,75.467934,CO,43,46,44
India,Haryana,Gurugram,"Sector-51, Gurugram - HSPCB",09-06-2024 03:00:00,28.4227,77.0667,PM10,153,489,304
India,Haryana,Gurugram,"Sector-51, Gurugram - HSPCB",09-06-2024 03:00:00,28.4227,77.0667,NO2,13,29,23
India,Haryana,Gurugram,"Sector-51, Gurugram - HSPCB",09-06-2024 03:00:00,28.4227,77.0667,NH3,7,14,9
India,Haryana,Gurugram,"Vikas Sadan, Gurugram - HSPCB",09-06-2024 03:00:00,28.4501238,77.0263051,SO2,11,105,36
India,Haryana,Gurugram,"Vikas Sadan, Gurugram - HSPCB",09-06-2024 03:00:00,28.4501238,77.0263051,CO,49,130,76
India,Haryana,Hisar,"Urban Estate-II, Hisar - HSPCB",09-06-2024 03:00:00,29.140560,75.744941,CO,25,43,33
India,Haryana,Jind,"Police Lines, Jind - HSPCB",09-06-2024 03:00:00,29.307814,76.337619,PM10,98,185,128
India,Haryana,Kaithal,"Rishi Nagar, Kaithal - HSPCB",09-06-2024 03:00:00,29.8006,76.4155,PM2.5,42,81,58
India,Haryana,Kaithal,"Rishi Nagar, Kaithal - HSPCB",09-06-2024 03:00:00,29.8006,76.4155,NO2,24,26,25
India,Haryana,Karnal,"Sector-12, Karnal - HSPCB",09-06-2024 03:00:00,29.695300,77.002700,NO2,7,12,10
India,Haryana,Karnal,"Sector-12, Karnal - HSPCB",09-06-2024 03:00:00,29.695300,77.002700,OZONE,28,36,32
India,Haryana,Kurukshetra,"Sector-7, Kurukshetra - HSPCB",09-06-2024 03:00:00,29.966942,76.875879,NH3,3,5,5
India,Haryana,Kurukshetra,"Sector-7, Kurukshetra - HSPCB",09-06-2024 03:00:00,29.966942,76.875879,SO2,2,101,21
India,Haryana,Narnaul,"Shastri Nagar, Narnaul - HSPCB",09-06-2024 03:00:00,28.060249,76.113115,NO2,15,85,48
India,Haryana,Palwal,"Shyam Nagar, Palwal - HSPCB",09-06-2024 03:00:00,28.1485564,77.3320667,PM2.5,47,93,66
India,Haryana,Palwal,"Shyam Nagar, Palwal - HSPCB",09-06-2024 03:00:00,28.1485564,77.3320667,NO2,23,25,24
India,Haryana,Palwal,"Shyam Nagar, Palwal - HSPCB",09-06-2024 03:00:00,28.1485564,77.3320667,NH3,8,9,9
India,Haryana,Palwal,"Shyam Nagar, Palwal - HSPCB",09-06-2024 03:00:00,28.1485564,77.3320667,CO,20,30,26
India,Haryana,Panchkula,"Sector-6, Panchkula - HSPCB ",09-06-2024 03:00:00,30.7057778,76.8531805555555,NO2,NA,NA,NA
India,Haryana,Panipat,"Sector-18, Panipat - HSPCB",09-06-2024 03:00:00,29.432304,76.972765,PM2.5,183,189,187
India,Haryana,Panipat,"Sector-18, Panipat - HSPCB",09-06-2024 03:00:00,29.432304,76.972765,NH3,2,3,2
India,Haryana,Panipat,"Sector-18, Panipat - HSPCB",09-06-2024 03:00:00,29.432304,76.972765,SO2,18,19,19
India,Haryana,Sirsa,"F-Block, Sirsa - HSPCB",09-06-2024 03:00:00,29.536400,75.015800,PM2.5,35,97,64
India,Himachal Pradesh,Baddi,"HIMUDA Complex Phase-1, Baddi - HPPCB",09-06-2024 03:00:00,30.943887,76.801991,NH3,4,7,6
India,Himachal Pradesh,Baddi,"HIMUDA Complex Phase-1, Baddi - HPPCB",09-06-2024 03:00:00,30.943887,76.801991,SO2,11,129,47
India,Jammu_and_Kashmir,Srinagar,"Rajbagh, Srinagar - JKSPCB",09-06-2024 03:00:00,34.066206,74.819820,SO2,NA,NA,NA
India,Jharkhand,Dhanbad,"Sardar Patel Nagar, Dhanbad - JSPCB",09-06-2024 03:00:00,23.80569,86.44268,PM10,102,143,121
India,Jharkhand,Dhanbad,"Sardar Patel Nagar, Dhanbad - JSPCB",09-06-2024 03:00:00,23.80569,86.44268,CO,106,195,182
India,Karnataka,Bagalkot,"Vidayagiri, Bagalkot - KSPCB",09-06-2024 03:00:00,16.172806,75.659694,OZONE,NA,NA,NA
India,Karnataka,Belgaum,"Ramteerth Nagar, Belgaum - KSPCB",09-06-2024 03:00:00,15.888653,74.541751,PM10,NA,NA,NA
India,Karnataka,Belgaum,"Ramteerth Nagar, Belgaum - KSPCB",09-06-2024 03:00:00,15.888653,74.541751,SO2,NA,NA,NA
India,Karnataka,Bengaluru,"Bapuji Nagar, Bengaluru - KSPCB",09-06-2024 03:00:00,12.951913,77.539784,PM2.5,8,231,37
India,Karnataka,Bengaluru,"Bapuji Nagar, Bengaluru - KSPCB",09-06-2024 03:00:00,12.951913,77.539784,NH3,1,1,1
India,Karnataka,Bengaluru,"Bapuji Nagar, Bengaluru - KSPCB",09-06-2024 03:00:00,12.951913,77.539784,OZONE,22,29,25
India,Karnataka,Bengaluru,"Hebbal, Bengaluru - KSPCB",09-06-2024 03:00:00,13.029152,77.585901,SO2,15,30,22
India,Karnataka,Bengaluru,"Jayanagar 5th Block, Bengaluru - KSPCB",09-06-2024 03:00:00,12.920984,77.584908,PM2.5,8,21,13
India,Karnataka,Bengaluru,"Jayanagar 5th Block, Bengaluru - KSPCB",09-06-2024 03:00:00,12.920984,77.584908,PM10,6,25,15
India,Karnataka,Bengaluru,"Jayanagar 5th Block, Bengaluru - KSPCB",09-06-2024 03:00:00,12.920984,77.584908,NO2,8,9,9
India,Karnataka,Bengaluru,"Jayanagar 5th Block, Bengaluru - KSPCB",09-06-2024 03:00:00,12.920984,77.584908,SO2,13,21,17
India,Karnataka,Bengaluru,"Jigani, Bengaluru - KSPCB",09-06-2024 03:00:00,12.7816279,77.6299145,OZONE,26,49,36
India,Karnataka,Bengaluru,"Kasturi Nagar, Bengaluru - KSPCB",09-06-2024 03:00:00,13.003872,77.664217,PM2.5,31,40,34
India,Karnataka,Bengaluru,"Kasturi Nagar, Bengaluru - KSPCB",09-06-2024 03:00:00,13.003872,77.664217,PM10,40,52,44
India,Karnataka,Bengaluru,"Peenya, Bengaluru - CPCB",09-06-2024 03:00:00,13.0270199,77.494094,NH3,3,4,3
India,Karnataka,Bengaluru,"Shivapura_Peenya, Bengaluru - KSPCB",09-06-2024 03:00:00,13.0246342,77.5080115,NO2,15,16,15
India,Karnataka,Bengaluru,"Shivapura_Peenya, Bengaluru - KSPCB",09-06-2024 03:00:00,13.0246342,77.5080115,NH3,4,4,4
India,Karnataka,Bengaluru,"Shivapura_Peenya, Bengaluru - KSPCB",09-06-2024 03:00:00,13.0246342,77.5080115,CO,18,27,22
India,Karnataka,Bidar,"Naubad, Bidar - KSPCB",09-06-2024 03:00:00,17.930306,77.482194,PM2.5,22,52,35
India,Karnataka,Bidar,"Naubad, Bidar - KSPCB",09-06-2024 03:00:00,17.930306,77.482194,PM10,27,64,46
India,Karnataka,Bidar,"Naubad, Bidar - KSPCB",09-06-2024 03:00:00,17.930306,77.482194,NH3,3,3,3
India,Karnataka,Chamarajanagar,"Urban, Chamarajanagar - KSPCB",09-06-2024 03:00:00,11.55358,76.55521,PM2.5,29,36,35
India,Karnataka,Chamarajanagar,"Urban, Chamarajanagar - KSPCB",09-06-2024 03:00:00,11.55358,76.55521,NH3,2,2,2
India,Karnataka,Chamarajanagar,"Urban, Chamarajanagar - KSPCB",09-06-2024 03:00:00,11.55358,76.55521,CO,30,122,40
India,Karnataka,Chamarajanagar,"Urban, Chamarajanagar - KSPCB",09-06-2024 03:00:00,11.55358,76.55521,OZONE,25,27,26
India,Karnataka,Chikkaballapur,"Chikkaballapur Rural, Chikkaballapur - KSPCB",09-06-2024 03:00:00,13.428828,77.731418,PM10,7,35,17
India,Karnataka,Chikkaballapur,"Chikkaballapur Rural, Chikkaballapur - KSPCB",09-06-2024 03:00:00,13.428828,77.731418,NH3,1,1,1
India,Karnataka,Chikkaballapur,"Chikkaballapur Rural, Chikkaballapur - KSPCB",09-06-2024 03:00:00,13.428828,77.731418,SO2,20,24,22
India,Karnataka,Chikkaballapur,"Chikkaballapur Rural, Chikkaballapur - KSPCB",09-06-2024 03:00:00,13.428828,77.731418,OZONE,25,26,25
India,Karnataka,Chikkamagaluru,"Kalyana Nagara, Chikkamagaluru - KSPCB",09-06-2024 03:00:00,13.328028,75.797056,PM10,21,72,33
India,Karnataka,Chikkamagaluru,"Kalyana Nagara, Chikkamagaluru - KSPCB",09-06-2024 03:00:00,13.328028,75.797056,NH3,2,4,3
India,Karnataka,Chikkamagaluru,"Kalyana Nagara, Chikkamagaluru - KSPCB",09-06-2024 03:00:00,13.328028,75.797056,CO,3,48,15
India,Karnataka,Davanagere,"Devaraj Urs Badavane, Davanagere - KSPCB",09-06-2024 03:00:00,14.475800,75.905200,PM2.5,4,22,11
India,Karnataka,Dharwad,"Kalabhavan, Dharwad - KSPCB",09-06-2024 03:00:00,15.459706,75.008381,OZONE,24,65,29
India,Karnataka,Gadag,"Panchal Nagar, Gadag - KSPCB",09-06-2024 03:00:00,15.411456,75.638133,PM2.5,NA,NA,NA
India,Karnataka,Gadag,"Panchal Nagar, Gadag - KSPCB",09-06-2024 03:00:00,15.411456,75.638133,NO2,7,19,12
India,Karnataka,Gadag,"Panchal Nagar, Gadag - KSPCB",09-06-2024 03:00:00,15.411456,75.638133,NH3,1,2,2
India,Karnataka,Gadag,"Panchal Nagar, Gadag - KSPCB",09-06-2024 03:00:00,15.411456,75.638133,CO,41,52,43
India,Karnataka,Hassan,"B.Katihalli, Hassan - KSPCB",09-06-2024 03:00:00,13.008556,76.125258,OZONE,NA,NA,NA
India,Karnataka,Haveri,"Ashwini Nagar, Haveri - KSPCB",09-06-2024 03:00:00,14.791800,75.389600,NO2,NA,NA,NA
India,Karnataka,Haveri,"Ashwini Nagar, Haveri - KSPCB",09-06-2024 03:00:00,14.791800,75.389600,CO,37,38,38
India,Karnataka,Haveri,"Ashwini Nagar, Haveri - KSPCB",09-06-2024 03:00:00,14.791800,75.389600,OZONE,32,35,33
India,Karnataka,Hubballi,"Lingaraj Nagar, Hubballi - KSPCB",09-06-2024 03:00:00,15.3714823,75.1160168,NO2,10,16,13
India,Karnataka,Hubballi,"Lingaraj Nagar, Hubballi - KSPCB",09-06-2024 03:00:00,15.3714823,75.1160168,SO2,2,5,3
India,Karnataka,Hubballi,"Lingaraj Nagar, Hubballi - KSPCB",09-06-2024 03:00:00,15.3714823,75.1160168,CO,2,21,13
India,Karnataka,Hubballi,"Lingaraj Nagar, Hubballi - KSPCB",09-06-2024 03:00:00,15.3714823,75.1160168,OZONE,21,40,35
India,Karnataka,Kalaburagi,"Lal Bahadur Shastri Nagar, Kalaburagi - KSPCB",09-06-2024 03:00:00,17.321993,76.822628,NO2,10,12,11
India,Karnataka,Kalaburagi,"Lal Bahadur Shastri Nagar, Kalaburagi - KSPCB",09-06-2024 03:00:00,17.321993,76.822628,NH3,2,3,2
India,Karnataka,Kalaburagi,"Mahatma Basaveswar Colony, Kalaburgi - KSPCB",09-06-2024 03:00:00,17.336318,76.847397,NO2,NA,NA,NA
India,Karnataka,Kolar,"Tamaka Ind. Area, Kolar - KSPCB",09-06-2024 03:00:00,13.1276288,78.1570122,NO2,16,38,25
India,Karnataka,Kolar,"Tamaka Ind. Area, Kolar - KSPCB",09-06-2024 03:00:00,13.1276288,78.1570122,NH3,6,9,8
India,Karnataka,Koppal,"Diwator Nagar, Koppal - KSPCB",09-06-2024 03:00:00,15.347630,76.181767,PM10,1,7,4
India,Karnataka,Madikeri,"Stuart Hill, Madikeri - KSPCB",09-06-2024 03:00:00,12.415911,75.735050,PM10,7,21,14
India,Karnataka,Madikeri,"Stuart Hill, Madikeri - KSPCB",09-06-2024 03:00:00,12.415911,75.735050,NH3,NA,NA,NA
India,Karnataka,Madikeri,"Stuart Hill, Madikeri - KSPCB",09-06-2024 03:00:00,12.415911,75.735050,SO2,4,4,4
India,Karnataka,Mangalore,"Kadri, Mangalore - KSPCB",09-06-2024 03:00:00,12.889250,74.853000,NO2,5,6,6
India,Karnataka,Mangalore,"Kadri, Mangalore - KSPCB",09-06-2024 03:00:00,12.889250,74.853000,OZONE,31,33,32
India,Karnataka,Mysuru,"Hebbal 1st Stage, Mysuru - KSPCB",09-06-2024 03:00:00,12.21041,76.37376,PM10,17,35,26
India,Karnataka,Mysuru,"Hebbal 1st Stage, Mysuru - KSPCB",09-06-2024 03:00:00,12.21041,76.37376,CO,2,24,12
India,Karnataka,Ramanagara,"Vijay Nagar, Ramanagara - KSPCB",09-06-2024 03:00:00,12.733409,77.298051,PM10,9,18,14
India,Karnataka,Ramanagara,"Vijay Nagar, Ramanagara - KSPCB",09-06-2024 03:00:00,12.733409,77.298051,NH3,1,3,2
India,Karnataka,Shivamogga,"Vinoba Nagara, Shivamogga - KSPCB",09-06-2024 03:00:00,13.940000,75.555917,PM10,30,69,51
India,Karnataka,Tumakuru,"Thimmalapura, Tumakuru - KSPCB",09-06-2024 03:00:00,13.377516,77.099072,SO2,7,16,8
India,Karnataka,Vijayapura,"Ibrahimpur, Vijayapura - KSPCB",09-06-2024 03:00:00,16.802639,75.722694,PM2.5,25,31,30
India,Karnataka,Yadgir,"Collector Office, Yadgir - KSPCB",09-06-2024 03:00:00,16.7602,77.1428,PM10,NA,NA,NA
India,Kerala,Kannur,"Thavakkara, Kannur - Kerala PCB",09-06-2024 03:00:00,11.875000,75.373200,OZONE,28,33,29
India,Kerala,Kollam,"Polayathode, Kollam - Kerala PCB",09-06-2024 03:00:00,8.8787,76.6073,PM10,32,66,51
India,Kerala,Kollam,"Polayathode, Kollam - Kerala PCB",09-06-2024 03:00:00,8.8787,76.6073,NH3,1,1,1
India,Kerala,Kollam,"Polayathode, Kollam - Kerala PCB",09-06-2024 03:00:00,8.8787,76.6073,OZONE,28,35,31
India,Kerala,Thiruvananthapuram,"Kariavattom, Thiruvananthapuram - Kerala PCB",09-06-2024 03:00:00,8.563700,76.886500,PM2.5,34,41,37
India,Kerala,Thiruvananthapuram,"Plammoodu, Thiruvananthapuram - Kerala PCB",09-06-2024 03:00:00,8.5149093,76.9435879,PM2.5,NA,NA,NA
India,Kerala,Thiruvananthapuram,"Plammoodu, Thiruvananthapuram - Kerala PCB",09-06-2024 03:00:00,8.5149093,76.9435879,PM10,1,34,16
India,Kerala,Thiruvananthapuram,"Plammoodu, Thiruvananthapuram - Kerala PCB",09-06-2024 03:00:00,8.5149093,76.9435879,SO2,3,15,10
India,Kerala,Thrissur,"Corporation Ground, Thrissur - Kerala PCB",09-06-2024 03:00:00,10.532400,76.215900,NO2,7,8,8
India,Madhya Pradesh,Bhopal,"Paryavaran Parisar, Bhopal - MPPCB",09-06-2024 03:00:00,23.210494,77.425409,PM2.5,40,117,59
India,Madhya Pradesh,Bhopal,"Paryavaran Parisar, Bhopal - MPPCB",09-06-2024 03:00:00,23.210494,77.425409,NO2,11,134,38
India,Madhya Pradesh,Bhopal,"T T Nagar, Bhopal - MPPCB",09-06-2024 03:00:00,23.233584,77.400574,CO,22,102,50
India,Madhya Pradesh,Dewas,"Bhopal Chauraha, Dewas - MPPCB",09-06-2024 03:00:00,22.9682591,76.064118,CO,24,60,46
India,Madhya Pradesh,Gwalior,"City Center, Gwalior - MPPCB",09-06-2024 03:00:00,26.203442,78.193251,OZONE,17,153,92
India,Madhya Pradesh,Gwalior,"Deen Dayal Nagar, Gwalior - MPPCB",09-06-2024 03:00:00,26.259242,78.216432,NO2,6,94,21
India,Madhya Pradesh,Gwalior,"Deen Dayal Nagar, Gwalior - MPPCB",09-06-2024 03:00:00,26.259242,78.216432,NH3,3,6,5
India,Madhya Pradesh,Gwalior,"Deen Dayal Nagar, Gwalior - MPPCB",09-06-2024 03:00:00,26.259242,78.216432,CO,36,77,40
India,Madhya Pradesh,Gwalior,"Deen Dayal Nagar, Gwalior - MPPCB",09-06-2024 03:00:00,26.259242,78.216432,OZONE,42,150,101
India,Madhya Pradesh,Gwalior,"Maharaj Bada, Gwalior - MPPCB",09-06-2024 03:00:00,26.200388,78.147714,SO2,11,95,43
India,Madhya Pradesh,Gwalior,"Maharaj Bada, Gwalior - MPPCB",09-06-2024 03:00:00,26.200388,78.147714,OZONE,30,159,69
India,Madhya Pradesh,Gwalior,"Phool Bagh, Gwalior - Mondelez Ind. Food",09-06-2024 03:00:00,26.210536,78.171,SO2,26,40,29
India,Madhya Pradesh,Indore,"Chhoti Gwaltoli, Indore - MPPCB",09-06-2024 03:00:00,22.4310,75.5213,NO2,NA,NA,NA
India,Madhya Pradesh,Indore,"Chhoti Gwaltoli, Indore - MPPCB",09-06-2024 03:00:00,22.4310,75.5213,NH3,NA,NA,NA
India,Madhya Pradesh,Indore,"Chhoti Gwaltoli, Indore - MPPCB",09-06-2024 03:00:00,22.4310,75.5213,CO,60,124,99
India,Madhya Pradesh,Indore,"Maguda Nagar, Indore - IMC",09-06-2024 03:00:00,22.7524,75.8872,PM2.5,36,306,96
India,Madhya Pradesh,Indore,"Maguda Nagar, Indore - IMC",09-06-2024 03:00:00,22.7524,75.8872,PM10,26,137,56
India,Madhya Pradesh,Indore,"Maguda Nagar, Indore - IMC",09-06-2024 03:00:00,22.7524,75.8872,NO2,3,5,4
India,Madhya Pradesh,Indore,"Maguda Nagar, Indore - IMC",09-06-2024 03:00:00,22.7524,75.8872,NH3,1,2,2
India,Madhya Pradesh,Indore,"Maguda Nagar, Indore - IMC",09-06-2024 03:00:00,22.7524,75.8872,OZONE,1,4,2
India,Madhya Pradesh,Indore,"Regional Park, Indore - IMC",09-06-2024 03:00:00,22.6780,75.8559,OZONE,6,12,7
India,Madhya Pradesh,Indore,"Residency Area, Indore - IMC",09-06-2024 03:00:00,22.7084,75.8815,NH3,NA,NA,NA
India,Madhya Pradesh,Jabalpur,"Govindh Bhavan Colony, Jabalpur - JMC",09-06-2024 03:00:00,23.163174,79.973061,PM10,51,155,85
India,Madhya Pradesh,Jabalpur,"Govindh Bhavan Colony, Jabalpur - JMC",09-06-2024 03:00:00,23.163174,79.973061,SO2,13,21,17
India,Madhya Pradesh,Jabalpur,"Govindh Bhavan Colony, Jabalpur - JMC",09-06-2024 03:00:00,23.163174,79.973061,OZONE,48,100,76
India,Madhya Pradesh,Jabalpur,"Gupteshwar, Jabalpur - JMC",09-06-2024 03:00:00,23.142888,79.916147,NH3,5,5,5
India,Madhya Pradesh,Jabalpur,"Gupteshwar, Jabalpur - JMC",09-06-2024 03:00:00,23.142888,79.916147,SO2,3,8,6
India,Madhya Pradesh,Jabalpur,"Suhagi, Jabalpur - JMC",09-06-2024 03:00:00,23.218135,79.957770,NO2,39,42,40
India,Madhya Pradesh,Katni,"Gole Bazar, Katni - MPPCB",09-06-2024 03:00:00,23.50016,80.23284,PM10,52,142,89
India,Madhya Pradesh,Katni,"Gole Bazar, Katni - MPPCB",09-06-2024 03:00:00,23.50016,80.23284,CO,24,67,38
India,Madhya Pradesh,Maihar,"Sahilara, Maihar - KJS Cements",09-06-2024 03:00:00,24.2613009,80.7231783,PM2.5,19,146,70
India,Madhya Pradesh,Mandideep,"Sector-D Industrial Area, Mandideep - MPPCB",09-06-2024 03:00:00,23.108440,77.511428,NH3,7,15,8
India,Madhya Pradesh,Mandideep,"Sector-D Industrial Area, Mandideep - MPPCB",09-06-2024 03:00:00,23.108440,77.511428,OZONE,11,32,19
India,Madhya Pradesh,Pithampur,"Sector-2 Industrial Area, Pithampur - MPPCB",09-06-2024 03:00:00,22.624758,75.675238,SO2,10,12,11
India,Madhya Pradesh,Pithampur,"Sector-2 Industrial Area, Pithampur - MPPCB",09-06-2024 03:00:00,22.624758,75.675238,OZONE,14,51,21
India,Madhya Pradesh,Ratlam,"Shasthri Nagar, Ratlam - IPCA Lab",09-06-2024 03:00:00,23.331731,75.045981,PM10,48,140,91
India,Madhya Pradesh,Sagar,"Civil Lines, Sagar - MPPCB",09-06-2024 03:00:00,23.838586,78.759431,PM10,42,108,62
India,Madhya Pradesh,Sagar,"Deen Dayal Nagar, Sagar - MPPCB",09-06-2024 03:00:00,23.8640158,78.80289321,PM10,96,304,167
India,Madhya Pradesh,Sagar,"Deen Dayal Nagar, Sagar - MPPCB",09-06-2024 03:00:00,23.8640158,78.80289321,CO,48,65,60
India,Madhya Pradesh,Satna,"Bandhavgar Colony, Satna - Birla Cement",09-06-2024 03:00:00,24.58434363,80.8549414,PM10,41,81,58
India,Madhya Pradesh,Satna,"Bandhavgar Colony, Satna - Birla Cement",09-06-2024 03:00:00,24.58434363,80.8549414,SO2,2,4,3
India,Madhya Pradesh,Ujjain,"Mahakaleshwar Temple, Ujjain - MPPCB",09-06-2024 03:00:00,23.182719 ,75.768218 ,PM2.5,30,500,91
India,Madhya Pradesh,Ujjain,"Mahakaleshwar Temple, Ujjain - MPPCB",09-06-2024 03:00:00,23.182719 ,75.768218 ,PM10,40,131,81
India,Madhya Pradesh,Ujjain,"Mahakaleshwar Temple, Ujjain - MPPCB",09-06-2024 03:00:00,23.182719 ,75.768218 ,NO2,9,48,26
India,Maharashtra,Ahmednagar,"Tarakpur, Ahmednagar - MPCB",09-06-2024 03:00:00,19.10122,74.73339,PM2.5,9,52,28
India,Maharashtra,Ahmednagar,"Tarakpur, Ahmednagar - MPCB",09-06-2024 03:00:00,19.10122,74.73339,OZONE,15,92,59
India,Maharashtra,Akola,"Ramdaspeth, Akola - MPCB",09-06-2024 03:00:00,20.719516,77.000253,NO2,12,102,25
India,Maharashtra,Akola,"Ramdaspeth, Akola - MPCB",09-06-2024 03:00:00,20.719516,77.000253,NH3,3,19,9
India,Maharashtra,Akola,"Ramdaspeth, Akola - MPCB",09-06-2024 03:00:00,20.719516,77.000253,OZONE,9,75,23
India,Maharashtra,Amravati,"Shivneri Colony, Amravati - MPCB",09-06-2024 03:00:00,20.9402359,77.7895248,NO2,5,27,13
India,Maharashtra,Aurangabad,"MIDC Chilkalthana, Aurangabad - MPCB",09-06-2024 03:00:00,19.875620,75.387310,PM10,NA,NA,NA
India,Maharashtra,Aurangabad,"MIDC Chilkalthana, Aurangabad - MPCB",09-06-2024 03:00:00,19.875620,75.387310,NH3,NA,NA,NA
India,Maharashtra,Aurangabad,"More Chowk Waluj, Aurangabad - MPCB",09-06-2024 03:00:00,19.8389439,75.244448,NH3,2,4,3
India,Maharashtra,Aurangabad,"Rachnakar Colony, Aurangabad - MPCB",09-06-2024 03:00:00,19.863756,75.321188,PM2.5,NA,NA,NA
India,Maharashtra,Aurangabad,"Rachnakar Colony, Aurangabad - MPCB",09-06-2024 03:00:00,19.863756,75.321188,CO,10,103,49
India,Maharashtra,Badlapur,"Katrap, Badlapur - MPCB",09-06-2024 03:00:00,19.16485,73.23409,PM2.5,20,123,49
India,Maharashtra,Badlapur,"Katrap, Badlapur - MPCB",09-06-2024 03:00:00,19.16485,73.23409,PM10,32,117,79
India,Maharashtra,Badlapur,"Katrap, Badlapur - MPCB",09-06-2024 03:00:00,19.16485,73.23409,CO,21,44,29
India,Maharashtra,Badlapur,"Katrap, Badlapur - MPCB",09-06-2024 03:00:00,19.16485,73.23409,OZONE,16,81,29
India,Maharashtra,Belapur,"CBD Belapur, Belapur - MPCB",09-06-2024 03:00:00,19.0243902,73.0406721,PM2.5,29,52,42
India,Maharashtra,Bhiwandi,"Gokul Nagar, Bhiwandi - MPCB",09-06-2024 03:00:00,19.309073,73.057223,PM10,NA,NA,NA
India,Maharashtra,Boisar,"Khaira, Boisar - MPCB",09-06-2024 03:00:00,19.786089,72.757971,PM2.5,1,339,83
India,Maharashtra,Boisar,"Khaira, Boisar - MPCB",09-06-2024 03:00:00,19.786089,72.757971,SO2,12,90,41
India,Maharashtra,Chandrapur,"MIDC Khutala, Chandrapur - MPCB",09-06-2024 03:00:00,19.9775302,79.2337086,NO2,8,39,17
India,Maharashtra,Chandrapur,"MIDC Khutala, Chandrapur - MPCB",09-06-2024 03:00:00,19.9775302,79.2337086,OZONE,24,80,53
India,Maharashtra,Dhule,"Deopur, Dhule - MPCB",09-06-2024 03:00:00,20.918946,74.776388,NO2,18,122,56
India,Maharashtra,Dhule,"Deopur, Dhule - MPCB",09-06-2024 03:00:00,20.918946,74.776388,NH3,6,10,7
India,Maharashtra,Jalgaon,"Prabhat Colony, Jalgaon - MPCB",09-06-2024 03:00:00,21.001264,75.565602,SO2,9,10,9
India,Maharashtra,Jalna,"Old MIDC, Jalna - MPCB",09-06-2024 03:00:00,19.854616,75.905894,CO,21,32,27
India,Maharashtra,Jalna,"Old MIDC, Jalna - MPCB",09-06-2024 03:00:00,19.854616,75.905894,OZONE,1,113,47
India,Maharashtra,Kalyan,"Khadakpada, Kalyan - MPCB",09-06-2024 03:00:00,19.25292,73.142019,NO2,19,30,24
India,Maharashtra,Kalyan,"Khadakpada, Kalyan - MPCB",09-06-2024 03:00:00,19.25292,73.142019,CO,10,17,16
India,Maharashtra,Kolhapur,"Shivaji University, Kolhapur - MPCB",09-06-2024 03:00:00,16.6870449,74.2505872,NO2,11,26,18
India,Maharashtra,Kolhapur,"Shivaji University, Kolhapur - MPCB",09-06-2024 03:00:00,16.6870449,74.2505872,NH3,2,4,3
India,Maharashtra,Kolhapur,"Sinchan Bhavan, Kolhapur - MPCB",09-06-2024 03:00:00,16.7143745,74.2426398,PM2.5,20,43,29
India,Maharashtra,Kolhapur,"Sinchan Bhavan, Kolhapur - MPCB",09-06-2024 03:00:00,16.7143745,74.2426398,PM10,20,53,35
India,Maharashtra,Kolhapur,"Sinchan Bhavan, Kolhapur - MPCB",09-06-2024 03:00:00,16.7143745,74.2426398,OZONE,19,71,45
India,Maharashtra,Mahad,"Kamble Tarf Birwadi, Mahad - MPCB",09-06-2024 03:00:00,18.1023399,73.4783687,NH3,3,5,3
India,Maharashtra,Mahad,"Kamble Tarf Birwadi, Mahad - MPCB",09-06-2024 03:00:00,18.1023399,73.4783687,OZONE,5,54,42
India,Maharashtra,Malegaon,"Mahesh Nagar, Malegaon - MPCB",09-06-2024 03:00:00,20.555712,74.529236,PM10,37,121,73
India,Maharashtra,Malegaon,"Mahesh Nagar, Malegaon - MPCB",09-06-2024 03:00:00,20.555712,74.529236,NO2,15,102,43
India,Maharashtra,Malegaon,"Mahesh Nagar, Malegaon - MPCB",09-06-2024 03:00:00,20.555712,74.529236,SO2,8,23,11
India,Maharashtra,Mira-Bhayandar,"Bhayandar West, Mira-Bhayandar - MPCB",09-06-2024 03:00:00,19.296481,72.840923,SO2,2,4,3
India,Maharashtra,Mira-Bhayandar,"Bhayandar West, Mira-Bhayandar - MPCB",09-06-2024 03:00:00,19.296481,72.840923,OZONE,21,49,30
India,Maharashtra,Mumbai,"Bandra Kurla Complex, Mumbai - MPCB",09-06-2024 03:00:00,19.065931,72.862131,OZONE,11,57,30
India,Maharashtra,Mumbai,"Borivali East, Mumbai - IITM",09-06-2024 03:00:00,19.23241,72.86895,CO,38,68,57
India,Maharashtra,Mumbai,"Borivali East, Mumbai - MPCB",09-06-2024 03:00:00,19.2243333,72.8658113,PM10,6,49,35
India,Maharashtra,Mumbai,"Borivali East, Mumbai - MPCB",09-06-2024 03:00:00,19.2243333,72.8658113,CO,34,38,37
India,Maharashtra,Mumbai,"Byculla, Mumbai - BMC",09-06-2024 03:00:00,18.9767,72.8380,SO2,1,1,1
India,Maharashtra,Mumbai,"Chakala-Andheri East, Mumbai - IITM",09-06-2024 03:00:00,19.11074,72.86084,PM2.5,18,41,28
India,Maharashtra,Mumbai,"Chembur, Mumbai - MPCB",09-06-2024 03:00:00,19.0364585,72.8954371,NH3,8,21,13
India,Maharashtra,Mumbai,"Chembur, Mumbai - MPCB",09-06-2024 03:00:00,19.0364585,72.8954371,SO2,1,3,1
India,Maharashtra,Mumbai,"Colaba, Mumbai - MPCB",09-06-2024 03:00:00,18.910000,72.820000,PM2.5,18,64,40
India,Maharashtra,Mumbai,"Colaba, Mumbai - MPCB",09-06-2024 03:00:00,18.910000,72.820000,PM10,32,65,53
India,Maharashtra,Mumbai,"Ghatkopar, Mumbai - BMC",09-06-2024 03:00:00,19.083694,72.920967,PM2.5,5,13,9
India,Maharashtra,Mumbai,"Ghatkopar, Mumbai - BMC",09-06-2024 03:00:00,19.083694,72.920967,CO,2,10,7
India,Maharashtra,Mumbai,"Ghatkopar, Mumbai - BMC",09-06-2024 03:00:00,19.083694,72.920967,OZONE,1,10,3
India,Maharashtra,Mumbai,"Kandivali East, Mumbai - MPCB",09-06-2024 03:00:00,19.205800,72.868200,NH3,2,11,3
India,Maharashtra,Mumbai,"Kandivali East, Mumbai - MPCB",09-06-2024 03:00:00,19.205800,72.868200,SO2,7,9,8
India,Maharashtra,Mumbai,"Kandivali West, Mumbai - BMC",09-06-2024 03:00:00,19.215859,72.831718,PM2.5,10,23,16
India,Maharashtra,Mumbai,"Kandivali West, Mumbai - BMC",09-06-2024 03:00:00,19.215859,72.831718,PM10,13,38,26
India,Maharashtra,Mumbai,"Kandivali West, Mumbai - BMC",09-06-2024 03:00:00,19.215859,72.831718,NO2,4,18,11
India,Maharashtra,Mumbai,"Kandivali West, Mumbai - BMC",09-06-2024 03:00:00,19.215859,72.831718,CO,6,20,12
India,Maharashtra,Mumbai,"Kandivali West, Mumbai - BMC",09-06-2024 03:00:00,19.215859,72.831718,OZONE,14,84,32
India,Maharashtra,Mumbai,"Kherwadi_Bandra East, Mumbai - MPCB",09-06-2024 03:00:00,19.0632143,72.8456324,PM2.5,28,52,39
India,Maharashtra,Mumbai,"Kherwadi_Bandra East, Mumbai - MPCB",09-06-2024 03:00:00,19.0632143,72.8456324,PM10,33,71,55
India,Maharashtra,Mumbai,"Kherwadi_Bandra East, Mumbai - MPCB",09-06-2024 03:00:00,19.0632143,72.8456324,NH3,7,12,9
India,Maharashtra,Mumbai,"Kherwadi_Bandra East, Mumbai - MPCB",09-06-2024 03:00:00,19.0632143,72.8456324,SO2,1,4,3
India,Maharashtra,Mumbai,"Khindipada-Bhandup West, Mumbai - IITM",09-06-2024 03:00:00,19.1653323,72.922099,NH3,2,3,3
India,Maharashtra,Mumbai,"Kurla, Mumbai - MPCB",09-06-2024 03:00:00,19.0863,72.8888,PM10,84,107,96
India,Maharashtra,Mumbai,"Kurla, Mumbai - MPCB",09-06-2024 03:00:00,19.0863,72.8888,NO2,12,17,14
India,Maharashtra,Mumbai,"Kurla, Mumbai - MPCB",09-06-2024 03:00:00,19.0863,72.8888,SO2,32,32,32
India,Maharashtra,Mumbai,"Kurla, Mumbai - MPCB",09-06-2024 03:00:00,19.0863,72.8888,CO,3,15,11
India,Maharashtra,Mumbai,"Kurla, Mumbai - MPCB",09-06-2024 03:00:00,19.0863,72.8888,OZONE,27,30,28
India,Maharashtra,Mumbai,"Mazgaon, Mumbai - IITM",09-06-2024 03:00:00,18.96702,72.84214,PM10,18,101,44
India,Maharashtra,Mumbai,"Mazgaon, Mumbai - IITM",09-06-2024 03:00:00,18.96702,72.84214,SO2,NA,NA,NA
India,Maharashtra,Mumbai,"Mulund West, Mumbai - MPCB",09-06-2024 03:00:00,19.1750,72.9419,PM10,15,66,38
India,Maharashtra,Mumbai,"Navy Nagar-Colaba, Mumbai - IITM",09-06-2024 03:00:00,18.897756,72.813320,CO,9,32,21
India,Maharashtra,Mumbai,"Powai, Mumbai - MPCB",09-06-2024 03:00:00,19.137500,72.915056,NH3,2,3,2
India,Maharashtra,Mumbai,"Sewri, Mumbai - BMC",09-06-2024 03:00:00,19.000084,72.856730,PM2.5,12,50,29
India,Maharashtra,Mumbai,"Sewri, Mumbai - BMC",09-06-2024 03:00:00,19.000084,72.856730,PM10,21,44,36
India,Maharashtra,Mumbai,"Sewri, Mumbai - BMC",09-06-2024 03:00:00,19.000084,72.856730,NH3,3,4,3
India,Maharashtra,Mumbai,"Sewri, Mumbai - BMC",09-06-2024 03:00:00,19.000084,72.856730,CO,7,54,34
India,Maharashtra,Mumbai,"Siddharth Nagar-Worli, Mumbai - IITM",09-06-2024 03:00:00,19.000083,72.813993,CO,38,75,58
India,Maharashtra,Mumbai,"Siddharth Nagar-Worli, Mumbai - IITM",09-06-2024 03:00:00,19.000083,72.813993,OZONE,16,42,30
India,Maharashtra,Nagpur,"Ambazari, Nagpur - MPCB",09-06-2024 03:00:00,21.121801,79.04952,SO2,1,58,12
India,Maharashtra,Nagpur,"Mahal, Nagpur - MPCB",09-06-2024 03:00:00,21.14472,79.107595,PM10,59,119,85
India,Maharashtra,Nagpur,"Mahal, Nagpur - MPCB",09-06-2024 03:00:00,21.14472,79.107595,NO2,13,40,22
India,Maharashtra,Nagpur,"Opp GPO Civil Lines, Nagpur - MPCB",09-06-2024 03:00:00,21.152875,79.0517531,NO2,9,58,24
India,Maharashtra,Nagpur,"Opp GPO Civil Lines, Nagpur - MPCB",09-06-2024 03:00:00,21.152875,79.0517531,NH3,3,7,4
India,Maharashtra,Nanded,"Sneh Nagar, Nanded - MPCB",09-06-2024 03:00:00,19.173852,77.296291,PM10,6,86,42
India,Maharashtra,Nanded,"Sneh Nagar, Nanded - MPCB",09-06-2024 03:00:00,19.173852,77.296291,SO2,10,83,57
India,Maharashtra,Nashik,"Gangapur Road, Nashik - MPCB",09-06-2024 03:00:00,20.0073285,73.7762427,CO,11,53,35
India,Maharashtra,Nashik,"MIDC Ambad, Nashik - MPCB",09-06-2024 03:00:00,19.950220,73.731480,PM2.5,29,63,46
India,Maharashtra,Nashik,"MIDC Ambad, Nashik - MPCB",09-06-2024 03:00:00,19.950220,73.731480,CO,17,66,24
India,Maharashtra,Nashik,"Pandav Nagari, Nashik - MPCB",09-06-2024 03:00:00,19.9591346,73.7788008,NH3,3,5,4
India,Maharashtra,Nashik,"Pandav Nagari, Nashik - MPCB",09-06-2024 03:00:00,19.9591346,73.7788008,CO,12,22,17
India,Maharashtra,Nashik,"Pandav Nagari, Nashik - MPCB",09-06-2024 03:00:00,19.9591346,73.7788008,OZONE,20,53,37
India,Maharashtra,Navi Mumbai,"Kopripada-Vashi, Navi Mumbai - MPCB",09-06-2024 03:00:00,19.090337,73.014232,NH3,4,6,5
India,Maharashtra,Navi Mumbai,"Kopripada-Vashi, Navi Mumbai - MPCB",09-06-2024 03:00:00,19.090337,73.014232,OZONE,10,72,19
India,Maharashtra,Navi Mumbai,"Mahape, Navi Mumbai - MPCB",09-06-2024 03:00:00,19.1135051,73.008978,PM2.5,16,66,35
India,Maharashtra,Navi Mumbai,"Mahape, Navi Mumbai - MPCB",09-06-2024 03:00:00,19.1135051,73.008978,NH3,2,2,2
India,Maharashtra,Navi Mumbai,"Mahape, Navi Mumbai - MPCB",09-06-2024 03:00:00,19.1135051,73.008978,CO,22,34,28
India,Maharashtra,Navi Mumbai,"Nerul, Navi Mumbai - MPCB",09-06-2024 03:00:00,19.008751,73.016620,NH3,3,4,3
India,Maharashtra,Navi Mumbai,"Nerul, Navi Mumbai - MPCB",09-06-2024 03:00:00,19.008751,73.016620,OZONE,15,25,21
India,Maharashtra,Navi Mumbai,"Sanpada, Navi Mumbai - MPCB",09-06-2024 03:00:00,19.0575752,73.0151367,SO2,1,4,1
India,Maharashtra,Navi Mumbai,"Sector-19A Nerul, Navi Mumbai - IITM",09-06-2024 03:00:00,19.044,73.0325,PM10,17,53,37
India,Maharashtra,Navi Mumbai,"Sector-19A Nerul, Navi Mumbai - IITM",09-06-2024 03:00:00,19.044,73.0325,NO2,12,37,24
India,Maharashtra,Navi Mumbai,"Sector-19A Nerul, Navi Mumbai - IITM",09-06-2024 03:00:00,19.044,73.0325,CO,2,111,73
India,Maharashtra,Navi Mumbai,"Sector-2E Kalamboli, Navi Mumbai - MPCB",09-06-2024 03:00:00,19.02579,73.10297,PM10,40,131,86
India,Maharashtra,Navi Mumbai,"Tondare-Taloja, Navi Mumbai - MPCB",09-06-2024 03:00:00,19.0630,73.1209,NH3,3,8,4
India,Maharashtra,Parbhani,"Masoom Colony, Parbhani - MPCB",09-06-2024 03:00:00,19.265594,76.761463,SO2,6,26,10
India,Maharashtra,Parbhani,"Masoom Colony, Parbhani - MPCB",09-06-2024 03:00:00,19.265594,76.761463,CO,8,52,40
India,Maharashtra,Pimpri-Chinchwad,"Gavalinagar, Pimpri Chinchwad - MPCB",09-06-2024 03:00:00,18.63673,73.82487,NH3,1,3,1
India,Maharashtra,Pune,"Alandi, Pune - IITM",09-06-2024 03:00:00,18.675076,73.892743,PM10,15,59,39
India,Maharashtra,Pune,"Alandi, Pune - IITM",09-06-2024 03:00:00,18.675076,73.892743,CO,29,58,41
India,Maharashtra,Pune,"Karve Road, Pune - MPCB",09-06-2024 03:00:00,18.5011743,73.8165527,PM2.5,1,60,22
India,Maharashtra,Pune,"Karve Road, Pune - MPCB",09-06-2024 03:00:00,18.5011743,73.8165527,OZONE,1,55,12
India,Maharashtra,Pune,"Revenue Colony-Shivajinagar, Pune - IITM",09-06-2024 03:00:00,18.530085,73.849598,CO,32,100,55
India,Maharashtra,Sangli,"Vijay Nagar, Sangli - MPCB",09-06-2024 03:00:00, 16.5038,74.3623,PM2.5,12,40,23
India,Maharashtra,Sangli,"Vijay Nagar, Sangli - MPCB",09-06-2024 03:00:00, 16.5038,74.3623,NO2,5,29,18
India,Maharashtra,Sangli,"Vijay Nagar, Sangli - MPCB",09-06-2024 03:00:00, 16.5038,74.3623,SO2,2,11,6
India,Maharashtra,Sangli,"Vijay Nagar, Sangli - MPCB",09-06-2024 03:00:00, 16.5038,74.3623,CO,12,30,17
India,Maharashtra,Solapur,"Dnyaneshwar Nagar, Solapur - MPCB",09-06-2024 03:00:00,17.6336264,75.9132495,PM2.5,6,26,15
India,Maharashtra,Solapur,"Dnyaneshwar Nagar, Solapur - MPCB",09-06-2024 03:00:00,17.6336264,75.9132495,SO2,1,2,1
India,Maharashtra,Solapur,"Ratandeep Housing Society, Solapur - MPCB",09-06-2024 03:00:00,17.65439,75.90649,NH3,13,14,14
India,Maharashtra,Solapur,"Ratandeep Housing Society, Solapur - MPCB",09-06-2024 03:00:00,17.65439,75.90649,SO2,3,3,3
India,Maharashtra,Solapur,"Ratandeep Housing Society, Solapur - MPCB",09-06-2024 03:00:00,17.65439,75.90649,CO,14,44,31
India,Maharashtra,Solapur,"Solapur, Solapur - MPCB",09-06-2024 03:00:00,17.6599188,75.9063906,PM2.5,34,65,50
India,Maharashtra,Solapur,"Solapur, Solapur - MPCB",09-06-2024 03:00:00,17.6599188,75.9063906,NO2,54,55,55
India,Maharashtra,Thane,"Kasarvadavali, Thane - MPCB",09-06-2024 03:00:00,19.26777,72.97182,PM10,12,60,34
India,Maharashtra,Thane,"Kasarvadavali, Thane - MPCB",09-06-2024 03:00:00,19.26777,72.97182,NH3,3,4,4
India,Maharashtra,Thane,"Kasarvadavali, Thane - MPCB",09-06-2024 03:00:00,19.26777,72.97182,OZONE,2,40,8
India,Maharashtra,Thane,"Pimpleshwar Mandir, Thane - MPCB",09-06-2024 03:00:00,19.192056,72.9585188,PM10,36,103,76
India,Maharashtra,Thane,"Pimpleshwar Mandir, Thane - MPCB",09-06-2024 03:00:00,19.192056,72.9585188,NO2,6,25,15
India,Maharashtra,Thane,"Upvan Fort, Thane - MPCB",09-06-2024 03:00:00,19.222279,72.957979,NO2,4,15,10
India,Maharashtra,Ulhasnagar,"Sidhi Vinayak Nagar, Ulhasnagar - MPCB",09-06-2024 03:00:00,19.235581,73.159121,NH3,2,4,3
India,Maharashtra,Ulhasnagar,"Sidhi Vinayak Nagar, Ulhasnagar - MPCB",09-06-2024 03:00:00,19.235581,73.159121,CO,16,36,26
India,Manipur,Imphal,"Manipur University, Imphal - Manipur PCB",09-06-2024 03:00:00,24.7524239,93.9286218,PM2.5,40,70,55
India,Manipur,Imphal,"Manipur University, Imphal - Manipur PCB",09-06-2024 03:00:00,24.7524239,93.9286218,SO2,97,102,100
India,Manipur,Imphal,"Manipur University, Imphal - Manipur PCB",09-06-2024 03:00:00,24.7524239,93.9286218,CO,9,13,12
India,Mizoram,Aizawl,"Sikulpuikawn, Aizawl - Mizoram PCB",09-06-2024 03:00:00,23.7176342,92.7192841,PM10,29,68,47
India,Mizoram,Aizawl,"Sikulpuikawn, Aizawl - Mizoram PCB",09-06-2024 03:00:00,23.7176342,92.7192841,CO,9,16,12
India,Nagaland,Kohima,"PWD Juction, Kohima - NPCB",09-06-2024 03:00:00,25.6635413,94.0989878,CO,4,24,18
India,Odisha,Angul,"Hakimapada, Angul - OSPCB",09-06-2024 03:00:00,20.832874,85.104082,CO,22,102,37
India,Odisha,Balasore,"Kalidaspur, Balasore - OSPCB",09-06-2024 03:00:00,21.51161,86.89088,PM10,34,111,74
India,Odisha,Barbil,"Forest Office, Barbil - OSPCB",09-06-2024 03:00:00,22.1166054,85.3945546,PM10,45,208,127
India,Odisha,Baripada,"Meher Colony, Baripada - OSPCB",09-06-2024 03:00:00,21.941841,86.728318,PM2.5,NA,NA,NA
India,Odisha,Baripada,"Meher Colony, Baripada - OSPCB",09-06-2024 03:00:00,21.941841,86.728318,PM10,NA,NA,NA
India,Odisha,Bhubaneswar,"Lingraj Mandir, Bhubaneswar - OSPCB",09-06-2024 03:00:00,20.240790,85.836784,NH3,1,1,1
India,Odisha,Bhubaneswar,"Patia, Bhubaneswar - OSPCB",09-06-2024 03:00:00,20.34652,85.81630,PM10,22,73,47
India,Odisha,Bhubaneswar,"Patia, Bhubaneswar - OSPCB",09-06-2024 03:00:00,20.34652,85.81630,NH3,1,2,1
India,Odisha,Bhubaneswar,"Patia, Bhubaneswar - OSPCB",09-06-2024 03:00:00,20.34652,85.81630,OZONE,36,117,56
India,Odisha,Brajrajnagar,"GM Office, Brajrajnagar - OSPCB",09-06-2024 03:00:00,21.8004996,83.8396977,PM10,21,115,62
India,Odisha,Brajrajnagar,"GM Office, Brajrajnagar - OSPCB",09-06-2024 03:00:00,21.8004996,83.8396977,CO,22,106,42
India,Odisha,Byasanagar,"Ferro Chrome Colony, Byasanagar - OSPCB",09-06-2024 03:00:00,20.94185,86.11510,NO2,NA,NA,NA
India,Odisha,Byasanagar,"Ferro Chrome Colony, Byasanagar - OSPCB",09-06-2024 03:00:00,20.94185,86.11510,NH3,NA,NA,NA
India,Odisha,Nayagarh,"Dabuna, Nayagarh - OSPCB",09-06-2024 03:00:00,21.847279,85.416905,PM2.5,NA,NA,NA
India,Odisha,Nayagarh,"Dabuna, Nayagarh - OSPCB",09-06-2024 03:00:00,21.847279,85.416905,SO2,NA,NA,NA
India,Odisha,Rairangpur,"Divisional Forest Office, Rairangpur - OSPCB",09-06-2024 03:00:00,22.265816,86.174829,NH3,4,4,4
India,Odisha,Rourkela,"Fertilizer Township, Rourkela - OSPCB",09-06-2024 03:00:00,22.18972222,84.86277778,PM2.5,60,233,108
India,Odisha,Rourkela,"Fertilizer Township, Rourkela - OSPCB",09-06-2024 03:00:00,22.18972222,84.86277778,NO2,10,21,15
India,Odisha,Rourkela,"Sector-2, Rourkela - OSPCB",09-06-2024 03:00:00,22.24500000,84.88111111,PM10,90,180,127
India,Odisha,Talcher,"Talcher Coalfields,Talcher - OSPCB",09-06-2024 03:00:00,20.9360711,85.1707021,PM2.5,18,338,111
India,Odisha,Talcher,"Talcher Coalfields,Talcher - OSPCB",09-06-2024 03:00:00,20.9360711,85.1707021,OZONE,23,28,25
India,Odisha,Tensa,"Barsua Iron Ore Mines, Tensa - OSPCB",09-06-2024 03:00:00,21.869985,85.167016,PM10,60,106,83
India,Odisha,Tensa,"Barsua Iron Ore Mines, Tensa - OSPCB",09-06-2024 03:00:00,21.869985,85.167016,OZONE,84,301,153
India,Puducherry,Puducherry,"Jawahar Nagar, Puducherry - PPCC",09-06-2024 03:00:00,11.9309,79.8027,PM2.5,2,92,24
India,Puducherry,Puducherry,"Jawahar Nagar, Puducherry - PPCC",09-06-2024 03:00:00,11.9309,79.8027,PM10,10,84,30
India,Puducherry,Puducherry,"Jawahar Nagar, Puducherry - PPCC",09-06-2024 03:00:00,11.9309,79.8027,SO2,4,16,11
India,Puducherry,Puducherry,"Jawahar Nagar, Puducherry - PPCC",09-06-2024 03:00:00,11.9309,79.8027,OZONE,27,70,39
India,Punjab,Amritsar,"Golden Temple, Amritsar - PPCB",09-06-2024 03:00:00,31.620000,74.876512,NH3,5,7,6
India,Punjab,Amritsar,"Golden Temple, Amritsar - PPCB",09-06-2024 03:00:00,31.620000,74.876512,CO,24,38,32
India,Punjab,Jalandhar,"Civil Line, Jalandhar - PPCB",09-06-2024 03:00:00,31.321907,75.578914,PM10,91,149,117
India,Punjab,Khanna,"Kalal Majra, Khanna - PPCB",09-06-2024 03:00:00,30.736056 ,76.209694,PM10,124,175,148
India,Punjab,Ludhiana,"Punjab Agricultural University, Ludhiana - PPCB",09-06-2024 03:00:00,30.9028,75.8086,CO,20,55,37
India,Punjab,Ludhiana,"Punjab Agricultural University, Ludhiana - PPCB",09-06-2024 03:00:00,30.9028,75.8086,OZONE,16,49,31
India,Punjab,Mandi Gobindgarh,"RIMT University, Mandi Gobindgarh - PPCB",09-06-2024 03:00:00,30.649961,76.331442,NH3,2,6,6
India,Punjab,Mandi Gobindgarh,"RIMT University, Mandi Gobindgarh - PPCB",09-06-2024 03:00:00,30.649961,76.331442,OZONE,25,27,26
India,Punjab,Patiala,"Model Town, Patiala - PPCB",09-06-2024 03:00:00,30.349388,76.366642,PM2.5,76,122,100
India,Punjab,Patiala,"Model Town, Patiala - PPCB",09-06-2024 03:00:00,30.349388,76.366642,NO2,21,27,24
India,Punjab,Rupnagar,"Ratanpura, Rupnagar - Ambuja Cements",09-06-2024 03:00:00,31.0325454,76.5623046,PM2.5,49,96,69
India,Punjab,Rupnagar,"Ratanpura, Rupnagar - Ambuja Cements",09-06-2024 03:00:00,31.0325454,76.5623046,SO2,7,7,7
India,Punjab,Rupnagar,"Ratanpura, Rupnagar - Ambuja Cements",09-06-2024 03:00:00,31.0325454,76.5623046,CO,20,44,34
India,Rajasthan,Alwar,"Moti Doongri, Alwar - RSPCB",09-06-2024 03:00:00,27.554793,76.611536,NH3,2,4,3
India,Rajasthan,Banswara,"Rati Talai, Banswara - RSPCB",09-06-2024 03:00:00,23.555190,74.440010,PM10,46,500,125
India,Rajasthan,Banswara,"Rati Talai, Banswara - RSPCB",09-06-2024 03:00:00,23.555190,74.440010,NH3,2,9,4
India,Rajasthan,Banswara,"Rati Talai, Banswara - RSPCB",09-06-2024 03:00:00,23.555190,74.440010,CO,18,52,35
India,Rajasthan,Barmer,"Railway Colony, Barmer - RSPCB",09-06-2024 03:00:00,25.747299,71.393989,SO2,3,10,6
India,Rajasthan,Bhilwara,"Pratap Nagar, Bhilwara - RSPCB",09-06-2024 03:00:00,25.339605,74.618883,CO,2,28,18
India,Rajasthan,Bhiwadi,"RIICO Ind. Area III, Bhiwadi - RSPCB",09-06-2024 03:00:00,28.194909,76.862296,NO2,8,25,17
India,Rajasthan,Bhiwadi,"Vasundhara Nagar_UIT, Bhiwadi - RSPCB",09-06-2024 03:00:00,28.207266,76.829265,PM2.5,38,478,138
India,Rajasthan,Bhiwadi,"Vasundhara Nagar_UIT, Bhiwadi - RSPCB",09-06-2024 03:00:00,28.207266,76.829265,NO2,8,55,22
India,Rajasthan,Bikaner,"MM Ground, Bikaner - RSPCB",09-06-2024 03:00:00,28.018792,73.292658,PM2.5,33,116,51
India,Rajasthan,Bundi,"New Colony, Bundi - RSPCB",09-06-2024 03:00:00,25.435774,75.644272,PM10,35,250,112
India,Rajasthan,Chittorgarh,"Shastri Nagar, Chittorgarh - RSPCB",09-06-2024 03:00:00,24.892047,74.623527,PM10,45,109,87
India,Rajasthan,Churu,"Subash Chowk, Churu - RSPCB",09-06-2024 03:00:00,28.296139,74.961696,PM10,103,500,206
India,Rajasthan,Churu,"Subash Chowk, Churu - RSPCB",09-06-2024 03:00:00,28.296139,74.961696,SO2,2,4,3
India,Rajasthan,Churu,"Subash Chowk, Churu - RSPCB",09-06-2024 03:00:00,28.296139,74.961696,CO,12,24,17
India,Rajasthan,Dausa,"Khatikan Mohalla, Dausa - RSPCB",09-06-2024 03:00:00,26.895552,76.334753,CO,43,103,66
India,Rajasthan,Dausa,"Khatikan Mohalla, Dausa - RSPCB",09-06-2024 03:00:00,26.895552,76.334753,OZONE,27,116,64
India,Rajasthan,Dholpur,"Raja Ganj, Dholpur - RSPCB",09-06-2024 03:00:00,26.699557,77.898881,PM10,107,500,315
India,Rajasthan,Dholpur,"Raja Ganj, Dholpur - RSPCB",09-06-2024 03:00:00,26.699557,77.898881,SO2,2,131,18
India,Rajasthan,Dungarpur,"Bhoiwada, Dungarpur - RSPCB",09-06-2024 03:00:00,23.837789,73.714926,PM2.5,10,87,56
India,Rajasthan,Hanumangarh,"Housing Board, Hanumangarh - RSPCB",09-06-2024 03:00:00,29.610750,74.283608,SO2,3,12,7
India,Rajasthan,Jaipur,"Adarsh Nagar, Jaipur - RSPCB",09-06-2024 03:00:00,26.902909,75.836858,PM2.5,82,370,196
India,Rajasthan,Jaipur,"Adarsh Nagar, Jaipur - RSPCB",09-06-2024 03:00:00,26.902909,75.836858,CO,12,81,38
India,Rajasthan,Jaipur,"Mansarovar Sector-12, Jaipur - RSPCB",09-06-2024 03:00:00,26.843698,75.766894,CO,8,37,18
India,Rajasthan,Jaipur,"Police Commissionerate, Jaipur - RSPCB",09-06-2024 03:00:00,26.9164092,75.7994901,NO2,NA,NA,NA
India,Rajasthan,Jaipur,"Police Commissionerate, Jaipur - RSPCB",09-06-2024 03:00:00,26.9164092,75.7994901,CO,4,56,42
India,Rajasthan,Jaipur,"RIICO Sitapura, Jaipur - RSPCB",09-06-2024 03:00:00,26.786682,75.827928,PM2.5,28,309,90
India,Rajasthan,Jaipur,"RIICO Sitapura, Jaipur - RSPCB",09-06-2024 03:00:00,26.786682,75.827928,NO2,24,75,45
India,Rajasthan,Jaipur,"RIICO Sitapura, Jaipur - RSPCB",09-06-2024 03:00:00,26.786682,75.827928,OZONE,49,187,103
India,Rajasthan,Jaipur,"Shastri Nagar, Jaipur - RSPCB",09-06-2024 03:00:00,26.9502929,75.730943,NH3,4,13,7
India,Rajasthan,Jaisalmer,"Sadar Bazar, Jaisalmer - RSPCB",09-06-2024 03:00:00,26.912329,70.909168,NO2,8,21,12
India,Rajasthan,Jhalawar,"Rajlaxmi Nagar, Jhalawar - RSPCB",09-06-2024 03:00:00,24.588397,76.172782,NH3,2,6,2
India,Rajasthan,Jodhpur,"Collectorate, Jodhpur - RSPCB",09-06-2024 03:00:00,26.268249,73.0193853,NO2,3,24,11
India,Rajasthan,Jodhpur,"Collectorate, Jodhpur - RSPCB",09-06-2024 03:00:00,26.268249,73.0193853,CO,4,122,47
India,Rajasthan,Jodhpur,"Digari Kalan, Jodhpur - RSPCB",09-06-2024 03:00:00,26.295810,73.082283,SO2,2,6,4
India,Rajasthan,Jodhpur,"Jhalamand, Jodhpur - RSPCB",09-06-2024 03:00:00,26.215415,73.070156,NO2,1,42,9
India,Rajasthan,Jodhpur,"Jhalamand, Jodhpur - RSPCB",09-06-2024 03:00:00,26.215415,73.070156,SO2,3,4,4
India,Rajasthan,Jodhpur,"Mandor, Jodhpur - RSPCB",09-06-2024 03:00:00,26.358805,73.047444,NO2,18,47,33
India,Rajasthan,Jodhpur,"Mandor, Jodhpur - RSPCB",09-06-2024 03:00:00,26.358805,73.047444,NH3,5,8,6
India,Rajasthan,Jodhpur,"Samrat Ashok Udhyan, Jodhpur - RSPCB",09-06-2024 03:00:00,26.253384,72.976571,PM2.5,21,218,42
India,Rajasthan,Jodhpur,"Samrat Ashok Udhyan, Jodhpur - RSPCB",09-06-2024 03:00:00,26.253384,72.976571,PM10,58,188,120
India,Rajasthan,Karauli,"Satyawati Vihar, Karauli - RSPCB",09-06-2024 03:00:00,26.506177,77.025989,PM2.5,NA,NA,NA
India,Rajasthan,Kota,"Dhanmandi, Kota - RSPCB",09-06-2024 03:00:00,25.164090,75.858137,CO,8,107,59
India,Rajasthan,Kota,"Dhanmandi, Kota - RSPCB",09-06-2024 03:00:00,25.164090,75.858137,OZONE,39,128,65
India,Rajasthan,Kota,"Nayapura, Kota - RSPCB",09-06-2024 03:00:00,25.196024,75.855668,PM2.5,19,141,42
India,Rajasthan,Kota,"Shrinath Puram, Kota - RSPCB",09-06-2024 03:00:00,25.14389,75.821256,NO2,18,64,30
India,Rajasthan,Nagaur,"Karni Colony, Nagaur - RSPCB",09-06-2024 03:00:00,27.213494,73.734444,PM2.5,12,66,34
India,Rajasthan,Nagaur,"Karni Colony, Nagaur - RSPCB",09-06-2024 03:00:00,27.213494,73.734444,NO2,7,24,14
India,Rajasthan,Pratapgarh,"Pragati Nagar, Pratapgarh - RSPCB",09-06-2024 03:00:00,24.041198,74.780702,PM10,19,88,47
India,Rajasthan,Pratapgarh,"Pragati Nagar, Pratapgarh - RSPCB",09-06-2024 03:00:00,24.041198,74.780702,CO,3,20,9
India,Rajasthan,Rajsamand,"Dhoinda, Rajsamand - RSPCB",09-06-2024 03:00:00,25.036360,73.883502,PM2.5,7,37,20
India,Rajasthan,Sawai Madhopur,"Sahu Nagar, Sawai Madhopur - RSPCB",09-06-2024 03:00:00,26.031443,76.359327,PM2.5,27,475,220
India,Rajasthan,Sikar,"Radhakishan Pura, Sikar - RSPCB",09-06-2024 03:00:00,27.608912,75.153302,PM10,133,500,241
India,Rajasthan,Sirohi,"Vedhaynath Colony, Sirohi - RSPCB",09-06-2024 03:00:00,24.885261,72.857549,PM10,43,469,175
India,Rajasthan,Sri Ganganagar,"Old City, Sri Ganganagar - RSPCB",09-06-2024 03:00:00,29.931624,73.864511,NO2,7,83,36
India,Rajasthan,Sri Ganganagar,"Old City, Sri Ganganagar - RSPCB",09-06-2024 03:00:00,29.931624,73.864511,SO2,5,10,7
India,Rajasthan,Sri Ganganagar,"Old City, Sri Ganganagar - RSPCB",09-06-2024 03:00:00,29.931624,73.864511,CO,2,72,28
India,Rajasthan,Tonk,"Shastri Nagar, Tonk - RSPCB",09-06-2024 03:00:00,26.159933,75.780517,PM10,50,500,166
India,Rajasthan,Udaipur,"Ashok Nagar, Udaipur - RSPCB",09-06-2024 03:00:00,24.5886166,73.6321397,PM10,76,170,111
India,TamilNadu,Chennai,"Alandur Bus Depot, Chennai - CPCB",09-06-2024 03:00:00,12.9099161,80.1076538,NO2,8,26,11
India,TamilNadu,Chennai,"Alandur Bus Depot, Chennai - CPCB",09-06-2024 03:00:00,12.9099161,80.1076538,CO,59,63,61
India,TamilNadu,Chennai,"Kodungaiyur, Chennai - TNPCB",09-06-2024 03:00:00,13.1278,80.2642,SO2,2,6,4
India,TamilNadu,Chennai,"Manali, Chennai - CPCB",09-06-2024 03:00:00,13.164544,80.26285,NH3,5,5,5
India,TamilNadu,Chennai,"Manali, Chennai - CPCB",09-06-2024 03:00:00,13.164544,80.26285,OZONE,6,6,6
India,TamilNadu,Chennai,"Perungudi, Chennai - TNPCB",09-06-2024 03:00:00,12.9533,80.2357,OZONE,12,185,15
India,TamilNadu,Chennai,"Royapuram, Chennai - TNPCB",09-06-2024 03:00:00,13.1036,80.2909,NO2,NA,NA,NA
India,TamilNadu,Chennai,"Velachery Res. Area, Chennai - CPCB",09-06-2024 03:00:00,13.0052189,80.2398125,NO2,20,28,24
India,TamilNadu,Chennai,"Velachery Res. Area, Chennai - CPCB",09-06-2024 03:00:00,13.0052189,80.2398125,SO2,9,36,20
India,TamilNadu,Cuddalore,"Kudikadu, Cuddalore - TNPCB",09-06-2024 03:00:00,11.6829898,79.7532099,PM2.5,2,29,15
India,TamilNadu,Cuddalore,"Kudikadu, Cuddalore - TNPCB",09-06-2024 03:00:00,11.6829898,79.7532099,NO2,NA,NA,NA
India,TamilNadu,Cuddalore,"Kudikadu, Cuddalore - TNPCB",09-06-2024 03:00:00,11.6829898,79.7532099,SO2,10,11,11
India,TamilNadu,Gummidipoondi,"Anthoni Pillai Nagar, Gummidipoondi - TNPCB",09-06-2024 03:00:00,13.4127,80.1081,NH3,4,27,10
India,TamilNadu,Ooty,"Bombay Castel, Ooty - TNPCB",09-06-2024 03:00:00,11.4068288,76.7138973,SO2,NA,NA,NA
India,TamilNadu,Ooty,"Bombay Castel, Ooty - TNPCB",09-06-2024 03:00:00,11.4068288,76.7138973,OZONE,NA,NA,NA
India,TamilNadu,Ramanathapuram,"Chalai Bazaar, Ramanathapuram - TNPCB",09-06-2024 03:00:00,9.36399,78.831977,PM2.5,3,25,9
India,TamilNadu,Salem,"Sona College of Technology, Salem - TNPCB",09-06-2024 03:00:00,11.679111,78.125052,PM10,2,31,16
India,TamilNadu,Salem,"Sona College of Technology, Salem - TNPCB",09-06-2024 03:00:00,11.679111,78.125052,NH3,1,2,1
India,TamilNadu,Salem,"Sona College of Technology, Salem - TNPCB",09-06-2024 03:00:00,11.679111,78.125052,CO,38,40,38
India,TamilNadu,Tirupur,"Kumaran College, Tirupur - TNPCB",09-06-2024 03:00:00,11.0973603,77.3228673,OZONE,6,7,7
India,Telangana,Hyderabad,"Bollaram Industrial Area, Hyderabad - TSPCB",09-06-2024 03:00:00,17.540891,78.358528,PM10,21,105,55
India,Telangana,Hyderabad,"Central University, Hyderabad - TSPCB",09-06-2024 03:00:00,17.460103,78.334361,PM2.5,5,38,18
India,Telangana,Hyderabad,"Central University, Hyderabad - TSPCB",09-06-2024 03:00:00,17.460103,78.334361,NO2,14,32,21
India,Telangana,Hyderabad,"Central University, Hyderabad - TSPCB",09-06-2024 03:00:00,17.460103,78.334361,SO2,4,9,6
India,Telangana,Hyderabad,"Central University, Hyderabad - TSPCB",09-06-2024 03:00:00,17.460103,78.334361,CO,10,38,17
India,Telangana,Hyderabad,"Central University, Hyderabad - TSPCB",09-06-2024 03:00:00,17.460103,78.334361,OZONE,3,4,4
India,Telangana,Hyderabad,"ICRISAT Patancheru, Hyderabad - TSPCB",09-06-2024 03:00:00,17.518400,78.278777,PM10,2,36,16
India,Telangana,Hyderabad,"ICRISAT Patancheru, Hyderabad - TSPCB",09-06-2024 03:00:00,17.518400,78.278777,NH3,1,3,1
India,Telangana,Hyderabad,"Kompally Municipal Office, Hyderabad - TSPCB",09-06-2024 03:00:00,17.544899,78.486949,NO2,9,11,9
India,Telangana,Hyderabad,"Nacharam_TSIIC IALA, Hyderabad - TSPCB",09-06-2024 03:00:00,17.429398,78.569354,PM2.5,34,61,44
India,Telangana,Hyderabad,"Nacharam_TSIIC IALA, Hyderabad - TSPCB",09-06-2024 03:00:00,17.429398,78.569354,OZONE,19,70,64
India,Telangana,Hyderabad,"New Malakpet, Hyderabad - TSPCB",09-06-2024 03:00:00,17.37206,78.50864,NO2,NA,NA,NA
India,Telangana,Hyderabad,"Somajiguda, Hyderabad - TSPCB",09-06-2024 03:00:00,17.417094,78.457437,SO2,NA,NA,NA
India,Telangana,Hyderabad,"Somajiguda, Hyderabad - TSPCB",09-06-2024 03:00:00,17.417094,78.457437,OZONE,NA,NA,NA
India,Telangana,Hyderabad,"Zoo Park, Hyderabad - TSPCB",09-06-2024 03:00:00,17.349694,78.451437,OZONE,16,25,17
India,Uttar_Pradesh,Agra,"Rohta, Agra - UPPCB",09-06-2024 03:00:00,27.106972,78.000111,PM10,7,96,52
India,Uttar_Pradesh,Agra,"Rohta, Agra - UPPCB",09-06-2024 03:00:00,27.106972,78.000111,NH3,NA,NA,NA
India,Uttar_Pradesh,Agra,"Rohta, Agra - UPPCB",09-06-2024 03:00:00,27.106972,78.000111,CO,4,25,14
India,Uttar_Pradesh,Agra,"Sanjay Palace, Agra - UPPCB",09-06-2024 03:00:00,27.19865833,78.00598056,NO2,8,22,13
India,Uttar_Pradesh,Agra,"Sector-3B Avas Vikas Colony, Agra - UPPCB",09-06-2024 03:00:00,27.19412,77.96237,PM2.5,25,74,42
India,Uttar_Pradesh,Agra,"Sector-3B Avas Vikas Colony, Agra - UPPCB",09-06-2024 03:00:00,27.19412,77.96237,PM10,46,198,106
India,Uttar_Pradesh,Agra,"Shahjahan Garden, Agra - UPPCB",09-06-2024 03:00:00,27.169338,78.03582,PM10,88,407,178
India,Uttar_Pradesh,Baghpat,"Sardar Patel Inter College, Baghpat - UPPCB",09-06-2024 03:00:00,28.964949,77.278761,OZONE,13,57,21
India,Uttar_Pradesh,Bareilly,"Civil Lines, Bareilly - UPPCB",09-06-2024 03:00:00,28.359581,79.414455,PM2.5,14,29,20
India,Uttar_Pradesh,Bareilly,"Rajendra Nagar, Bareilly - UPPCB",09-06-2024 03:00:00,28.38910936,79.42963708,PM10,58,103,79
India,Uttar_Pradesh,Bareilly,"Rajendra Nagar, Bareilly - UPPCB",09-06-2024 03:00:00,28.38910936,79.42963708,CO,4,17,14
India,Uttar_Pradesh,Bulandshahr,"Yamunapuram, Bulandshahr - UPPCB",09-06-2024 03:00:00,28.406963,77.849831,SO2,15,65,34
India,Uttar_Pradesh,Firozabad,"Nagla Bhau, Firozabad - UPPCB",09-06-2024 03:00:00,27.168897,78.376960,NH3,2,2,2
India,Uttar_Pradesh,Firozabad,"Vibhab Nagar, Firozabad - UPPCB",09-06-2024 03:00:00,27.1594,78.3953,PM10,NA,NA,NA
India,Uttar_Pradesh,Firozabad,"Vibhab Nagar, Firozabad - UPPCB",09-06-2024 03:00:00,27.1594,78.3953,NO2,12,14,14
India,Uttar_Pradesh,Ghaziabad,"Indirapuram, Ghaziabad - UPPCB",09-06-2024 03:00:00,28.646233,77.358075,NO2,35,107,55
India,Uttar_Pradesh,Ghaziabad,"Indirapuram, Ghaziabad - UPPCB",09-06-2024 03:00:00,28.646233,77.358075,NH3,9,15,11
India,Uttar_Pradesh,Ghaziabad,"Indirapuram, Ghaziabad - UPPCB",09-06-2024 03:00:00,28.646233,77.358075,OZONE,17,102,34
India,Uttar_Pradesh,Ghaziabad,"Loni, Ghaziabad - UPPCB",09-06-2024 03:00:00,28.757294,77.278792,NH3,1,4,2
India,Uttar_Pradesh,Ghaziabad,"Loni, Ghaziabad - UPPCB",09-06-2024 03:00:00,28.757294,77.278792,SO2,7,33,18
India,Uttar_Pradesh,Gorakhpur,"Madan Mohan Malaviya University of Technology, Gorakhpur - UPPCB",09-06-2024 03:00:00,26.730136,83.433859,PM10,107,222,145
India,Uttar_Pradesh,Gorakhpur,"Madan Mohan Malaviya University of Technology, Gorakhpur - UPPCB",09-06-2024 03:00:00,26.730136,83.433859,CO,9,29,13
India,Uttar_Pradesh,Gorakhpur,"Madan Mohan Malaviya University of Technology, Gorakhpur - UPPCB",09-06-2024 03:00:00,26.730136,83.433859,OZONE,10,11,11
India,Uttar_Pradesh,Greater Noida,"Knowledge Park - III, Greater Noida - UPPCB",09-06-2024 03:00:00,28.47272,77.482000,PM2.5,48,303,134
India,Uttar_Pradesh,Greater Noida,"Knowledge Park - III, Greater Noida - UPPCB",09-06-2024 03:00:00,28.47272,77.482000,SO2,7,29,16
India,Uttar_Pradesh,Jhansi,"Shivaji Nagar, Jhansi - UPPCB",09-06-2024 03:00:00,25.4547,78.6039,PM10,NA,NA,NA
India,Uttar_Pradesh,Jhansi,"Shivaji Nagar, Jhansi - UPPCB",09-06-2024 03:00:00,25.4547,78.6039,NH3,5,6,6
India,Uttar_Pradesh,Jhansi,"Shivaji Nagar, Jhansi - UPPCB",09-06-2024 03:00:00,25.4547,78.6039,CO,7,30,20
India,Uttar_Pradesh,Kanpur,"FTI Kidwai Nagar, Kanpur - UPPCB",09-06-2024 03:00:00,26.428282,80.327067,OZONE,14,56,32
India,Uttar_Pradesh,Kanpur,"Nehru Nagar, Kanpur - UPPCB",09-06-2024 03:00:00,26.4703136,80.3229863,CO,21,90,67
India,Uttar_Pradesh,Lucknow,"B R Ambedkar University, Lucknow - UPPCB",09-06-2024 03:00:00,26.766433,80.927299,NO2,11,12,11
India,Uttar_Pradesh,Lucknow,"B R Ambedkar University, Lucknow - UPPCB",09-06-2024 03:00:00,26.766433,80.927299,SO2,15,21,17
India,Uttar_Pradesh,Lucknow,"Kukrail Picnic Spot-1, Lucknow - UPPCB",09-06-2024 03:00:00,26.90723,80.98579,PM10,105,139,118
India,Uttar_Pradesh,Lucknow,"Kukrail Picnic Spot-1, Lucknow - UPPCB",09-06-2024 03:00:00,26.90723,80.98579,SO2,33,40,35
India,Uttar_Pradesh,Lucknow,"Kukrail Picnic Spot-1, Lucknow - UPPCB",09-06-2024 03:00:00,26.90723,80.98579,CO,13,22,20
India,Uttar_Pradesh,Lucknow,"Kukrail Picnic Spot-1, Lucknow - UPPCB",09-06-2024 03:00:00,26.90723,80.98579,OZONE,12,57,41
India,Uttar_Pradesh,Lucknow,"Lalbagh, Lucknow - CPCB",09-06-2024 03:00:00,26.8458805,80.9365541,CO,16,98,48
India,Uttar_Pradesh,Lucknow,"Talkatora District Industries Center, Lucknow - CPCB",09-06-2024 03:00:00,26.83399722,80.8917361,NO2,26,37,31
India,Uttar_Pradesh,Lucknow,"Talkatora District Industries Center, Lucknow - CPCB",09-06-2024 03:00:00,26.83399722,80.8917361,NH3,7,12,9
India,Uttar_Pradesh,Lucknow,"Talkatora District Industries Center, Lucknow - CPCB",09-06-2024 03:00:00,26.83399722,80.8917361,CO,13,36,30
India,Uttar_Pradesh,Meerut,"Pallavpuram Phase 2, Meerut - UPPCB",09-06-2024 03:00:00,29.063510,77.709723,OZONE,9,80,25
India,Uttar_Pradesh,Moradabad,"Buddhi Vihar, Moradabad - UPPCB",09-06-2024 03:00:00,28.83526,78.74460,PM2.5,30,97,57
India,Uttar_Pradesh,Moradabad,"Buddhi Vihar, Moradabad - UPPCB",09-06-2024 03:00:00,28.83526,78.74460,NO2,23,23,23
India,Uttar_Pradesh,Moradabad,"Jigar Colony, Moradabad - UPPCB",09-06-2024 03:00:00,28.856664,78.772638,PM10,104,148,126
India,Uttar_Pradesh,Moradabad,"Kashiram Nagar, Moradabad - UPPCB",09-06-2024 03:00:00,28.849399,78.742362,PM10,86,145,119
India,Uttar_Pradesh,Moradabad,"Transport Nagar, Moradabad - UPPCB",09-06-2024 03:00:00,28.802625,78.753728,NO2,4,5,4
India,Uttar_Pradesh,Moradabad,"Transport Nagar, Moradabad - UPPCB",09-06-2024 03:00:00,28.802625,78.753728,SO2,66,91,81
India,Uttar_Pradesh,Muzaffarnagar,"New Mandi, Muzaffarnagar - UPPCB",09-06-2024 03:00:00,29.4723508,77.7194031,NO2,9,27,16
India,Uttar_Pradesh,Muzaffarnagar,"New Mandi, Muzaffarnagar - UPPCB",09-06-2024 03:00:00,29.4723508,77.7194031,SO2,10,44,27
India,Uttar_Pradesh,Noida,"Sector - 125, Noida - UPPCB",09-06-2024 03:00:00,28.5447608,77.3231257,NO2,9,113,44
India,Uttar_Pradesh,Noida,"Sector-116, Noida - UPPCB",09-06-2024 03:00:00,28.569230,77.393848,PM2.5,37,133,69
India,Uttar_Pradesh,Noida,"Sector-116, Noida - UPPCB",09-06-2024 03:00:00,28.569230,77.393848,CO,20,94,53
India,Uttar_Pradesh,Prayagraj,"Jhunsi, Prayagraj - UPPCB",09-06-2024 03:00:00,25.425602,81.917152,CO,1,31,19
India,Uttar_Pradesh,Prayagraj,"Motilal Nehru NIT, Prayagraj - UPPCB",09-06-2024 03:00:00,25.494,81.863,NH3,6,7,7
India,Uttar_Pradesh,Prayagraj,"Motilal Nehru NIT, Prayagraj - UPPCB",09-06-2024 03:00:00,25.494,81.863,OZONE,6,72,27
India,Uttar_Pradesh,Prayagraj,"Nagar Nigam, Prayagraj - UPPCB",09-06-2024 03:00:00,25.44919916 ,81.82735986 ,PM2.5,77,243,122
India,Uttar_Pradesh,Prayagraj,"Nagar Nigam, Prayagraj - UPPCB",09-06-2024 03:00:00,25.44919916 ,81.82735986 ,PM10,66,130,90
India,Uttar_Pradesh,Varanasi,"Ardhali Bazar, Varanasi - UPPCB",09-06-2024 03:00:00,25.3505986,82.9083074,PM10,30,87,56
India,Uttar_Pradesh,Varanasi,"Ardhali Bazar, Varanasi - UPPCB",09-06-2024 03:00:00,25.3505986,82.9083074,CO,34,52,41
India,Uttar_Pradesh,Varanasi,"Ardhali Bazar, Varanasi - UPPCB",09-06-2024 03:00:00,25.3505986,82.9083074,OZONE,26,32,27
India,Uttar_Pradesh,Varanasi,"IESD Banaras Hindu University, Varanasi - UPPCB",09-06-2024 03:00:00,25.262326,82.995408,PM2.5,NA,NA,NA
India,Uttar_Pradesh,Varanasi,"IESD Banaras Hindu University, Varanasi - UPPCB",09-06-2024 03:00:00,25.262326,82.995408,SO2,NA,NA,NA
India,Uttar_Pradesh,Varanasi,"IESD Banaras Hindu University, Varanasi - UPPCB",09-06-2024 03:00:00,25.262326,82.995408,CO,NA,NA,NA
India,Uttar_Pradesh,Vrindavan,"Omex Eternity, Vrindavan - UPPCB",09-06-2024 03:00:00,27.5714090,77.6557570,PM2.5,32,263,97
India,Uttar_Pradesh,Vrindavan,"Omex Eternity, Vrindavan - UPPCB",09-06-2024 03:00:00,27.5714090,77.6557570,SO2,43,48,44
India,Uttarakhand,Dehradun,"Doon University, Dehradun - UKPCB",09-06-2024 03:00:00,30.269444,78.044167,PM2.5,29,161,66
India,Uttarakhand,Dehradun,"Doon University, Dehradun - UKPCB",09-06-2024 03:00:00,30.269444,78.044167,PM10,73,149,102
India,Uttarakhand,Dehradun,"Doon University, Dehradun - UKPCB",09-06-2024 03:00:00,30.269444,78.044167,NO2,1,10,3
India,Uttarakhand,Dehradun,"Doon University, Dehradun - UKPCB",09-06-2024 03:00:00,30.269444,78.044167,CO,16,38,22
India,Uttarakhand,Rishikesh,"Shivaji Nagar, Rishikesh - UKPCB",09-06-2024 03:00:00,30.075911,78.2859547,PM10,NA,NA,NA
India,West_Bengal,Asansol,"Evelyn Lodge, Asansol - WBPCB",09-06-2024 03:00:00,23.6979360,86.9443950,PM10,72,177,127
India,West_Bengal,Barrackpore,"SVSPA Campus, Barrackpore - WBPCB",09-06-2024 03:00:00,22.7605581,88.3617589,NO2,9,20,14
India,West_Bengal,Durgapur,"PCBL Residential Complex, Durgapur - WBPCB",09-06-2024 03:00:00,23.5087640,87.3544400,PM2.5,NA,NA,NA
India,West_Bengal,Durgapur,"PCBL Residential Complex, Durgapur - WBPCB",09-06-2024 03:00:00,23.5087640,87.3544400,NH3,NA,NA,NA
India,West_Bengal,Durgapur,"Sidhu Kanhu Indoor Stadium, Durgapur - WBPCB",09-06-2024 03:00:00,23.5404352,87.2892225,PM2.5,95,300,167
India,West_Bengal,Durgapur,"Sidhu Kanhu Indoor Stadium, Durgapur - WBPCB",09-06-2024 03:00:00,23.5404352,87.2892225,NH3,2,2,2
India,West_Bengal,Durgapur,"Sidhu Kanhu Indoor Stadium, Durgapur - WBPCB",09-06-2024 03:00:00,23.5404352,87.2892225,SO2,16,37,29
India,West_Bengal,Durgapur,"Sidhu Kanhu Indoor Stadium, Durgapur - WBPCB",09-06-2024 03:00:00,23.5404352,87.2892225,CO,19,100,34
India,West_Bengal,Haldia,"Priyambada Housing Estate, Haldia - WBPCB",09-06-2024 03:00:00,22.06047,88.109737,SO2,10,23,14
India,West_Bengal,Haldia,"Priyambada Housing Estate, Haldia - WBPCB",09-06-2024 03:00:00,22.06047,88.109737,CO,24,28,24
India,West_Bengal,Howrah,"Ghusuri, Howrah - WBPCB",09-06-2024 03:00:00,22.611968,88.347422,NH3,3,11,8
India,West_Bengal,Howrah,"Ghusuri, Howrah - WBPCB",09-06-2024 03:00:00,22.611968,88.347422,CO,12,30,16
India,West_Bengal,Howrah,"Padmapukur, Howrah - WBPCB",09-06-2024 03:00:00,22.5687319,88.2797276,CO,7,51,26
India,West_Bengal,Kolkata,"Ballygunge, Kolkata - WBPCB",09-06-2024 03:00:00,22.5367507,88.3638022,PM2.5,20,65,45
India,West_Bengal,Kolkata,"Ballygunge, Kolkata - WBPCB",09-06-2024 03:00:00,22.5367507,88.3638022,NO2,12,19,16
India,West_Bengal,Kolkata,"Bidhannagar, Kolkata - WBPCB",09-06-2024 03:00:00,22.58157048,88.41002457,PM10,46,79,60
India,West_Bengal,Kolkata,"Bidhannagar, Kolkata - WBPCB",09-06-2024 03:00:00,22.58157048,88.41002457,NO2,21,31,24
India,West_Bengal,Kolkata,"Fort William, Kolkata - WBPCB",09-06-2024 03:00:00,22.556640,88.342674,PM10,48,74,62
India,West_Bengal,Kolkata,"Fort William, Kolkata - WBPCB",09-06-2024 03:00:00,22.556640,88.342674,CO,13,20,16
India,West_Bengal,Kolkata,"Jadavpur, Kolkata - WBPCB",09-06-2024 03:00:00,22.49929,88.36917,PM10,36,62,47
India,West_Bengal,Kolkata,"Jadavpur, Kolkata - WBPCB",09-06-2024 03:00:00,22.49929,88.36917,NO2,7,14,12
India,West_Bengal,Kolkata,"Rabindra Bharati University, Kolkata - WBPCB",09-06-2024 03:00:00,22.627847,88.380669,PM2.5,26,42,37
India,West_Bengal,Kolkata,"Rabindra Bharati University, Kolkata - WBPCB",09-06-2024 03:00:00,22.627847,88.380669,PM10,26,158,68
India,West_Bengal,Kolkata,"Rabindra Bharati University, Kolkata - WBPCB",09-06-2024 03:00:00,22.627847,88.380669,OZONE,11,71,17
India,West_Bengal,Kolkata,"Rabindra Sarobar, Kolkata - WBPCB",09-06-2024 03:00:00,22.51106,88.35142,PM2.5,25,45,33
India,West_Bengal,Kolkata,"Rabindra Sarobar, Kolkata - WBPCB",09-06-2024 03:00:00,22.51106,88.35142,NH3,11,14,12
India,West_Bengal,Kolkata,"Rabindra Sarobar, Kolkata - WBPCB",09-06-2024 03:00:00,22.51106,88.35142,SO2,2,4,3
India,West_Bengal,Kolkata,"Victoria, Kolkata - WBPCB",09-06-2024 03:00:00,22.5448082,88.3403691,CO,22,34,27
India,West_Bengal,Siliguri,"Ward-32 Bapupara, Siliguri - WBPCB",09-06-2024 03:00:00,26.6879226,88.4152495,PM2.5,32,61,45
India,Andhra_Pradesh,Amaravati,"Secretariat, Amaravati - APPCB",09-06-2024 03:00:00,16.5150833,80.5181667,NH3,3,4,4
India,Andhra_Pradesh,Amaravati,"Secretariat, Amaravati - APPCB",09-06-2024 03:00:00,16.5150833,80.5181667,SO2,10,54,25
India,Andhra_Pradesh,Anantapur,"Gulzarpet, Anantapur - APPCB",09-06-2024 03:00:00,14.675886,77.593027,NH3,4,4,4
India,Andhra_Pradesh,Anantapur,"Gulzarpet, Anantapur - APPCB",09-06-2024 03:00:00,14.675886,77.593027,OZONE,6,22,16
India,Andhra_Pradesh,Kadapa,"Yerramukkapalli, Kadapa - APPCB",09-06-2024 03:00:00,14.465052,78.824187,CO,10,31,19
India,Andhra_Pradesh,Tirupati,"Tirumala, Tirupati - APPCB",09-06-2024 03:00:00,13.67,79.35,PM10,16,56,31
India,Andhra_Pradesh,Tirupati,"Tirumala, Tirupati - APPCB",09-06-2024 03:00:00,13.67,79.35,NO2,12,30,20
India,Andhra_Pradesh,Tirupati,"Vaikuntapuram, Tirupati - APPCB",09-06-2024 03:00:00,13.615387,79.409230,NO2,NA,NA,NA
India,Andhra_Pradesh,Vijayawada,"Kanuru, Vijayawada - APPCB",09-06-2024 03:00:00,16.486692,80.699436,NH3,NA,NA,NA
India,Andhra_Pradesh,Vijayawada,"Kanuru, Vijayawada - APPCB",09-06-2024 03:00:00,16.486692,80.699436,CO,36,36,36
India,Andhra_Pradesh,Vijayawada,"Rajiv Gandhi Park, Vijayawada - APPCB",09-06-2024 03:00:00,16.509717,80.612222,NO2,23,37,26
India,Andhra_Pradesh,Vijayawada,"Rajiv Gandhi Park, Vijayawada - APPCB",09-06-2024 03:00:00,16.509717,80.612222,CO,36,40,36
India,Andhra_Pradesh,Vijayawada,"Rajiv Nagar, Vijayawada - APPCB",09-06-2024 03:00:00,16.554731,80.649110,NO2,10,10,10
India,Andhra_Pradesh,Vijayawada,"Rajiv Nagar, Vijayawada - APPCB",09-06-2024 03:00:00,16.554731,80.649110,OZONE,23,53,39
India,Andhra_Pradesh,Visakhapatnam,"GVM Corporation, Visakhapatnam - APPCB",09-06-2024 03:00:00,17.72,83.3,PM10,72,122,93
India,Arunachal_Pradesh,Naharlagun,"Naharlagun, Naharlagun - APSPCB",09-06-2024 03:00:00,27.103358,93.679645,PM2.5,31,64,45
India,Arunachal_Pradesh,Naharlagun,"Naharlagun, Naharlagun - APSPCB",09-06-2024 03:00:00,27.103358,93.679645,OZONE,3,3,3
India,Assam,Byrnihat,"Central Academy for SFS, Byrnihat - PCBA",09-06-2024 03:00:00,26.071318,91.87488,SO2,9,64,37
India,Assam,Guwahati,"LGBI Airport, Guwahati - PCBA",09-06-2024 03:00:00,26.10887,91.589544,PM2.5,7,384,124
India,Assam,Guwahati,"Railway Colony, Guwahati - PCBA",09-06-2024 03:00:00,26.181742,91.78063,NO2,3,3,3
India,Assam,Nagaon,"Christianpatty, Nagaon - PCBA",09-06-2024 03:00:00,26.349082,92.68449,NH3,1,55,5
India,Assam,Nagaon,"Christianpatty, Nagaon - PCBA",09-06-2024 03:00:00,26.349082,92.68449,CO,40,88,61
India,Assam,Nagaon,"Christianpatty, Nagaon - PCBA",09-06-2024 03:00:00,26.349082,92.68449,OZONE,3,310,26
India,Assam,Nalbari,"Bata Chowk, Nalbari - PCBA",09-06-2024 03:00:00,26.446912,91.439057,NO2,19,31,26
India,Assam,Nalbari,"Bata Chowk, Nalbari - PCBA",09-06-2024 03:00:00,26.446912,91.439057,SO2,5,7,6
India,Assam,Silchar,"Tarapur, Silchar - PCBA",09-06-2024 03:00:00,24.82827,92.79525,PM2.5,33,42,37
India,Assam,Silchar,"Tarapur, Silchar - PCBA",09-06-2024 03:00:00,24.82827,92.79525,NH3,1,1,1
India,Assam,Silchar,"Tarapur, Silchar - PCBA",09-06-2024 03:00:00,24.82827,92.79525,CO,20,47,22
India,Assam,Sivasagar,"Girls College, Sivasagar - PCBA",09-06-2024 03:00:00,26.987634,94.636574,CO,6,14,11
India,Bihar,Arrah,"New DM Office, Arrah - BSPCB",09-06-2024 03:00:00,25.5626095,84.663264,CO,12,28,19
India,Bihar,Aurangabad,"Gurdeo Nagar, Aurangabad - BSPCB",09-06-2024 03:00:00,24.75746,84.366208,CO,13,24,20
India,Bihar,Bhagalpur,"DM Office_Kachari Chowk, Bhagalpur - BSPCB",09-06-2024 03:00:00,25.251013,86.989001,OZONE,42,55,47
India,Bihar,Bhagalpur,"Mayaganj, Bhagalpur - BSPCB",09-06-2024 03:00:00,25.265194,87.012947,NO2,NA,NA,NA
India,Bihar,Bhagalpur,"Mayaganj, Bhagalpur - BSPCB",09-06-2024 03:00:00,25.265194,87.012947,CO,NA,NA,NA
India,Bihar,Bhagalpur,"Mayaganj, Bhagalpur - BSPCB",09-06-2024 03:00:00,25.265194,87.012947,OZONE,NA,NA,NA
India,Bihar,Bihar Sharif,"D M Colony, Bihar Sharif - BSPCB",09-06-2024 03:00:00,25.204762,85.514960,CO,20,28,24
India,Bihar,Bihar Sharif,"D M Colony, Bihar Sharif - BSPCB",09-06-2024 03:00:00,25.204762,85.514960,OZONE,15,151,53
India,Bihar,Gaya,"Collectorate, Gaya - BSPCB",09-06-2024 03:00:00,24.7955,84.9994,SO2,4,30,12
India,Bihar,Gaya,"Kareemganj, Gaya - BSPCB",09-06-2024 03:00:00,24.792403,84.992416,PM2.5,60,240,113
India,Bihar,Gaya,"Kareemganj, Gaya - BSPCB",09-06-2024 03:00:00,24.792403,84.992416,OZONE,6,33,19
India,Bihar,Gaya,"SFTI Kusdihra, Gaya - BSPCB",09-06-2024 03:00:00,24.762518,84.982348,NO2,11,88,29
India,Bihar,Hajipur,"Industrial Area, Hajipur - BSPCB",09-06-2024 03:00:00,25.697189,85.245900,NO2,14,45,26
India,Bihar,Katihar,"Mirchaibari, Katihar - BSPCB",09-06-2024 03:00:00,25.560083,87.553265,PM10,44,180,100
India,Bihar,Kishanganj,"SDM Office_Khagra, Kishanganj - BSPCB",09-06-2024 03:00:00,26.0881305,87.93840336,PM10,25,102,63
India,Bihar,Kishanganj,"SDM Office_Khagra, Kishanganj - BSPCB",09-06-2024 03:00:00,26.0881305,87.93840336,OZONE,18,76,20
India,Bihar,Manguraha,"Forest Rest House, Manguraha - BSPCB",09-06-2024 03:00:00,27.308328,84.531742,NO2,15,23,18
India,Bihar,Manguraha,"Forest Rest House, Manguraha - BSPCB",09-06-2024 03:00:00,27.308328,84.531742,OZONE,2,77,9
India,Bihar,Motihari,"Gandak Colony, Motihari - BSPCB",09-06-2024 03:00:00,26.63086,84.90051,NO2,11,34,19
India,Bihar,Munger,"Town Hall, Munger - BSPCB",09-06-2024 03:00:00,25.376776,86.471523,PM2.5,97,297,191
India,Bihar,Muzaffarpur,"MIT-Daudpur Kothi, Muzaffarpur - BSPCB",09-06-2024 03:00:00,26.1403345,85.3650192,CO,7,68,31
India,Bihar,Muzaffarpur,"MIT-Daudpur Kothi, Muzaffarpur - BSPCB",09-06-2024 03:00:00,26.1403345,85.3650192,OZONE,16,70,32
India,Bihar,Muzaffarpur,"Muzaffarpur Collectorate, Muzaffarpur - BSPCB",09-06-2024 03:00:00,26.1209,85.3647,PM2.5,73,335,121
India,Bihar,Muzaffarpur,"Muzaffarpur Collectorate, Muzaffarpur - BSPCB",09-06-2024 03:00:00,26.1209,85.3647,SO2,6,10,7
India,Bihar,Muzaffarpur,"Muzaffarpur Collectorate, Muzaffarpur - BSPCB",09-06-2024 03:00:00,26.1209,85.3647,CO,26,50,28
India,Bihar,Patna,"Muradpur, Patna - BSPCB",09-06-2024 03:00:00,25.619651,85.147382,PM10,166,438,270
India,Bihar,Patna,"Muradpur, Patna - BSPCB",09-06-2024 03:00:00,25.619651,85.147382,CO,12,84,65
India,Bihar,Patna,"Rajbansi Nagar, Patna - BSPCB",09-06-2024 03:00:00,25.599486,85.113666,NO2,8,72,26
India,Bihar,Sasaram,"Dada Peer, Sasaram - BSPCB",09-06-2024 03:00:00,24.952822,84.002396,SO2,NA,NA,NA
India,Bihar,Siwan,"Chitragupta Nagar, Siwan - BSPCB",09-06-2024 03:00:00,26.2271665,84.3570427,NO2,5,67,23
India,Bihar,Siwan,"Chitragupta Nagar, Siwan - BSPCB",09-06-2024 03:00:00,26.2271665,84.3570427,SO2,21,35,29
India,Bihar,Siwan,"Chitragupta Nagar, Siwan - BSPCB",09-06-2024 03:00:00,26.2271665,84.3570427,OZONE,6,122,33
India,Chandigarh,Chandigarh,"Sector 22, Chandigarh - CPCC",09-06-2024 03:00:00,30.735567,76.775714,PM2.5,27,107,68
India,Chandigarh,Chandigarh,"Sector 22, Chandigarh - CPCC",09-06-2024 03:00:00,30.735567,76.775714,NH3,6,15,9
India,Chandigarh,Chandigarh,"Sector-25, Chandigarh - CPCC",09-06-2024 03:00:00,30.751462,76.762879,NO2,9,27,15
India,Chandigarh,Chandigarh,"Sector-25, Chandigarh - CPCC",09-06-2024 03:00:00,30.751462,76.762879,OZONE,19,57,32
India,Chandigarh,Chandigarh,"Sector-53, Chandigarh - CPCC",09-06-2024 03:00:00,30.719859,76.738637,PM2.5,30,143,75
India,Chhattisgarh,Bhilai,"32Bungalows, Bhilai - CECB",09-06-2024 03:00:00,21.194815,81.314770,PM2.5,25,53,38
India,Chhattisgarh,Bhilai,"Civic Center, Bhilai - Bhilai Steel Plant",09-06-2024 03:00:00,21.185571,81.343175,PM2.5,20,39,29
India,Chhattisgarh,Bhilai,"Civic Center, Bhilai - Bhilai Steel Plant",09-06-2024 03:00:00,21.185571,81.343175,CO,26,64,43
India,Chhattisgarh,Chhal,"Nawapara SECL Colony, Chhal - CECB",09-06-2024 03:00:00,22.118125,83.140608,PM2.5,NA,NA,NA
India,Chhattisgarh,Chhal,"Nawapara SECL Colony, Chhal - CECB",09-06-2024 03:00:00,22.118125,83.140608,OZONE,NA,NA,NA
India,Chhattisgarh,Korba,"Urja Nagar, Korba - CECB",09-06-2024 03:00:00,22.348441,82.549611,PM10,32,99,62
India,Chhattisgarh,Kunjemura,"OP Jindal School, Kunjemura - CECB",09-06-2024 03:00:00,22.126650,83.483212,CO,22,44,32
India,Chhattisgarh,Milupara,"Govt. Higher Secondary School, Milupara - CECB",09-06-2024 03:00:00,22.1910172,83.5197009,PM10,NA,NA,NA
India,Chhattisgarh,Milupara,"Govt. Higher Secondary School, Milupara - CECB",09-06-2024 03:00:00,22.1910172,83.5197009,CO,NA,NA,NA
India,Chhattisgarh,Raipur,"AIIMS, Raipur - CECB",09-06-2024 03:00:00,21.258815,81.578979,SO2,3,13,6
India,Chhattisgarh,Raipur,"Bhatagaon New ISBT, Raipur - CECB",09-06-2024 03:00:00,21.219665,81.630094,SO2,1,3,2
India,Chhattisgarh,Raipur,"Krishak Nagar, Raipur - CECB",09-06-2024 03:00:00,21.237755,81.705301,SO2,8,37,15
India,Chhattisgarh,Tumidih,"OP Jindal Industrial Park, Tumidih - CECB",09-06-2024 03:00:00,22.06631475,83.33820077,NH3,NA,NA,NA
India,Chhattisgarh,Tumidih,"OP Jindal Industrial Park, Tumidih - CECB",09-06-2024 03:00:00,22.06631475,83.33820077,OZONE,39,85,56
India,Delhi,Delhi,"Anand Vihar, Delhi - DPCC",09-06-2024 03:00:00,28.647622,77.3158090,NH3,5,10,7
India,Delhi,Delhi,"Ashok Vihar, Delhi - DPCC",09-06-2024 03:00:00,28.695381,77.181665,PM10,111,315,157
India,Delhi,Delhi,"Ashok Vihar, Delhi - DPCC",09-06-2024 03:00:00,28.695381,77.181665,SO2,17,39,26
India,Delhi,Delhi,"Aya Nagar, Delhi - IMD",09-06-2024 03:00:00,28.4706914,77.1099364,PM10,NA,NA,NA
India,Delhi,Delhi,"Bawana, Delhi - DPCC",09-06-2024 03:00:00,28.776200,77.051074,NO2,9,40,23
India,Delhi,Delhi,"Bawana, Delhi - DPCC",09-06-2024 03:00:00,28.776200,77.051074,OZONE,11,119,54
India,Delhi,Delhi,"Burari Crossing, Delhi - IMD",09-06-2024 03:00:00,28.7256504,77.2011573,PM10,116,389,199
India,Delhi,Delhi,"Burari Crossing, Delhi - IMD",09-06-2024 03:00:00,28.7256504,77.2011573,OZONE,1,77,18
India,Delhi,Delhi,"CRRI Mathura Road, Delhi - IMD",09-06-2024 03:00:00,28.5512005,77.2735737,CO,46,64,54
India,Delhi,Delhi,"DTU, Delhi - CPCB",09-06-2024 03:00:00,28.7500499,77.1112615,NO2,32,35,34
India,Delhi,Delhi,"DTU, Delhi - CPCB",09-06-2024 03:00:00,28.7500499,77.1112615,NH3,16,18,18
India,Delhi,Delhi,"DTU, Delhi - CPCB",09-06-2024 03:00:00,28.7500499,77.1112615,SO2,39,55,44
India,Delhi,Delhi,"Dr. Karni Singh Shooting Range, Delhi - DPCC",09-06-2024 03:00:00,28.498571,77.264840,CO,20,84,51
India,Delhi,Delhi,"Dwarka-Sector 8, Delhi - DPCC ",09-06-2024 03:00:00,28.5710274,77.0719006,PM10,137,344,210
India,Delhi,Delhi,"Dwarka-Sector 8, Delhi - DPCC ",09-06-2024 03:00:00,28.5710274,77.0719006,NH3,4,9,7
India,Delhi,Delhi,"IHBAS, Dilshad Garden, Delhi - CPCB",09-06-2024 03:00:00,28.6811736,77.3025234,PM2.5,77,312,209
India,Delhi,Delhi,"Jahangirpuri, Delhi - DPCC",09-06-2024 03:00:00,28.732820,77.170633,PM10,135,428,252
India,Delhi,Delhi,"Jawaharlal Nehru Stadium, Delhi - DPCC",09-06-2024 03:00:00,28.580280,77.233829,CO,8,195,63
India,Delhi,Delhi,"Major Dhyan Chand National Stadium, Delhi - DPCC",09-06-2024 03:00:00,28.611281,77.237738,PM2.5,52,207,112
India,Delhi,Delhi,"Mandir Marg, Delhi - DPCC",09-06-2024 03:00:00,28.636429,77.201067,PM2.5,10,200,72
India,Delhi,Delhi,"Mandir Marg, Delhi - DPCC",09-06-2024 03:00:00,28.636429,77.201067,NO2,62,84,70
India,Delhi,Delhi,"Mundka, Delhi - DPCC",09-06-2024 03:00:00,28.684678,77.076574,PM2.5,40,310,111
India,Delhi,Delhi,"Mundka, Delhi - DPCC",09-06-2024 03:00:00,28.684678,77.076574,NO2,36,85,50
India,Delhi,Delhi,"Mundka, Delhi - DPCC",09-06-2024 03:00:00,28.684678,77.076574,CO,31,53,44
India,Delhi,Delhi,"NSIT Dwarka, Delhi - CPCB",09-06-2024 03:00:00,28.60909,77.0325413,CO,40,66,53
India,Delhi,Delhi,"NSIT Dwarka, Delhi - CPCB",09-06-2024 03:00:00,28.60909,77.0325413,OZONE,14,75,40
India,Delhi,Delhi,"Najafgarh, Delhi - DPCC",09-06-2024 03:00:00,28.570173,76.933762,PM2.5,10,163,59
India,Delhi,Delhi,"Najafgarh, Delhi - DPCC",09-06-2024 03:00:00,28.570173,76.933762,NH3,6,8,7
India,Delhi,Delhi,"Nehru Nagar, Delhi - DPCC",09-06-2024 03:00:00,28.567890,77.250515,PM2.5,37,157,73
India,Delhi,Delhi,"Nehru Nagar, Delhi - DPCC",09-06-2024 03:00:00,28.567890,77.250515,SO2,5,11,7
India,Delhi,Delhi,"Nehru Nagar, Delhi - DPCC",09-06-2024 03:00:00,28.567890,77.250515,CO,50,81,59
India,Delhi,Delhi,"North Campus, DU, Delhi - IMD",09-06-2024 03:00:00,28.6573814,77.1585447,PM2.5,13,208,93
India,Delhi,Delhi,"North Campus, DU, Delhi - IMD",09-06-2024 03:00:00,28.6573814,77.1585447,CO,31,102,82
India,Delhi,Delhi,"Okhla Phase-2, Delhi - DPCC",09-06-2024 03:00:00,28.530785,77.271255,PM2.5,37,130,70
India,Delhi,Delhi,"Okhla Phase-2, Delhi - DPCC",09-06-2024 03:00:00,28.530785,77.271255,SO2,7,14,9
India,Delhi,Delhi,"Patparganj, Delhi - DPCC",09-06-2024 03:00:00,28.623763,77.287209,SO2,3,18,11
India,Delhi,Delhi,"Punjabi Bagh, Delhi - DPCC",09-06-2024 03:00:00,28.674045,77.131023,SO2,2,41,18
India,Delhi,Delhi,"Pusa, Delhi - DPCC",09-06-2024 03:00:00,28.639652,77.146275,PM10,138,335,210
India,Delhi,Delhi,"Pusa, Delhi - IMD",09-06-2024 03:00:00,28.636110,77.173332,NO2,24,31,26
India,Delhi,Delhi,"Rohini, Delhi - DPCC",09-06-2024 03:00:00,28.732528,77.119920,SO2,7,48,26
India,Delhi,Delhi,"Rohini, Delhi - DPCC",09-06-2024 03:00:00,28.732528,77.119920,OZONE,29,159,80
India,Delhi,Delhi,"Shadipur, Delhi - CPCB",09-06-2024 03:00:00,28.6514781,77.1473105,NO2,44,64,53
India,Delhi,Delhi,"Sonia Vihar, Delhi - DPCC",09-06-2024 03:00:00,28.710508,77.249485,PM2.5,40,180,81
India,Delhi,Delhi,"Sonia Vihar, Delhi - DPCC",09-06-2024 03:00:00,28.710508,77.249485,NO2,16,61,32
India,Delhi,Delhi,"Sonia Vihar, Delhi - DPCC",09-06-2024 03:00:00,28.710508,77.249485,SO2,4,20,13
India,Delhi,Delhi,"Sonia Vihar, Delhi - DPCC",09-06-2024 03:00:00,28.710508,77.249485,CO,6,26,16
India,Delhi,Delhi,"Sri Aurobindo Marg, Delhi - DPCC",09-06-2024 03:00:00,28.531346,77.190156,PM10,126,347,205
India,Delhi,Delhi,"Sri Aurobindo Marg, Delhi - DPCC",09-06-2024 03:00:00,28.531346,77.190156,NO2,8,178,63
India,Delhi,Delhi,"Sri Aurobindo Marg, Delhi - DPCC",09-06-2024 03:00:00,28.531346,77.190156,SO2,1,33,16
India,Delhi,Delhi,"Vivek Vihar, Delhi - DPCC",09-06-2024 03:00:00,28.672342,77.315260,PM2.5,43,118,73
India,Delhi,Delhi,"Vivek Vihar, Delhi - DPCC",09-06-2024 03:00:00,28.672342,77.315260,SO2,10,29,18
India,Delhi,Delhi,"Vivek Vihar, Delhi - DPCC",09-06-2024 03:00:00,28.672342,77.315260,CO,62,89,74
India,Delhi,Delhi,"Vivek Vihar, Delhi - DPCC",09-06-2024 03:00:00,28.672342,77.315260,OZONE,15,126,46
India,Delhi,Delhi,"Wazirpur, Delhi - DPCC",09-06-2024 03:00:00,28.699793,77.165453,OZONE,10,48,18
India,Gujarat,Ahmedabad,"Gyaspur, Ahmedabad - IITM",09-06-2024 03:00:00,22.977134,72.553024,SO2,17,22,20
India,Gujarat,Ahmedabad,"Gyaspur, Ahmedabad - IITM",09-06-2024 03:00:00,22.977134,72.553024,CO,75,91,82
India,Gujarat,Ahmedabad,"Maninagar, Ahmedabad - GPCB",09-06-2024 03:00:00,23.002657,72.591912,SO2,NA,NA,NA
India,Gujarat,Ahmedabad,"Rakhial, Ahmedabad - IITM",09-06-2024 03:00:00,23.016834,72.625775,SO2,12,80,35
India,Gujarat,Ahmedabad,"SVPI Airport Hansol, Ahmedabad - IITM",09-06-2024 03:00:00,23.076793,72.627874,CO,3,16,11
India,Gujarat,Ahmedabad,"Sardar Vallabhbhai Patel Stadium, Ahmedabad - IITM",09-06-2024 03:00:00,23.043070,72.562968,NH3,6,6,6
India,Gujarat,Ankleshwar,"GIDC, Ankleshwar - GPCB",09-06-2024 03:00:00,21.613267,73.010555,OZONE,21,45,27
India,Gujarat,Gandhinagar,"GIFT City, Gandhinagar - IITM",09-06-2024 03:00:00,23.163798,72.677768,SO2,NA,NA,NA
India,Gujarat,Gandhinagar,"GIFT City, Gandhinagar - IITM",09-06-2024 03:00:00,23.163798,72.677768,CO,32,32,32
India,Gujarat,Vapi,"Phase-1 GIDC, Vapi - GPCB",09-06-2024 03:00:00,20.362421,72.918013,NH3,2,2,2
India,Gujarat,Vapi,"Phase-1 GIDC, Vapi - GPCB",09-06-2024 03:00:00,20.362421,72.918013,OZONE,NA,NA,NA
India,Gujarat,Vatva,"Phase-4 GIDC, Vatva - GPCB",09-06-2024 03:00:00,22.969611,72.643500,NO2,19,78,41
India,Haryana,Ambala,"Patti Mehar, Ambala - HSPCB",09-06-2024 03:00:00,30.379589,76.778328,PM10,67,105,86
India,Haryana,Ambala,"Patti Mehar, Ambala - HSPCB",09-06-2024 03:00:00,30.379589,76.778328,CO,30,62,38
India,Haryana,Ambala,"Patti Mehar, Ambala - HSPCB",09-06-2024 03:00:00,30.379589,76.778328,OZONE,35,51,40
India,Haryana,Ballabgarh,"Nathu Colony, Ballabgarh - HSPCB",09-06-2024 03:00:00,28.3419248,77.319699,PM10,140,251,189
India,Haryana,Bhiwani,"H.B. Colony, Bhiwani - HSPCB",09-06-2024 03:00:00,28.806223,76.141105,PM2.5,66,255,131
India,Haryana,Bhiwani,"H.B. Colony, Bhiwani - HSPCB",09-06-2024 03:00:00,28.806223,76.141105,CO,25,64,39
India,Haryana,Bhiwani,"H.B. Colony, Bhiwani - HSPCB",09-06-2024 03:00:00,28.806223,76.141105,OZONE,9,125,28
India,Haryana,Charkhi Dadri,"Mini Secretariat, Charkhi Dadri - HSPCB",09-06-2024 03:00:00,28.593883,76.270653,PM2.5,NA,NA,NA
India,Haryana,Charkhi Dadri,"Mini Secretariat, Charkhi Dadri - HSPCB",09-06-2024 03:00:00,28.593883,76.270653,NH3,NA,NA,NA
India,Haryana,Charkhi Dadri,"Mini Secretariat, Charkhi Dadri - HSPCB",09-06-2024 03:00:00,28.593883,76.270653,SO2,NA,NA,NA
India,Haryana,Dharuhera,"Municipal Corporation Office, Dharuhera -  HSPCB",09-06-2024 03:00:00,28.206800,76.799700,NO2,44,111,75
India,Haryana,Dharuhera,"Municipal Corporation Office, Dharuhera -  HSPCB",09-06-2024 03:00:00,28.206800,76.799700,OZONE,6,43,19
India,Haryana,Faridabad,"New Industrial Town, Faridabad - HSPCB",09-06-2024 03:00:00,28.39072,77.30059,PM2.5,246,387,317
India,Haryana,Faridabad,"New Industrial Town, Faridabad - HSPCB",09-06-2024 03:00:00,28.39072,77.30059,NH3,NA,NA,NA
India,Haryana,Faridabad,"New Industrial Town, Faridabad - HSPCB",09-06-2024 03:00:00,28.39072,77.30059,CO,3,34,14
India,Haryana,Faridabad,"Sector- 16A, Faridabad - HSPCB",09-06-2024 03:00:00,28.4088421,77.3099081,PM2.5,21,72,48
India,Haryana,Faridabad,"Sector- 16A, Faridabad - HSPCB",09-06-2024 03:00:00,28.4088421,77.3099081,CO,40,101,74
India,Haryana,Gurugram,"Sector-51, Gurugram - HSPCB",09-06-2024 03:00:00,28.4227,77.0667,PM2.5,300,365,334
India,Haryana,Gurugram,"Sector-51, Gurugram - HSPCB",09-06-2024 03:00:00,28.4227,77.0667,SO2,2,4,3
India,Haryana,Gurugram,"Teri Gram, Gurugram - HSPCB",09-06-2024 03:00:00,28.4275,77.1465,PM2.5,34,235,67
India,Haryana,Gurugram,"Vikas Sadan, Gurugram - HSPCB",09-06-2024 03:00:00,28.4501238,77.0263051,PM2.5,53,206,105
India,Haryana,Gurugram,"Vikas Sadan, Gurugram - HSPCB",09-06-2024 03:00:00,28.4501238,77.0263051,OZONE,8,68,16
India,Haryana,Hisar,"Urban Estate-II, Hisar - HSPCB",09-06-2024 03:00:00,29.140560,75.744941,PM2.5,50,274,102
India,Haryana,Hisar,"Urban Estate-II, Hisar - HSPCB",09-06-2024 03:00:00,29.140560,75.744941,SO2,2,72,59
India,Haryana,Kaithal,"Rishi Nagar, Kaithal - HSPCB",09-06-2024 03:00:00,29.8006,76.4155,OZONE,15,35,17
India,Haryana,Karnal,"Sector-12, Karnal - HSPCB",09-06-2024 03:00:00,29.695300,77.002700,CO,20,52,29
India,Haryana,Kurukshetra,"Sector-7, Kurukshetra - HSPCB",09-06-2024 03:00:00,29.966942,76.875879,PM2.5,76,164,112
India,Haryana,Kurukshetra,"Sector-7, Kurukshetra - HSPCB",09-06-2024 03:00:00,29.966942,76.875879,PM10,126,152,137
India,Haryana,Mandikhera,"General Hospital, Mandikhera - HSPCB",09-06-2024 03:00:00,27.9002,76.9938,PM2.5,NA,NA,NA
India,Haryana,Narnaul,"Shastri Nagar, Narnaul - HSPCB",09-06-2024 03:00:00,28.060249,76.113115,OZONE,12,63,46
India,Haryana,Panchkula,"Sector-6, Panchkula - HSPCB ",09-06-2024 03:00:00,30.7057778,76.8531805555555,PM2.5,NA,NA,NA
India,Haryana,Panipat,"Sector-18, Panipat - HSPCB",09-06-2024 03:00:00,29.432304,76.972765,PM10,103,104,104
India,Haryana,Panipat,"Sector-18, Panipat - HSPCB",09-06-2024 03:00:00,29.432304,76.972765,CO,24,26,25
India,Haryana,Panipat,"Sector-18, Panipat - HSPCB",09-06-2024 03:00:00,29.432304,76.972765,OZONE,30,30,30
India,Haryana,Rohtak,"MD University, Rohtak - HSPCB",09-06-2024 03:00:00,28.52123,76.37138,OZONE,41,57,50
India,Haryana,Sirsa,"F-Block, Sirsa - HSPCB",09-06-2024 03:00:00,29.536400,75.015800,PM10,69,362,123
India,Haryana,Sirsa,"F-Block, Sirsa - HSPCB",09-06-2024 03:00:00,29.536400,75.015800,OZONE,6,56,35
India,Haryana,Sonipat,"Murthal, Sonipat - HSPCB",09-06-2024 03:00:00,29.027200,77.062100,NO2,37,44,40
India,Haryana,Sonipat,"Murthal, Sonipat - HSPCB",09-06-2024 03:00:00,29.027200,77.062100,NH3,7,10,9
India,Himachal Pradesh,Baddi,"HIMUDA Complex Phase-1, Baddi - HPPCB",09-06-2024 03:00:00,30.943887,76.801991,NO2,12,52,27
India,Jammu_and_Kashmir,Srinagar,"Rajbagh, Srinagar - JKSPCB",09-06-2024 03:00:00,34.066206,74.819820,PM10,NA,NA,NA
India,Jharkhand,Dhanbad,"Kalakusuma, Dhanbad - DMC",09-06-2024 03:00:00,23.811548,86.481238,OZONE,28,45,29
India,Karnataka,Bagalkot,"Vidayagiri, Bagalkot - KSPCB",09-06-2024 03:00:00,16.172806,75.659694,NH3,NA,NA,NA
India,Karnataka,Bagalkot,"Vidayagiri, Bagalkot - KSPCB",09-06-2024 03:00:00,16.172806,75.659694,SO2,NA,NA,NA
India,Karnataka,Bagalkot,"Vidayagiri, Bagalkot - KSPCB",09-06-2024 03:00:00,16.172806,75.659694,CO,NA,NA,NA
India,Karnataka,Belgaum,"Ramteerth Nagar, Belgaum - KSPCB",09-06-2024 03:00:00,15.888653,74.541751,NO2,NA,NA,NA
India,Karnataka,Bengaluru,"Bapuji Nagar, Bengaluru - KSPCB",09-06-2024 03:00:00,12.951913,77.539784,CO,8,22,18
India,Karnataka,Bengaluru,"Hebbal, Bengaluru - KSPCB",09-06-2024 03:00:00,13.029152,77.585901,PM10,6,34,16
India,Karnataka,Bengaluru,"Hebbal, Bengaluru - KSPCB",09-06-2024 03:00:00,13.029152,77.585901,NO2,4,6,5
India,Karnataka,Bengaluru,"Hebbal, Bengaluru - KSPCB",09-06-2024 03:00:00,13.029152,77.585901,CO,11,32,16
India,Karnataka,Bengaluru,"Hebbal, Bengaluru - KSPCB",09-06-2024 03:00:00,13.029152,77.585901,OZONE,7,71,8
India,Karnataka,Bengaluru,"Hombegowda Nagar, Bengaluru - KSPCB",09-06-2024 03:00:00,12.938539,77.590100,PM2.5,5,13,9
India,Karnataka,Bengaluru,"Hombegowda Nagar, Bengaluru - KSPCB",09-06-2024 03:00:00,12.938539,77.590100,PM10,8,20,14
India,Karnataka,Bengaluru,"Hombegowda Nagar, Bengaluru - KSPCB",09-06-2024 03:00:00,12.938539,77.590100,SO2,2,7,4
India,Karnataka,Bengaluru,"Kasturi Nagar, Bengaluru - KSPCB",09-06-2024 03:00:00,13.003872,77.664217,OZONE,25,42,39
India,Karnataka,Bengaluru,"Peenya, Bengaluru - CPCB",09-06-2024 03:00:00,13.0270199,77.494094,NO2,18,26,21
India,Karnataka,Bengaluru,"Peenya, Bengaluru - CPCB",09-06-2024 03:00:00,13.0270199,77.494094,CO,78,83,81
India,Karnataka,Bengaluru,"Shivapura_Peenya, Bengaluru - KSPCB",09-06-2024 03:00:00,13.0246342,77.5080115,PM10,25,47,32
India,Karnataka,Bengaluru,"Shivapura_Peenya, Bengaluru - KSPCB",09-06-2024 03:00:00,13.0246342,77.5080115,SO2,3,6,5
India,Karnataka,Bengaluru,"Silk Board, Bengaluru - KSPCB",09-06-2024 03:00:00,12.917348,77.622813,PM2.5,7,42,18
India,Karnataka,Bengaluru,"Silk Board, Bengaluru - KSPCB",09-06-2024 03:00:00,12.917348,77.622813,CO,12,28,23
India,Karnataka,Bidar,"Naubad, Bidar - KSPCB",09-06-2024 03:00:00,17.930306,77.482194,OZONE,11,33,15
India,Karnataka,Chamarajanagar,"Urban, Chamarajanagar - KSPCB",09-06-2024 03:00:00,11.55358,76.55521,SO2,6,8,6
India,Karnataka,Chikkaballapur,"Chikkaballapur Rural, Chikkaballapur - KSPCB",09-06-2024 03:00:00,13.428828,77.731418,PM2.5,2,21,11
India,Karnataka,Davanagere,"Devaraj Urs Badavane, Davanagere - KSPCB",09-06-2024 03:00:00,14.475800,75.905200,PM10,3,17,11
India,Karnataka,Davanagere,"Devaraj Urs Badavane, Davanagere - KSPCB",09-06-2024 03:00:00,14.475800,75.905200,CO,16,20,18
India,Karnataka,Dharwad,"Kalabhavan, Dharwad - KSPCB",09-06-2024 03:00:00,15.459706,75.008381,PM10,8,53,26
India,Karnataka,Dharwad,"Kalabhavan, Dharwad - KSPCB",09-06-2024 03:00:00,15.459706,75.008381,NO2,6,16,15
India,Karnataka,Dharwad,"Kalabhavan, Dharwad - KSPCB",09-06-2024 03:00:00,15.459706,75.008381,NH3,2,3,2
India,Karnataka,Dharwad,"Kalabhavan, Dharwad - KSPCB",09-06-2024 03:00:00,15.459706,75.008381,SO2,1,103,15
India,Karnataka,Gadag,"Panchal Nagar, Gadag - KSPCB",09-06-2024 03:00:00,15.411456,75.638133,PM10,25,26,25
India,Karnataka,Gadag,"Panchal Nagar, Gadag - KSPCB",09-06-2024 03:00:00,15.411456,75.638133,OZONE,7,16,9
India,Karnataka,Hassan,"B.Katihalli, Hassan - KSPCB",09-06-2024 03:00:00,13.008556,76.125258,PM2.5,NA,NA,NA
India,Karnataka,Hassan,"B.Katihalli, Hassan - KSPCB",09-06-2024 03:00:00,13.008556,76.125258,NO2,NA,NA,NA
India,Karnataka,Haveri,"Ashwini Nagar, Haveri - KSPCB",09-06-2024 03:00:00,14.791800,75.389600,PM10,NA,NA,NA
India,Karnataka,Hubballi,"Lingaraj Nagar, Hubballi - KSPCB",09-06-2024 03:00:00,15.3714823,75.1160168,PM10,48,50,49
India,Karnataka,Kalaburagi,"Lal Bahadur Shastri Nagar, Kalaburagi - KSPCB",09-06-2024 03:00:00,17.321993,76.822628,PM2.5,6,41,22
India,Karnataka,Kalaburagi,"Lal Bahadur Shastri Nagar, Kalaburagi - KSPCB",09-06-2024 03:00:00,17.321993,76.822628,PM10,7,49,27
India,Karnataka,Kalaburagi,"Mahatma Basaveswar Colony, Kalaburgi - KSPCB",09-06-2024 03:00:00,17.336318,76.847397,OZONE,8,29,11
India,Karnataka,Karwar,"KHB Colony, Karwar - KSPCB",09-06-2024 03:00:00,14.816666,74.141003,PM10,NA,NA,NA
India,Karnataka,Karwar,"KHB Colony, Karwar - KSPCB",09-06-2024 03:00:00,14.816666,74.141003,SO2,NA,NA,NA
India,Karnataka,Karwar,"KHB Colony, Karwar - KSPCB",09-06-2024 03:00:00,14.816666,74.141003,CO,NA,NA,NA
India,Karnataka,Kolar,"Tamaka Ind. Area, Kolar - KSPCB",09-06-2024 03:00:00,13.1276288,78.1570122,PM10,13,34,24
India,Karnataka,Kolar,"Tamaka Ind. Area, Kolar - KSPCB",09-06-2024 03:00:00,13.1276288,78.1570122,CO,8,17,10
India,Karnataka,Koppal,"Diwator Nagar, Koppal - KSPCB",09-06-2024 03:00:00,15.347630,76.181767,NH3,5,10,7
India,Karnataka,Koppal,"Diwator Nagar, Koppal - KSPCB",09-06-2024 03:00:00,15.347630,76.181767,OZONE,13,25,18
India,Karnataka,Madikeri,"Stuart Hill, Madikeri - KSPCB",09-06-2024 03:00:00,12.415911,75.735050,PM2.5,7,23,16
India,Karnataka,Mangalore,"Kadri, Mangalore - KSPCB",09-06-2024 03:00:00,12.889250,74.853000,PM10,32,85,51
India,Karnataka,Mangalore,"Kadri, Mangalore - KSPCB",09-06-2024 03:00:00,12.889250,74.853000,SO2,9,10,10
India,Karnataka,Mangalore,"Kadri, Mangalore - KSPCB",09-06-2024 03:00:00,12.889250,74.853000,CO,37,43,40
India,Karnataka,Mysuru,"Hebbal 1st Stage, Mysuru - KSPCB",09-06-2024 03:00:00,12.21041,76.37376,NO2,11,34,21
India,Karnataka,Mysuru,"Hebbal 1st Stage, Mysuru - KSPCB",09-06-2024 03:00:00,12.21041,76.37376,SO2,1,4,2
India,Karnataka,Raichur,"Haji Colony, Raichur - KSPCB",09-06-2024 03:00:00,16.208139,77.348417,OZONE,1,40,6
India,Karnataka,Shivamogga,"Vinoba Nagara, Shivamogga - KSPCB",09-06-2024 03:00:00,13.940000,75.555917,PM2.5,26,52,38
India,Karnataka,Shivamogga,"Vinoba Nagara, Shivamogga - KSPCB",09-06-2024 03:00:00,13.940000,75.555917,NO2,10,54,29
India,Karnataka,Shivamogga,"Vinoba Nagara, Shivamogga - KSPCB",09-06-2024 03:00:00,13.940000,75.555917,NH3,2,9,5
India,Karnataka,Shivamogga,"Vinoba Nagara, Shivamogga - KSPCB",09-06-2024 03:00:00,13.940000,75.555917,CO,10,36,14
India,Karnataka,Shivamogga,"Vinoba Nagara, Shivamogga - KSPCB",09-06-2024 03:00:00,13.940000,75.555917,OZONE,8,49,36
India,Karnataka,Udupi,"Brahmagiri, Udupi - KSPCB",09-06-2024 03:00:00,13.34194444,74.74694444,PM10,4,52,17
India,Karnataka,Udupi,"Brahmagiri, Udupi - KSPCB",09-06-2024 03:00:00,13.34194444,74.74694444,NH3,1,1,1
India,Karnataka,Udupi,"Brahmagiri, Udupi - KSPCB",09-06-2024 03:00:00,13.34194444,74.74694444,OZONE,23,24,23
India,Karnataka,Vijayapura,"Ibrahimpur, Vijayapura - KSPCB",09-06-2024 03:00:00,16.802639,75.722694,PM10,41,43,42
India,Karnataka,Yadgir,"Collector Office, Yadgir - KSPCB",09-06-2024 03:00:00,16.7602,77.1428,NH3,NA,NA,NA
India,Kerala,Thiruvananthapuram,"Kariavattom, Thiruvananthapuram - Kerala PCB",09-06-2024 03:00:00,8.563700,76.886500,CO,18,54,35
India,Kerala,Thiruvananthapuram,"Plammoodu, Thiruvananthapuram - Kerala PCB",09-06-2024 03:00:00,8.5149093,76.9435879,NO2,8,11,9
India,Kerala,Thiruvananthapuram,"Plammoodu, Thiruvananthapuram - Kerala PCB",09-06-2024 03:00:00,8.5149093,76.9435879,NH3,1,1,1
India,Kerala,Thiruvananthapuram,"Plammoodu, Thiruvananthapuram - Kerala PCB",09-06-2024 03:00:00,8.5149093,76.9435879,OZONE,5,53,19
India,Madhya Pradesh,Bhopal,"Idgah Hills, Bhopal - MPPCB",09-06-2024 03:00:00,23.264759,77.381568,SO2,1,4,2
India,Madhya Pradesh,Bhopal,"Paryavaran Parisar, Bhopal - MPPCB",09-06-2024 03:00:00,23.210494,77.425409,CO,4,106,46
India,Madhya Pradesh,Bhopal,"T T Nagar, Bhopal - MPPCB",09-06-2024 03:00:00,23.233584,77.400574,OZONE,5,62,36
India,Madhya Pradesh,Dewas,"Bhopal Chauraha, Dewas - MPPCB",09-06-2024 03:00:00,22.9682591,76.064118,PM2.5,23,70,37
India,Madhya Pradesh,Gwalior,"City Center, Gwalior - MPPCB",09-06-2024 03:00:00,26.203442,78.193251,NH3,1,6,2
India,Madhya Pradesh,Indore,"Chhoti Gwaltoli, Indore - MPPCB",09-06-2024 03:00:00,22.4310,75.5213,SO2,NA,NA,NA
India,Madhya Pradesh,Indore,"Chhoti Gwaltoli, Indore - MPPCB",09-06-2024 03:00:00,22.4310,75.5213,OZONE,5,74,22
India,Madhya Pradesh,Indore,"Maguda Nagar, Indore - IMC",09-06-2024 03:00:00,22.7524,75.8872,SO2,34,37,36
India,Madhya Pradesh,Indore,"Residency Area, Indore - IMC",09-06-2024 03:00:00,22.7084,75.8815,PM2.5,17,197,58
India,Madhya Pradesh,Indore,"Residency Area, Indore - IMC",09-06-2024 03:00:00,22.7084,75.8815,NO2,1,85,59
India,Madhya Pradesh,Jabalpur,"Govindh Bhavan Colony, Jabalpur - JMC",09-06-2024 03:00:00,23.163174,79.973061,NH3,2,3,3
India,Madhya Pradesh,Jabalpur,"Govindh Bhavan Colony, Jabalpur - JMC",09-06-2024 03:00:00,23.163174,79.973061,CO,14,21,17
India,Madhya Pradesh,Jabalpur,"Gupteshwar, Jabalpur - JMC",09-06-2024 03:00:00,23.142888,79.916147,CO,18,36,28
India,Madhya Pradesh,Jabalpur,"Marhatal, Jabalpur - MPPCB",09-06-2024 03:00:00,23.168606,79.932247,NH3,3,4,3
India,Madhya Pradesh,Jabalpur,"Marhatal, Jabalpur - MPPCB",09-06-2024 03:00:00,23.168606,79.932247,OZONE,37,73,64
India,Madhya Pradesh,Katni,"Gole Bazar, Katni - MPPCB",09-06-2024 03:00:00,23.50016,80.23284,SO2,24,64,34
India,Madhya Pradesh,Maihar,"Sahilara, Maihar - KJS Cements",09-06-2024 03:00:00,24.2613009,80.7231783,PM10,9,114,67
India,Madhya Pradesh,Maihar,"Sahilara, Maihar - KJS Cements",09-06-2024 03:00:00,24.2613009,80.7231783,CO,36,54,40
India,Madhya Pradesh,Mandideep,"Sector-D Industrial Area, Mandideep - MPPCB",09-06-2024 03:00:00,23.108440,77.511428,PM10,80,432,151
India,Madhya Pradesh,Mandideep,"Sector-D Industrial Area, Mandideep - MPPCB",09-06-2024 03:00:00,23.108440,77.511428,NO2,12,105,30
India,Madhya Pradesh,Mandideep,"Sector-D Industrial Area, Mandideep - MPPCB",09-06-2024 03:00:00,23.108440,77.511428,SO2,8,71,18
India,Madhya Pradesh,Ratlam,"Shasthri Nagar, Ratlam - IPCA Lab",09-06-2024 03:00:00,23.331731,75.045981,SO2,28,35,30
India,Madhya Pradesh,Sagar,"Civil Lines, Sagar - MPPCB",09-06-2024 03:00:00,23.838586,78.759431,NO2,6,40,16
India,Madhya Pradesh,Sagar,"Civil Lines, Sagar - MPPCB",09-06-2024 03:00:00,23.838586,78.759431,CO,16,65,32
India,Madhya Pradesh,Sagar,"Deen Dayal Nagar, Sagar - MPPCB",09-06-2024 03:00:00,23.8640158,78.80289321,NO2,5,24,22
India,Madhya Pradesh,Satna,"Bandhavgar Colony, Satna - Birla Cement",09-06-2024 03:00:00,24.58434363,80.8549414,CO,35,132,83
India,Madhya Pradesh,Ujjain,"Mahakaleshwar Temple, Ujjain - MPPCB",09-06-2024 03:00:00,23.182719 ,75.768218 ,OZONE,65,72,71
India,Maharashtra,Amravati,"Shivneri Colony, Amravati - MPCB",09-06-2024 03:00:00,20.9402359,77.7895248,PM10,41,169,78
India,Maharashtra,Amravati,"Shri Shivaji Science College, Amaravati - MPCB",09-06-2024 03:00:00,20.939198,77.765701,PM10,39,215,72
India,Maharashtra,Amravati,"Shri Shivaji Science College, Amaravati - MPCB",09-06-2024 03:00:00,20.939198,77.765701,NO2,5,34,11
India,Maharashtra,Amravati,"Shri Shivaji Science College, Amaravati - MPCB",09-06-2024 03:00:00,20.939198,77.765701,CO,14,40,24
India,Maharashtra,Aurangabad,"MIDC Chilkalthana, Aurangabad - MPCB",09-06-2024 03:00:00,19.875620,75.387310,PM2.5,NA,NA,NA
India,Maharashtra,Aurangabad,"MIDC Chilkalthana, Aurangabad - MPCB",09-06-2024 03:00:00,19.875620,75.387310,NO2,NA,NA,NA
India,Maharashtra,Aurangabad,"MIDC Chilkalthana, Aurangabad - MPCB",09-06-2024 03:00:00,19.875620,75.387310,OZONE,12,62,33
India,Maharashtra,Aurangabad,"More Chowk Waluj, Aurangabad - MPCB",09-06-2024 03:00:00,19.8389439,75.244448,SO2,2,8,4
India,Maharashtra,Aurangabad,"More Chowk Waluj, Aurangabad - MPCB",09-06-2024 03:00:00,19.8389439,75.244448,CO,2,78,34
India,Maharashtra,Aurangabad,"More Chowk Waluj, Aurangabad - MPCB",09-06-2024 03:00:00,19.8389439,75.244448,OZONE,11,81,42
India,Maharashtra,Aurangabad,"Rachnakar Colony, Aurangabad - MPCB",09-06-2024 03:00:00,19.863756,75.321188,NO2,NA,NA,NA
India,Maharashtra,Aurangabad,"Rachnakar Colony, Aurangabad - MPCB",09-06-2024 03:00:00,19.863756,75.321188,OZONE,27,89,37
India,Maharashtra,Badlapur,"Katrap, Badlapur - MPCB",09-06-2024 03:00:00,19.16485,73.23409,NO2,5,96,19
India,Maharashtra,Badlapur,"Katrap, Badlapur - MPCB",09-06-2024 03:00:00,19.16485,73.23409,SO2,8,21,12
India,Maharashtra,Boisar,"Khaira, Boisar - MPCB",09-06-2024 03:00:00,19.786089,72.757971,NO2,7,35,21
India,Maharashtra,Chandrapur,"Chauhan Colony, Chandrapur - MPCB",09-06-2024 03:00:00,19.962900,79.298714,OZONE,2,223,3
India,Maharashtra,Chandrapur,"MIDC Khutala, Chandrapur - MPCB",09-06-2024 03:00:00,19.9775302,79.2337086,PM2.5,37,59,44
India,Maharashtra,Chandrapur,"MIDC Khutala, Chandrapur - MPCB",09-06-2024 03:00:00,19.9775302,79.2337086,SO2,3,94,32
India,Maharashtra,Jalna,"Old MIDC, Jalna - MPCB",09-06-2024 03:00:00,19.854616,75.905894,PM2.5,10,35,25
India,Maharashtra,Jalna,"Old MIDC, Jalna - MPCB",09-06-2024 03:00:00,19.854616,75.905894,NO2,22,28,25
India,Maharashtra,Kalyan,"Khadakpada, Kalyan - MPCB",09-06-2024 03:00:00,19.25292,73.142019,PM10,13,94,65
India,Maharashtra,Kolhapur,"Shivaji University, Kolhapur - MPCB",09-06-2024 03:00:00,16.6870449,74.2505872,SO2,1,4,2
India,Maharashtra,Kolhapur,"Shivaji University, Kolhapur - MPCB",09-06-2024 03:00:00,16.6870449,74.2505872,CO,38,70,44
India,Maharashtra,Kolhapur,"Sinchan Bhavan, Kolhapur - MPCB",09-06-2024 03:00:00,16.7143745,74.2426398,NO2,2,19,6
India,Maharashtra,Kolhapur,"Sinchan Bhavan, Kolhapur - MPCB",09-06-2024 03:00:00,16.7143745,74.2426398,CO,8,20,13
India,Maharashtra,Latur,"Sawe Wadi, Latur - MPCB",09-06-2024 03:00:00,18.39963,76.57452,PM10,13,56,43
India,Maharashtra,Latur,"Sawe Wadi, Latur - MPCB",09-06-2024 03:00:00,18.39963,76.57452,CO,8,61,20
India,Maharashtra,Latur,"Sawe Wadi, Latur - MPCB",09-06-2024 03:00:00,18.39963,76.57452,OZONE,25,83,43
India,Maharashtra,Mahad,"Kamble Tarf Birwadi, Mahad - MPCB",09-06-2024 03:00:00,18.1023399,73.4783687,CO,5,24,11
India,Maharashtra,Malegaon,"Mahesh Nagar, Malegaon - MPCB",09-06-2024 03:00:00,20.555712,74.529236,CO,17,60,36
India,Maharashtra,Mira-Bhayandar,"Bhayandar West, Mira-Bhayandar - MPCB",09-06-2024 03:00:00,19.296481,72.840923,NO2,17,31,21
India,Maharashtra,Mira-Bhayandar,"Bhayandar West, Mira-Bhayandar - MPCB",09-06-2024 03:00:00,19.296481,72.840923,CO,16,25,18
India,Maharashtra,Mumbai,"Borivali East, Mumbai - IITM",09-06-2024 03:00:00,19.23241,72.86895,OZONE,37,73,43
India,Maharashtra,Mumbai,"Borivali East, Mumbai - MPCB",09-06-2024 03:00:00,19.2243333,72.8658113,OZONE,13,16,15
India,Maharashtra,Mumbai,"Byculla, Mumbai - BMC",09-06-2024 03:00:00,18.9767,72.8380,PM10,10,73,36
India,Maharashtra,Mumbai,"Chakala-Andheri East, Mumbai - IITM",09-06-2024 03:00:00,19.11074,72.86084,CO,3,15,9
India,Maharashtra,Mumbai,"Chhatrapati Shivaji Intl. Airport (T2), Mumbai - MPCB",09-06-2024 03:00:00,19.10078,72.87462,NO2,NA,NA,NA
India,Maharashtra,Mumbai,"Colaba, Mumbai - MPCB",09-06-2024 03:00:00,18.910000,72.820000,NO2,19,21,20
India,Maharashtra,Mumbai,"Colaba, Mumbai - MPCB",09-06-2024 03:00:00,18.910000,72.820000,CO,12,14,14
India,Maharashtra,Mumbai,"Colaba, Mumbai - MPCB",09-06-2024 03:00:00,18.910000,72.820000,OZONE,10,11,11
India,Maharashtra,Mumbai,"Deonar, Mumbai - IITM",09-06-2024 03:00:00,19.04946,72.9230,OZONE,2,57,12
India,Maharashtra,Mumbai,"Ghatkopar, Mumbai - BMC",09-06-2024 03:00:00,19.083694,72.920967,NH3,2,21,11
India,Maharashtra,Mumbai,"Ghatkopar, Mumbai - BMC",09-06-2024 03:00:00,19.083694,72.920967,SO2,1,2,1
India,Maharashtra,Mumbai,"Khindipada-Bhandup West, Mumbai - IITM",09-06-2024 03:00:00,19.1653323,72.922099,PM2.5,NA,NA,NA
India,Maharashtra,Mumbai,"Khindipada-Bhandup West, Mumbai - IITM",09-06-2024 03:00:00,19.1653323,72.922099,OZONE,10,28,15
India,Maharashtra,Mumbai,"Mindspace-Malad West, Mumbai - MPCB",09-06-2024 03:00:00,19.1878657,72.8304069,PM10,34,82,58
India,Maharashtra,Mumbai,"Mulund West, Mumbai - MPCB",09-06-2024 03:00:00,19.1750,72.9419,NO2,20,21,20
India,Maharashtra,Mumbai,"Mulund West, Mumbai - MPCB",09-06-2024 03:00:00,19.1750,72.9419,NH3,10,10,10
India,Maharashtra,Mumbai,"Mulund West, Mumbai - MPCB",09-06-2024 03:00:00,19.1750,72.9419,OZONE,7,8,7
India,Maharashtra,Mumbai,"Navy Nagar-Colaba, Mumbai - IITM",09-06-2024 03:00:00,18.897756,72.813320,NH3,10,14,10
India,Maharashtra,Mumbai,"Powai, Mumbai - MPCB",09-06-2024 03:00:00,19.137500,72.915056,NO2,13,24,18
India,Maharashtra,Mumbai,"Powai, Mumbai - MPCB",09-06-2024 03:00:00,19.137500,72.915056,SO2,14,15,14
India,Maharashtra,Mumbai,"Siddharth Nagar-Worli, Mumbai - IITM",09-06-2024 03:00:00,19.000083,72.813993,PM2.5,3,32,14
India,Maharashtra,Mumbai,"Sion, Mumbai - MPCB",09-06-2024 03:00:00,19.047000,72.874600,PM2.5,27,48,38
India,Maharashtra,Mumbai,"Sion, Mumbai - MPCB",09-06-2024 03:00:00,19.047000,72.874600,NH3,5,9,8
India,Maharashtra,Mumbai,"Vasai West, Mumbai - MPCB",09-06-2024 03:00:00,19.383200,72.820400,SO2,14,111,28
India,Maharashtra,Mumbai,"Vasai West, Mumbai - MPCB",09-06-2024 03:00:00,19.383200,72.820400,OZONE,7,20,12
India,Maharashtra,Mumbai,"Vile Parle West, Mumbai - MPCB",09-06-2024 03:00:00,19.10861,72.83622,SO2,13,18,14
India,Maharashtra,Mumbai,"Worli, Mumbai - MPCB",09-06-2024 03:00:00,18.9936162,72.8128113,PM2.5,11,33,19
India,Maharashtra,Mumbai,"Worli, Mumbai - MPCB",09-06-2024 03:00:00,18.9936162,72.8128113,OZONE,5,9,7
India,Maharashtra,Nagpur,"Ambazari, Nagpur - MPCB",09-06-2024 03:00:00,21.121801,79.04952,PM10,50,96,73
India,Maharashtra,Nagpur,"Opp GPO Civil Lines, Nagpur - MPCB",09-06-2024 03:00:00,21.152875,79.0517531,OZONE,4,72,22
India,Maharashtra,Nanded,"Sneh Nagar, Nanded - MPCB",09-06-2024 03:00:00,19.173852,77.296291,CO,2,15,7
India,Maharashtra,Nashik,"Gangapur Road, Nashik - MPCB",09-06-2024 03:00:00,20.0073285,73.7762427,NO2,14,20,17
India,Maharashtra,Nashik,"Gangapur Road, Nashik - MPCB",09-06-2024 03:00:00,20.0073285,73.7762427,OZONE,9,59,33
India,Maharashtra,Nashik,"Hirawadi, Nashik - MPCB",09-06-2024 03:00:00,20.021503,73.813844,PM2.5,21,58,37
India,Maharashtra,Nashik,"Hirawadi, Nashik - MPCB",09-06-2024 03:00:00,20.021503,73.813844,PM10,27,61,41
India,Maharashtra,Nashik,"MIDC Ambad, Nashik - MPCB",09-06-2024 03:00:00,19.950220,73.731480,PM10,31,57,44
India,Maharashtra,Nashik,"MIDC Ambad, Nashik - MPCB",09-06-2024 03:00:00,19.950220,73.731480,SO2,9,13,10
India,Maharashtra,Nashik,"Pandav Nagari, Nashik - MPCB",09-06-2024 03:00:00,19.9591346,73.7788008,PM10,35,76,47
India,Maharashtra,Nashik,"Pandav Nagari, Nashik - MPCB",09-06-2024 03:00:00,19.9591346,73.7788008,NO2,26,77,44
India,Maharashtra,Navi Mumbai,"Kopripada-Vashi, Navi Mumbai - MPCB",09-06-2024 03:00:00,19.090337,73.014232,PM10,34,86,60
India,Maharashtra,Navi Mumbai,"Mahape, Navi Mumbai - MPCB",09-06-2024 03:00:00,19.1135051,73.008978,PM10,25,136,76
India,Maharashtra,Navi Mumbai,"Mahape, Navi Mumbai - MPCB",09-06-2024 03:00:00,19.1135051,73.008978,NO2,41,43,42
India,Maharashtra,Navi Mumbai,"Nerul, Navi Mumbai - MPCB",09-06-2024 03:00:00,19.008751,73.016620,NO2,16,27,20
India,Maharashtra,Navi Mumbai,"Sanpada, Navi Mumbai - MPCB",09-06-2024 03:00:00,19.0575752,73.0151367,NO2,12,32,21
India,Maharashtra,Navi Mumbai,"Sector-19A Nerul, Navi Mumbai - IITM",09-06-2024 03:00:00,19.044,73.0325,OZONE,5,28,8
India,Maharashtra,Navi Mumbai,"Tondare-Taloja, Navi Mumbai - MPCB",09-06-2024 03:00:00,19.0630,73.1209,PM2.5,17,44,29
India,Maharashtra,Navi Mumbai,"Tondare-Taloja, Navi Mumbai - MPCB",09-06-2024 03:00:00,19.0630,73.1209,PM10,29,76,54
India,Maharashtra,Navi Mumbai,"Tondare-Taloja, Navi Mumbai - MPCB",09-06-2024 03:00:00,19.0630,73.1209,CO,4,40,14
India,Maharashtra,Parbhani,"Masoom Colony, Parbhani - MPCB",09-06-2024 03:00:00,19.265594,76.761463,PM10,43,94,60
India,Maharashtra,Parbhani,"Masoom Colony, Parbhani - MPCB",09-06-2024 03:00:00,19.265594,76.761463,NH3,4,8,6
India,Maharashtra,Parbhani,"Masoom Colony, Parbhani - MPCB",09-06-2024 03:00:00,19.265594,76.761463,OZONE,32,83,61
India,Maharashtra,Pune,"Alandi, Pune - IITM",09-06-2024 03:00:00,18.675076,73.892743,NO2,9,42,20
India,Maharashtra,Pune,"Alandi, Pune - IITM",09-06-2024 03:00:00,18.675076,73.892743,OZONE,20,134,57
India,Maharashtra,Pune,"Bhosari, Pune - IITM",09-06-2024 03:00:00,18.640051,73.848956,CO,18,62,31
India,Maharashtra,Pune,"Hadapsar, Pune - IITM",09-06-2024 03:00:00,18.501793,73.927532,PM10,24,82,57
India,Maharashtra,Pune,"Hadapsar, Pune - IITM",09-06-2024 03:00:00,18.501793,73.927532,NO2,24,61,40
India,Maharashtra,Pune,"Karve Road, Pune - MPCB",09-06-2024 03:00:00,18.5011743,73.8165527,CO,1,52,12
India,Maharashtra,Pune,"Revenue Colony-Shivajinagar, Pune - IITM",09-06-2024 03:00:00,18.530085,73.849598,PM2.5,18,80,55
India,Maharashtra,Pune,"Revenue Colony-Shivajinagar, Pune - IITM",09-06-2024 03:00:00,18.530085,73.849598,NO2,4,69,29
India,Maharashtra,Pune,"Revenue Colony-Shivajinagar, Pune - IITM",09-06-2024 03:00:00,18.530085,73.849598,SO2,6,14,10
India,Maharashtra,Pune,"Revenue Colony-Shivajinagar, Pune - IITM",09-06-2024 03:00:00,18.530085,73.849598,OZONE,7,47,18
India,Maharashtra,Pune,"Savitribai Phule Pune University, Pune - MPCB",09-06-2024 03:00:00,18.547056,73.826908,PM2.5,20,48,35
India,Maharashtra,Pune,"Savitribai Phule Pune University, Pune - MPCB",09-06-2024 03:00:00,18.547056,73.826908,NO2,20,48,27
India,Maharashtra,Pune,"Savitribai Phule Pune University, Pune - MPCB",09-06-2024 03:00:00,18.547056,73.826908,NH3,2,8,5
India,Maharashtra,Solapur,"Dnyaneshwar Nagar, Solapur - MPCB",09-06-2024 03:00:00,17.6336264,75.9132495,NH3,18,26,21
India,Maharashtra,Thane,"Upvan Fort, Thane - MPCB",09-06-2024 03:00:00,19.222279,72.957979,NH3,4,6,5
India,Maharashtra,Thane,"Upvan Fort, Thane - MPCB",09-06-2024 03:00:00,19.222279,72.957979,SO2,3,7,5
India,Maharashtra,Ulhasnagar,"Sidhi Vinayak Nagar, Ulhasnagar - MPCB",09-06-2024 03:00:00,19.235581,73.159121,PM2.5,46,78,62
India,Maharashtra,Virar,"Bolinj, Virar - MPCB",09-06-2024 03:00:00,19.4458210,72.7988231,PM2.5,19,50,34
India,Maharashtra,Virar,"Bolinj, Virar - MPCB",09-06-2024 03:00:00,19.4458210,72.7988231,CO,18,50,21
India,Mizoram,Aizawl,"Sikulpuikawn, Aizawl - Mizoram PCB",09-06-2024 03:00:00,23.7176342,92.7192841,NO2,NA,NA,NA
India,Mizoram,Aizawl,"Sikulpuikawn, Aizawl - Mizoram PCB",09-06-2024 03:00:00,23.7176342,92.7192841,SO2,2,3,3
India,Odisha,Angul,"Hakimapada, Angul - OSPCB",09-06-2024 03:00:00,20.832874,85.104082,PM10,45,193,97
India,Odisha,Balasore,"Kalidaspur, Balasore - OSPCB",09-06-2024 03:00:00,21.51161,86.89088,NH3,NA,NA,NA
India,Odisha,Balasore,"Kalidaspur, Balasore - OSPCB",09-06-2024 03:00:00,21.51161,86.89088,OZONE,20,78,35
India,Odisha,Baripada,"Meher Colony, Baripada - OSPCB",09-06-2024 03:00:00,21.941841,86.728318,NH3,NA,NA,NA
India,Odisha,Bhubaneswar,"Lingraj Mandir, Bhubaneswar - OSPCB",09-06-2024 03:00:00,20.240790,85.836784,PM10,16,80,49
India,Odisha,Bhubaneswar,"Lingraj Mandir, Bhubaneswar - OSPCB",09-06-2024 03:00:00,20.240790,85.836784,CO,41,123,53
India,Odisha,Bhubaneswar,"Patia, Bhubaneswar - OSPCB",09-06-2024 03:00:00,20.34652,85.81630,SO2,2,6,4
India,Odisha,Bileipada,"Tata Township, Bileipada - OSPCB",09-06-2024 03:00:00,22.06156703,85.47409613,OZONE,15,120,74
India,Odisha,Brajrajnagar,"GM Office, Brajrajnagar - OSPCB",09-06-2024 03:00:00,21.8004996,83.8396977,OZONE,6,192,47
India,Odisha,Byasanagar,"Ferro Chrome Colony, Byasanagar - OSPCB",09-06-2024 03:00:00,20.94185,86.11510,SO2,NA,NA,NA
India,Odisha,Byasanagar,"Ferro Chrome Colony, Byasanagar - OSPCB",09-06-2024 03:00:00,20.94185,86.11510,OZONE,NA,NA,NA
India,Odisha,Cuttack,"CDA Area, Cuttack - OSPCB",09-06-2024 03:00:00,20.48891     ,85.84768     ,SO2,1,8,4
India,Odisha,Nayagarh,"Dabuna, Nayagarh - OSPCB",09-06-2024 03:00:00,21.847279,85.416905,OZONE,15,27,25
India,Odisha,Rourkela,"Fertilizer Township, Rourkela - OSPCB",09-06-2024 03:00:00,22.18972222,84.86277778,CO,18,27,22
India,Odisha,Rourkela,"Raghunathpali, Rourkela - OSPCB",09-06-2024 03:00:00,22.220833,84.809444,NO2,26,85,45
India,Odisha,Rourkela,"Raghunathpali, Rourkela - OSPCB",09-06-2024 03:00:00,22.220833,84.809444,SO2,7,10,8
India,Odisha,Rourkela,"Raghunathpali, Rourkela - OSPCB",09-06-2024 03:00:00,22.220833,84.809444,OZONE,26,31,29
India,Odisha,Suakati,"OMC Colony, Suakati - OSPCB",09-06-2024 03:00:00,21.606865,85.510538,PM2.5,38,86,68
India,Odisha,Suakati,"OMC Colony, Suakati - OSPCB",09-06-2024 03:00:00,21.606865,85.510538,NO2,14,16,15
India,Odisha,Talcher,"Talcher Coalfields,Talcher - OSPCB",09-06-2024 03:00:00,20.9360711,85.1707021,NH3,3,4,3
India,Odisha,Tensa,"Barsua Iron Ore Mines, Tensa - OSPCB",09-06-2024 03:00:00,21.869985,85.167016,PM2.5,53,79,66
India,Punjab,Bathinda,"Hardev Nagar, Bathinda - PPCB",09-06-2024 03:00:00,30.233011,74.907758,NO2,32,33,33
India,Punjab,Jalandhar,"Civil Line, Jalandhar - PPCB",09-06-2024 03:00:00,31.321907,75.578914,PM2.5,82,233,128
India,Punjab,Jalandhar,"Civil Line, Jalandhar - PPCB",09-06-2024 03:00:00,31.321907,75.578914,NO2,33,36,35
India,Punjab,Jalandhar,"Civil Line, Jalandhar - PPCB",09-06-2024 03:00:00,31.321907,75.578914,CO,21,54,35
India,Punjab,Khanna,"Kalal Majra, Khanna - PPCB",09-06-2024 03:00:00,30.736056 ,76.209694,SO2,9,24,15
India,Punjab,Ludhiana,"Punjab Agricultural University, Ludhiana - PPCB",09-06-2024 03:00:00,30.9028,75.8086,SO2,10,22,13
India,Punjab,Mandi Gobindgarh,"RIMT University, Mandi Gobindgarh - PPCB",09-06-2024 03:00:00,30.649961,76.331442,SO2,19,72,40
India,Punjab,Patiala,"Model Town, Patiala - PPCB",09-06-2024 03:00:00,30.349388,76.366642,NH3,4,5,5
India,Punjab,Patiala,"Model Town, Patiala - PPCB",09-06-2024 03:00:00,30.349388,76.366642,SO2,12,34,21
India,Punjab,Patiala,"Model Town, Patiala - PPCB",09-06-2024 03:00:00,30.349388,76.366642,OZONE,33,115,76
India,Rajasthan,Ajmer,"Civil Lines,  Ajmer - RSPCB",09-06-2024 03:00:00,26.470859,74.646594,NO2,23,24,23
India,Rajasthan,Ajmer,"Civil Lines,  Ajmer - RSPCB",09-06-2024 03:00:00,26.470859,74.646594,SO2,6,22,15
India,Rajasthan,Ajmer,"Civil Lines,  Ajmer - RSPCB",09-06-2024 03:00:00,26.470859,74.646594,OZONE,46,91,66
India,Rajasthan,Alwar,"Moti Doongri, Alwar - RSPCB",09-06-2024 03:00:00,27.554793,76.611536,CO,24,43,31
India,Rajasthan,Banswara,"Rati Talai, Banswara - RSPCB",09-06-2024 03:00:00,23.555190,74.440010,PM2.5,23,71,43
India,Rajasthan,Baran,"Bamboliya, Baran - RSPCB",09-06-2024 03:00:00,25.106006,76.469948,NH3,NA,NA,NA
India,Rajasthan,Barmer,"Railway Colony, Barmer - RSPCB",09-06-2024 03:00:00,25.747299,71.393989,PM10,44,142,100
India,Rajasthan,Bharatpur,"Krishna Nagar, Bharatpur - RSPCB",09-06-2024 03:00:00,27.215415,77.50873,PM10,74,500,285
India,Rajasthan,Bharatpur,"Krishna Nagar, Bharatpur - RSPCB",09-06-2024 03:00:00,27.215415,77.50873,NO2,7,63,28
India,Rajasthan,Bharatpur,"Krishna Nagar, Bharatpur - RSPCB",09-06-2024 03:00:00,27.215415,77.50873,OZONE,2,123,64
India,Rajasthan,Bhilwara,"Pratap Nagar, Bhilwara - RSPCB",09-06-2024 03:00:00,25.339605,74.618883,PM2.5,NA,NA,NA
India,Rajasthan,Bhiwadi,"RIICO Ind. Area III, Bhiwadi - RSPCB",09-06-2024 03:00:00,28.194909,76.862296,PM2.5,98,500,286
India,Rajasthan,Bhiwadi,"Vasundhara Nagar_UIT, Bhiwadi - RSPCB",09-06-2024 03:00:00,28.207266,76.829265,OZONE,16,87,42
India,Rajasthan,Bikaner,"MM Ground, Bikaner - RSPCB",09-06-2024 03:00:00,28.018792,73.292658,CO,16,46,27
India,Rajasthan,Bundi,"New Colony, Bundi - RSPCB",09-06-2024 03:00:00,25.435774,75.644272,PM2.5,20,322,65
India,Rajasthan,Chittorgarh,"Shastri Nagar, Chittorgarh - RSPCB",09-06-2024 03:00:00,24.892047,74.623527,NH3,17,19,18
India,Rajasthan,Churu,"Subash Chowk, Churu - RSPCB",09-06-2024 03:00:00,28.296139,74.961696,NH3,5,11,7
India,Rajasthan,Dholpur,"Raja Ganj, Dholpur - RSPCB",09-06-2024 03:00:00,26.699557,77.898881,PM2.5,42,250,129
India,Rajasthan,Dholpur,"Raja Ganj, Dholpur - RSPCB",09-06-2024 03:00:00,26.699557,77.898881,NH3,4,11,7
India,Rajasthan,Dungarpur,"Bhoiwada, Dungarpur - RSPCB",09-06-2024 03:00:00,23.837789,73.714926,NO2,7,13,9
India,Rajasthan,Jaipur,"Adarsh Nagar, Jaipur - RSPCB",09-06-2024 03:00:00,26.902909,75.836858,NH3,1,13,8
India,Rajasthan,Jaipur,"Adarsh Nagar, Jaipur - RSPCB",09-06-2024 03:00:00,26.902909,75.836858,SO2,4,119,22
India,Rajasthan,Jaipur,"Mansarovar Sector-12, Jaipur - RSPCB",09-06-2024 03:00:00,26.843698,75.766894,PM2.5,23,392,142
India,Rajasthan,Jaipur,"RIICO Sitapura, Jaipur - RSPCB",09-06-2024 03:00:00,26.786682,75.827928,NH3,7,19,13
India,Rajasthan,Jaipur,"Shastri Nagar, Jaipur - RSPCB",09-06-2024 03:00:00,26.9502929,75.730943,PM2.5,79,366,205
India,Rajasthan,Jaipur,"Shastri Nagar, Jaipur - RSPCB",09-06-2024 03:00:00,26.9502929,75.730943,NO2,11,68,29
India,Rajasthan,Jaipur,"Shastri Nagar, Jaipur - RSPCB",09-06-2024 03:00:00,26.9502929,75.730943,SO2,1,75,15
India,Rajasthan,Jaipur,"Shastri Nagar, Jaipur - RSPCB",09-06-2024 03:00:00,26.9502929,75.730943,CO,13,38,28
India,Rajasthan,Jalore,"Mudtra Sili, Jalore - RSPCB",09-06-2024 03:00:00,25.344694,72.626208,SO2,2,5,3
India,Rajasthan,Jhunjhunu,"Indra Nagar, Jhunjhunu - RSPCB",09-06-2024 03:00:00,28.108988,75.386577,PM2.5,57,500,212
India,Rajasthan,Jhunjhunu,"Indra Nagar, Jhunjhunu - RSPCB",09-06-2024 03:00:00,28.108988,75.386577,PM10,NA,NA,NA
India,Rajasthan,Jodhpur,"Collectorate, Jodhpur - RSPCB",09-06-2024 03:00:00,26.268249,73.0193853,PM10,90,500,171
India,Rajasthan,Jodhpur,"Digari Kalan, Jodhpur - RSPCB",09-06-2024 03:00:00,26.295810,73.082283,PM2.5,24,243,52
India,Rajasthan,Jodhpur,"Digari Kalan, Jodhpur - RSPCB",09-06-2024 03:00:00,26.295810,73.082283,PM10,54,500,155
India,Rajasthan,Jodhpur,"Digari Kalan, Jodhpur - RSPCB",09-06-2024 03:00:00,26.295810,73.082283,NO2,3,49,11
India,Rajasthan,Jodhpur,"Digari Kalan, Jodhpur - RSPCB",09-06-2024 03:00:00,26.295810,73.082283,CO,14,72,36
India,Rajasthan,Jodhpur,"Jhalamand, Jodhpur - RSPCB",09-06-2024 03:00:00,26.215415,73.070156,PM10,35,500,111
India,Rajasthan,Jodhpur,"Jhalamand, Jodhpur - RSPCB",09-06-2024 03:00:00,26.215415,73.070156,CO,4,24,16
India,Rajasthan,Jodhpur,"Jhalamand, Jodhpur - RSPCB",09-06-2024 03:00:00,26.215415,73.070156,OZONE,34,147,71
India,Rajasthan,Jodhpur,"Mandor, Jodhpur - RSPCB",09-06-2024 03:00:00,26.358805,73.047444,OZONE,52,85,65
India,Rajasthan,Jodhpur,"Samrat Ashok Udhyan, Jodhpur - RSPCB",09-06-2024 03:00:00,26.253384,72.976571,CO,10,29,18
India,Rajasthan,Karauli,"Satyawati Vihar, Karauli - RSPCB",09-06-2024 03:00:00,26.506177,77.025989,PM10,56,500,258
India,Rajasthan,Karauli,"Satyawati Vihar, Karauli - RSPCB",09-06-2024 03:00:00,26.506177,77.025989,NO2,3,20,9
India,Rajasthan,Karauli,"Satyawati Vihar, Karauli - RSPCB",09-06-2024 03:00:00,26.506177,77.025989,SO2,1,14,10
India,Rajasthan,Kota,"Dhanmandi, Kota - RSPCB",09-06-2024 03:00:00,25.164090,75.858137,PM2.5,9,166,56
India,Rajasthan,Kota,"Dhanmandi, Kota - RSPCB",09-06-2024 03:00:00,25.164090,75.858137,NO2,20,89,42
India,Rajasthan,Kota,"Nayapura, Kota - RSPCB",09-06-2024 03:00:00,25.196024,75.855668,NH3,1,4,2
India,Rajasthan,Kota,"Nayapura, Kota - RSPCB",09-06-2024 03:00:00,25.196024,75.855668,OZONE,31,103,71
India,Rajasthan,Kota,"Shrinath Puram, Kota - RSPCB",09-06-2024 03:00:00,25.14389,75.821256,PM2.5,44,133,81
India,Rajasthan,Kota,"Shrinath Puram, Kota - RSPCB",09-06-2024 03:00:00,25.14389,75.821256,NH3,4,7,5
India,Rajasthan,Nagaur,"Karni Colony, Nagaur - RSPCB",09-06-2024 03:00:00,27.213494,73.734444,SO2,3,8,5
India,Rajasthan,Nagaur,"Karni Colony, Nagaur - RSPCB",09-06-2024 03:00:00,27.213494,73.734444,CO,40,61,44
India,Rajasthan,Pratapgarh,"Pragati Nagar, Pratapgarh - RSPCB",09-06-2024 03:00:00,24.041198,74.780702,SO2,1,4,2
India,Rajasthan,Rajsamand,"Dhoinda, Rajsamand - RSPCB",09-06-2024 03:00:00,25.036360,73.883502,PM10,26,83,50
India,Rajasthan,Rajsamand,"Dhoinda, Rajsamand - RSPCB",09-06-2024 03:00:00,25.036360,73.883502,CO,10,28,23
India,Rajasthan,Sawai Madhopur,"Sahu Nagar, Sawai Madhopur - RSPCB",09-06-2024 03:00:00,26.031443,76.359327,PM10,53,500,245
India,Rajasthan,Sikar,"Radhakishan Pura, Sikar - RSPCB",09-06-2024 03:00:00,27.608912,75.153302,NO2,7,35,18
India,Rajasthan,Sri Ganganagar,"Old City, Sri Ganganagar - RSPCB",09-06-2024 03:00:00,29.931624,73.864511,PM10,73,500,255
India,Rajasthan,Sri Ganganagar,"Old City, Sri Ganganagar - RSPCB",09-06-2024 03:00:00,29.931624,73.864511,NH3,22,30,15
India,Rajasthan,Tonk,"Shastri Nagar, Tonk - RSPCB",09-06-2024 03:00:00,26.159933,75.780517,NH3,3,9,5
India,Rajasthan,Udaipur,"Ashok Nagar, Udaipur - RSPCB",09-06-2024 03:00:00,24.5886166,73.6321397,NH3,4,12,7
India,Rajasthan,Udaipur,"Ashok Nagar, Udaipur - RSPCB",09-06-2024 03:00:00,24.5886166,73.6321397,SO2,5,22,11
India,Rajasthan,Udaipur,"Ashok Nagar, Udaipur - RSPCB",09-06-2024 03:00:00,24.5886166,73.6321397,CO,4,99,23
India,Sikkim,Gangtok,"Zero Point GICI, Gangtok - SSPCB",09-06-2024 03:00:00,27.338530,88.614099,NO2,1,5,1
India,TamilNadu,Ariyalur,"Keelapalur, Ariyalur - TNPCB",09-06-2024 03:00:00,11.06825,79.07033,NO2,NA,NA,NA
India,TamilNadu,Chennai,"Kodungaiyur, Chennai - TNPCB",09-06-2024 03:00:00,13.1278,80.2642,PM2.5,5,33,18
India,TamilNadu,Chennai,"Kodungaiyur, Chennai - TNPCB",09-06-2024 03:00:00,13.1278,80.2642,NO2,11,28,19
India,TamilNadu,Chennai,"Kodungaiyur, Chennai - TNPCB",09-06-2024 03:00:00,13.1278,80.2642,OZONE,17,61,32
India,TamilNadu,Chennai,"Manali, Chennai - CPCB",09-06-2024 03:00:00,13.164544,80.26285,PM2.5,16,70,43
India,TamilNadu,Chennai,"Manali, Chennai - CPCB",09-06-2024 03:00:00,13.164544,80.26285,NO2,7,8,7
India,TamilNadu,Chennai,"Royapuram, Chennai - TNPCB",09-06-2024 03:00:00,13.1036,80.2909,SO2,NA,NA,NA
India,TamilNadu,Chennai,"Velachery Res. Area, Chennai - CPCB",09-06-2024 03:00:00,13.0052189,80.2398125,PM2.5,21,51,31
India,TamilNadu,Chennai,"Velachery Res. Area, Chennai - CPCB",09-06-2024 03:00:00,13.0052189,80.2398125,PM10,21,51,31
India,TamilNadu,Chennai,"Velachery Res. Area, Chennai - CPCB",09-06-2024 03:00:00,13.0052189,80.2398125,OZONE,245,280,245
India,TamilNadu,Coimbatore,"PSG College of Arts and Science, Coimbatore - TNPCB",09-06-2024 03:00:00,11.0328,77.0349,NH3,1,1,1
India,TamilNadu,Cuddalore,"Kudikadu, Cuddalore - TNPCB",09-06-2024 03:00:00,11.6829898,79.7532099,PM10,1,35,18
India,TamilNadu,Cuddalore,"Kudikadu, Cuddalore - TNPCB",09-06-2024 03:00:00,11.6829898,79.7532099,NH3,3,3,3
India,TamilNadu,Salem,"Sona College of Technology, Salem - TNPCB",09-06-2024 03:00:00,11.679111,78.125052,PM2.5,3,16,9
India,TamilNadu,Salem,"Sona College of Technology, Salem - TNPCB",09-06-2024 03:00:00,11.679111,78.125052,OZONE,3,4,3
India,TamilNadu,Thoothukudi,"Meelavittan, Thoothukudi - TNPCB",09-06-2024 03:00:00,8.816428 ,78.099039,SO2,NA,NA,NA
India,Telangana,Hyderabad,"Bollaram Industrial Area, Hyderabad - TSPCB",09-06-2024 03:00:00,17.540891,78.358528,SO2,10,32,18
India,Telangana,Hyderabad,"Bollaram Industrial Area, Hyderabad - TSPCB",09-06-2024 03:00:00,17.540891,78.358528,OZONE,30,36,35
India,Telangana,Hyderabad,"Central University, Hyderabad - TSPCB",09-06-2024 03:00:00,17.460103,78.334361,NH3,2,5,3
India,Telangana,Hyderabad,"ICRISAT Patancheru, Hyderabad - TSPCB",09-06-2024 03:00:00,17.518400,78.278777,OZONE,5,37,19
India,Telangana,Hyderabad,"Kokapet, Hyderabad - TSPCB",09-06-2024 03:00:00,17.393559,78.339194,PM10,73,88,80
India,Telangana,Hyderabad,"Kokapet, Hyderabad - TSPCB",09-06-2024 03:00:00,17.393559,78.339194,NO2,7,11,10
India,Telangana,Hyderabad,"Kokapet, Hyderabad - TSPCB",09-06-2024 03:00:00,17.393559,78.339194,SO2,7,12,10
India,Telangana,Hyderabad,"Kokapet, Hyderabad - TSPCB",09-06-2024 03:00:00,17.393559,78.339194,CO,19,32,31
India,Telangana,Hyderabad,"Kompally Municipal Office, Hyderabad - TSPCB",09-06-2024 03:00:00,17.544899,78.486949,PM10,51,69,59
India,Telangana,Hyderabad,"Nacharam_TSIIC IALA, Hyderabad - TSPCB",09-06-2024 03:00:00,17.429398,78.569354,SO2,5,21,12
India,Telangana,Hyderabad,"Nacharam_TSIIC IALA, Hyderabad - TSPCB",09-06-2024 03:00:00,17.429398,78.569354,CO,26,43,29
India,Telangana,Hyderabad,"New Malakpet, Hyderabad - TSPCB",09-06-2024 03:00:00,17.37206,78.50864,PM10,70,84,76
India,Telangana,Hyderabad,"New Malakpet, Hyderabad - TSPCB",09-06-2024 03:00:00,17.37206,78.50864,OZONE,18,52,28
India,Telangana,Hyderabad,"Ramachandrapuram, Hyderabad - TSPCB",09-06-2024 03:00:00,17.528544,78.286195,CO,24,33,32
India,Telangana,Hyderabad,"Somajiguda, Hyderabad - TSPCB",09-06-2024 03:00:00,17.417094,78.457437,NH3,NA,NA,NA
India,Telangana,Hyderabad,"Zoo Park, Hyderabad - TSPCB",09-06-2024 03:00:00,17.349694,78.451437,NO2,7,26,14
India,Uttar_Pradesh,Agra,"Rohta, Agra - UPPCB",09-06-2024 03:00:00,27.106972,78.000111,PM2.5,6,74,44
India,Uttar_Pradesh,Agra,"Rohta, Agra - UPPCB",09-06-2024 03:00:00,27.106972,78.000111,SO2,2,14,6
India,Uttar_Pradesh,Agra,"Sanjay Palace, Agra - UPPCB",09-06-2024 03:00:00,27.19865833,78.00598056,PM10,37,66,51
India,Uttar_Pradesh,Agra,"Sector-3B Avas Vikas Colony, Agra - UPPCB",09-06-2024 03:00:00,27.19412,77.96237,NH3,6,28,15
India,Uttar_Pradesh,Agra,"Sector-3B Avas Vikas Colony, Agra - UPPCB",09-06-2024 03:00:00,27.19412,77.96237,SO2,13,21,16
India,Uttar_Pradesh,Agra,"Sector-3B Avas Vikas Colony, Agra - UPPCB",09-06-2024 03:00:00,27.19412,77.96237,OZONE,11,16,13
India,Uttar_Pradesh,Agra,"Shahjahan Garden, Agra - UPPCB",09-06-2024 03:00:00,27.169338,78.03582,PM2.5,39,104,65
India,Uttar_Pradesh,Agra,"Shastripuram, Agra - UPPCB",09-06-2024 03:00:00,27.19862,77.92066,NH3,3,10,4
India,Uttar_Pradesh,Agra,"Shastripuram, Agra - UPPCB",09-06-2024 03:00:00,27.19862,77.92066,CO,8,15,13
India,Uttar_Pradesh,Agra,"Shastripuram, Agra - UPPCB",09-06-2024 03:00:00,27.19862,77.92066,OZONE,1,14,11
India,Uttar_Pradesh,Baghpat,"Sardar Patel Inter College, Baghpat - UPPCB",09-06-2024 03:00:00,28.964949,77.278761,PM2.5,40,94,66
India,Uttar_Pradesh,Bareilly,"Civil Lines, Bareilly - UPPCB",09-06-2024 03:00:00,28.359581,79.414455,PM10,19,38,25
India,Uttar_Pradesh,Bareilly,"Civil Lines, Bareilly - UPPCB",09-06-2024 03:00:00,28.359581,79.414455,NH3,NA,NA,NA
India,Uttar_Pradesh,Bareilly,"Civil Lines, Bareilly - UPPCB",09-06-2024 03:00:00,28.359581,79.414455,SO2,15,18,16
India,Uttar_Pradesh,Bareilly,"Rajendra Nagar, Bareilly - UPPCB",09-06-2024 03:00:00,28.38910936,79.42963708,PM2.5,17,37,26
India,Uttar_Pradesh,Bareilly,"Rajendra Nagar, Bareilly - UPPCB",09-06-2024 03:00:00,28.38910936,79.42963708,SO2,19,22,20
India,Uttar_Pradesh,Bulandshahr,"Yamunapuram, Bulandshahr - UPPCB",09-06-2024 03:00:00,28.406963,77.849831,NO2,8,121,38
India,Uttar_Pradesh,Firozabad,"Nagla Bhau, Firozabad - UPPCB",09-06-2024 03:00:00,27.168897,78.376960,NO2,17,17,17
India,Uttar_Pradesh,Firozabad,"Nagla Bhau, Firozabad - UPPCB",09-06-2024 03:00:00,27.168897,78.376960,SO2,17,57,24
India,Uttar_Pradesh,Firozabad,"Vibhab Nagar, Firozabad - UPPCB",09-06-2024 03:00:00,27.1594,78.3953,PM2.5,NA,NA,NA
India,Uttar_Pradesh,Firozabad,"Vibhab Nagar, Firozabad - UPPCB",09-06-2024 03:00:00,27.1594,78.3953,CO,10,20,18
India,Uttar_Pradesh,Firozabad,"Vibhab Nagar, Firozabad - UPPCB",09-06-2024 03:00:00,27.1594,78.3953,OZONE,7,140,56
India,Uttar_Pradesh,Ghaziabad,"Loni, Ghaziabad - UPPCB",09-06-2024 03:00:00,28.757294,77.278792,PM2.5,30,82,52
India,Uttar_Pradesh,Ghaziabad,"Loni, Ghaziabad - UPPCB",09-06-2024 03:00:00,28.757294,77.278792,CO,15,64,44
India,Uttar_Pradesh,Ghaziabad,"Sanjay Nagar, Ghaziabad - UPPCB",09-06-2024 03:00:00,28.685382,77.453839,PM2.5,27,173,65
India,Uttar_Pradesh,Ghaziabad,"Sanjay Nagar, Ghaziabad - UPPCB",09-06-2024 03:00:00,28.685382,77.453839,NO2,22,87,44
India,Uttar_Pradesh,Ghaziabad,"Sanjay Nagar, Ghaziabad - UPPCB",09-06-2024 03:00:00,28.685382,77.453839,NH3,8,14,10
India,Uttar_Pradesh,Ghaziabad,"Sanjay Nagar, Ghaziabad - UPPCB",09-06-2024 03:00:00,28.685382,77.453839,OZONE,29,156,54
India,Uttar_Pradesh,Ghaziabad,"Vasundhara, Ghaziabad - UPPCB",09-06-2024 03:00:00,28.6603346,77.3572563,PM2.5,27,83,45
India,Uttar_Pradesh,Ghaziabad,"Vasundhara, Ghaziabad - UPPCB",09-06-2024 03:00:00,28.6603346,77.3572563,PM10,108,200,139
India,Uttar_Pradesh,Ghaziabad,"Vasundhara, Ghaziabad - UPPCB",09-06-2024 03:00:00,28.6603346,77.3572563,CO,2,75,51
India,Uttar_Pradesh,Gorakhpur,"Madan Mohan Malaviya University of Technology, Gorakhpur - UPPCB",09-06-2024 03:00:00,26.730136,83.433859,SO2,20,22,21
India,Uttar_Pradesh,Greater Noida,"Knowledge Park - III, Greater Noida - UPPCB",09-06-2024 03:00:00,28.47272,77.482000,NO2,24,95,48
India,Uttar_Pradesh,Greater Noida,"Knowledge Park - III, Greater Noida - UPPCB",09-06-2024 03:00:00,28.47272,77.482000,NH3,1,5,3
India,Uttar_Pradesh,Greater Noida,"Knowledge Park - III, Greater Noida - UPPCB",09-06-2024 03:00:00,28.47272,77.482000,CO,13,65,43
India,Uttar_Pradesh,Greater Noida,"Knowledge Park - V, Greater Noida - UPPCB",09-06-2024 03:00:00,28.557054,77.453663,PM10,167,391,252
India,Uttar_Pradesh,Greater Noida,"Knowledge Park - V, Greater Noida - UPPCB",09-06-2024 03:00:00,28.557054,77.453663,NH3,4,6,4
India,Uttar_Pradesh,Hapur,"Anand Vihar, Hapur - UPPCB",09-06-2024 03:00:00,28.725645,77.749675,NH3,14,20,15
India,Uttar_Pradesh,Hapur,"Anand Vihar, Hapur - UPPCB",09-06-2024 03:00:00,28.725645,77.749675,SO2,7,43,23
India,Uttar_Pradesh,Jhansi,"Shivaji Nagar, Jhansi - UPPCB",09-06-2024 03:00:00,25.4547,78.6039,NO2,11,39,20
India,Uttar_Pradesh,Kanpur,"FTI Kidwai Nagar, Kanpur - UPPCB",09-06-2024 03:00:00,26.428282,80.327067,PM10,122,311,158
India,Uttar_Pradesh,Kanpur,"FTI Kidwai Nagar, Kanpur - UPPCB",09-06-2024 03:00:00,26.428282,80.327067,SO2,13,13,13
India,Uttar_Pradesh,Kanpur,"Nehru Nagar, Kanpur - UPPCB",09-06-2024 03:00:00,26.4703136,80.3229863,NO2,12,54,37
India,Uttar_Pradesh,Lucknow,"B R Ambedkar University, Lucknow - UPPCB",09-06-2024 03:00:00,26.766433,80.927299,PM2.5,45,326,90
India,Uttar_Pradesh,Lucknow,"B R Ambedkar University, Lucknow - UPPCB",09-06-2024 03:00:00,26.766433,80.927299,CO,20,29,25
India,Uttar_Pradesh,Lucknow,"Gomti Nagar, Lucknow - UPPCB",09-06-2024 03:00:00,26.868120,81.005119,PM10,101,132,116
India,Uttar_Pradesh,Lucknow,"Gomti Nagar, Lucknow - UPPCB",09-06-2024 03:00:00,26.868120,81.005119,NO2,10,12,11
India,Uttar_Pradesh,Lucknow,"Gomti Nagar, Lucknow - UPPCB",09-06-2024 03:00:00,26.868120,81.005119,SO2,5,13,10
India,Uttar_Pradesh,Lucknow,"Gomti Nagar, Lucknow - UPPCB",09-06-2024 03:00:00,26.868120,81.005119,OZONE,44,55,48
India,Uttar_Pradesh,Lucknow,"Kendriya Vidyalaya, Lucknow - CPCB",09-06-2024 03:00:00,26.906111,80.948222,PM10,138,157,148
India,Uttar_Pradesh,Lucknow,"Kendriya Vidyalaya, Lucknow - CPCB",09-06-2024 03:00:00,26.906111,80.948222,OZONE,20,130,70
India,Uttar_Pradesh,Lucknow,"Kukrail Picnic Spot-1, Lucknow - UPPCB",09-06-2024 03:00:00,26.90723,80.98579,PM2.5,45,87,70
India,Uttar_Pradesh,Lucknow,"Lalbagh, Lucknow - CPCB",09-06-2024 03:00:00,26.8458805,80.9365541,PM2.5,66,263,169
India,Uttar_Pradesh,Meerut,"Ganga Nagar, Meerut - UPPCB",09-06-2024 03:00:00,28.999264,77.7590354,PM2.5,22,55,38
India,Uttar_Pradesh,Meerut,"Ganga Nagar, Meerut - UPPCB",09-06-2024 03:00:00,28.999264,77.7590354,PM10,124,177,146
India,Uttar_Pradesh,Meerut,"Jai Bhim Nagar, Meerut - UPPCB",09-06-2024 03:00:00,28.9535882,77.7622941,NO2,14,52,28
India,Uttar_Pradesh,Meerut,"Jai Bhim Nagar, Meerut - UPPCB",09-06-2024 03:00:00,28.9535882,77.7622941,SO2,8,18,11
India,Uttar_Pradesh,Meerut,"Jai Bhim Nagar, Meerut - UPPCB",09-06-2024 03:00:00,28.9535882,77.7622941,CO,20,64,39
India,Uttar_Pradesh,Meerut,"Jai Bhim Nagar, Meerut - UPPCB",09-06-2024 03:00:00,28.9535882,77.7622941,OZONE,36,110,54
India,Uttar_Pradesh,Meerut,"Pallavpuram Phase 2, Meerut - UPPCB",09-06-2024 03:00:00,29.063510,77.709723,PM2.5,32,84,59
India,Uttar_Pradesh,Meerut,"Pallavpuram Phase 2, Meerut - UPPCB",09-06-2024 03:00:00,29.063510,77.709723,NH3,4,6,5
India,Uttar_Pradesh,Moradabad,"Buddhi Vihar, Moradabad - UPPCB",09-06-2024 03:00:00,28.83526,78.74460,OZONE,20,126,64
India,Uttar_Pradesh,Moradabad,"Employment Office, Moradabad - UPPCB",09-06-2024 03:00:00,28.88528,78.73880,PM10,88,145,113
India,Uttar_Pradesh,Moradabad,"Employment Office, Moradabad - UPPCB",09-06-2024 03:00:00,28.88528,78.73880,NH3,3,4,4
India,Uttar_Pradesh,Moradabad,"Employment Office, Moradabad - UPPCB",09-06-2024 03:00:00,28.88528,78.73880,SO2,18,27,21
India,Uttar_Pradesh,Moradabad,"Employment Office, Moradabad - UPPCB",09-06-2024 03:00:00,28.88528,78.73880,OZONE,5,72,50
India,Uttar_Pradesh,Moradabad,"Jigar Colony, Moradabad - UPPCB",09-06-2024 03:00:00,28.856664,78.772638,NO2,19,19,19
India,Uttar_Pradesh,Moradabad,"Kashiram Nagar, Moradabad - UPPCB",09-06-2024 03:00:00,28.849399,78.742362,CO,23,36,30
India,Uttar_Pradesh,Noida,"Sector - 125, Noida - UPPCB",09-06-2024 03:00:00,28.5447608,77.3231257,OZONE,4,127,35
India,Uttar_Pradesh,Noida,"Sector-1, Noida - UPPCB",09-06-2024 03:00:00,28.5898,77.3101,CO,25,82,46
India,Uttar_Pradesh,Noida,"Sector-116, Noida - UPPCB",09-06-2024 03:00:00,28.569230,77.393848,SO2,12,27,19
India,Uttar_Pradesh,Prayagraj,"Jhunsi, Prayagraj - UPPCB",09-06-2024 03:00:00,25.425602,81.917152,PM2.5,44,93,61
India,Uttar_Pradesh,Prayagraj,"Jhunsi, Prayagraj - UPPCB",09-06-2024 03:00:00,25.425602,81.917152,PM10,79,156,111
India,Uttar_Pradesh,Prayagraj,"Motilal Nehru NIT, Prayagraj - UPPCB",09-06-2024 03:00:00,25.494,81.863,PM10,91,129,105
India,Uttar_Pradesh,Prayagraj,"Nagar Nigam, Prayagraj - UPPCB",09-06-2024 03:00:00,25.44919916 ,81.82735986 ,SO2,NA,NA,NA
India,Uttar_Pradesh,Prayagraj,"Nagar Nigam, Prayagraj - UPPCB",09-06-2024 03:00:00,25.44919916 ,81.82735986 ,CO,16,50,38
India,Uttar_Pradesh,Varanasi,"Ardhali Bazar, Varanasi - UPPCB",09-06-2024 03:00:00,25.3505986,82.9083074,NO2,42,59,48
India,Uttar_Pradesh,Varanasi,"Bhelupur, Varanasi - UPPCB",09-06-2024 03:00:00,25.301778,82.996789,OZONE,1,35,16
India,Uttar_Pradesh,Varanasi,"IESD Banaras Hindu University, Varanasi - UPPCB",09-06-2024 03:00:00,25.262326,82.995408,NH3,NA,NA,NA
India,Uttar_Pradesh,Varanasi,"IESD Banaras Hindu University, Varanasi - UPPCB",09-06-2024 03:00:00,25.262326,82.995408,OZONE,NA,NA,NA
India,Uttar_Pradesh,Varanasi,"Maldahiya, Varanasi - UPPCB",09-06-2024 03:00:00,25.32393,82.99687,PM2.5,28,84,62
India,Uttar_Pradesh,Vrindavan,"Omex Eternity, Vrindavan - UPPCB",09-06-2024 03:00:00,27.5714090,77.6557570,NH3,1,3,2
India,Uttar_Pradesh,Vrindavan,"Omex Eternity, Vrindavan - UPPCB",09-06-2024 03:00:00,27.5714090,77.6557570,CO,20,46,33
India,Uttarakhand,Rishikesh,"Shivaji Nagar, Rishikesh - UKPCB",09-06-2024 03:00:00,30.075911,78.2859547,NO2,NA,NA,NA
India,West_Bengal,Asansol,"Asansol Court Area, Asansol - WBPCB",09-06-2024 03:00:00,23.685297,86.945968,PM10,105,171,147
India,West_Bengal,Asansol,"Asansol Court Area, Asansol - WBPCB",09-06-2024 03:00:00,23.685297,86.945968,SO2,8,23,13
India,West_Bengal,Asansol,"Evelyn Lodge, Asansol - WBPCB",09-06-2024 03:00:00,23.6979360,86.9443950,NH3,1,1,1
India,West_Bengal,Durgapur,"PCBL Residential Complex, Durgapur - WBPCB",09-06-2024 03:00:00,23.5087640,87.3544400,PM10,NA,NA,NA
India,West_Bengal,Durgapur,"Sidhu Kanhu Indoor Stadium, Durgapur - WBPCB",09-06-2024 03:00:00,23.5404352,87.2892225,NO2,21,34,27
India,West_Bengal,Durgapur,"Sidhu Kanhu Indoor Stadium, Durgapur - WBPCB",09-06-2024 03:00:00,23.5404352,87.2892225,OZONE,10,83,33
India,West_Bengal,Haldia,"Priyambada Housing Estate, Haldia - WBPCB",09-06-2024 03:00:00,22.06047,88.109737,NO2,12,19,15
India,West_Bengal,Haldia,"Priyambada Housing Estate, Haldia - WBPCB",09-06-2024 03:00:00,22.06047,88.109737,NH3,4,10,5
India,West_Bengal,Howrah,"Belur Math, Howrah - WBPCB",09-06-2024 03:00:00,22.629801,88.352017,PM10,54,74,66
India,West_Bengal,Howrah,"Ghusuri, Howrah - WBPCB",09-06-2024 03:00:00,22.611968,88.347422,NO2,7,26,19
India,West_Bengal,Kolkata,"Ballygunge, Kolkata - WBPCB",09-06-2024 03:00:00,22.5367507,88.3638022,PM10,41,73,55
India,West_Bengal,Kolkata,"Bidhannagar, Kolkata - WBPCB",09-06-2024 03:00:00,22.58157048,88.41002457,CO,26,34,29
India,West_Bengal,Kolkata,"Jadavpur, Kolkata - WBPCB",09-06-2024 03:00:00,22.49929,88.36917,PM2.5,36,57,47
India,West_Bengal,Kolkata,"Jadavpur, Kolkata - WBPCB",09-06-2024 03:00:00,22.49929,88.36917,NH3,3,5,5
India,West_Bengal,Kolkata,"Jadavpur, Kolkata - WBPCB",09-06-2024 03:00:00,22.49929,88.36917,SO2,4,8,7
India,West_Bengal,Kolkata,"Jadavpur, Kolkata - WBPCB",09-06-2024 03:00:00,22.49929,88.36917,CO,14,20,16
India,West_Bengal,Kolkata,"Rabindra Bharati University, Kolkata - WBPCB",09-06-2024 03:00:00,22.627847,88.380669,NH3,6,10,9
India,West_Bengal,Kolkata,"Rabindra Sarobar, Kolkata - WBPCB",09-06-2024 03:00:00,22.51106,88.35142,NO2,48,62,53
India,West_Bengal,Kolkata,"Rabindra Sarobar, Kolkata - WBPCB",09-06-2024 03:00:00,22.51106,88.35142,CO,10,23,18
India,West_Bengal,Siliguri,"Ward-32 Bapupara, Siliguri - WBPCB",09-06-2024 03:00:00,26.6879226,88.4152495,NH3,9,10,10
India,West_Bengal,Siliguri,"Ward-32 Bapupara, Siliguri - WBPCB",09-06-2024 03:00:00,26.6879226,88.4152495,SO2,7,9,8
India,West_Bengal,Siliguri,"Ward-32 Bapupara, Siliguri - WBPCB",09-06-2024 03:00:00,26.6879226,88.4152495,OZONE,16,18,16
