country,state,city,station,last_update,latitude,longitude,pollutant_id,pollutant_min,pollutant_max,pollutant_avg
India,Andhra_Pradesh,Anantapur,"Gulzarpet, Anantapur - APPCB",19-08-2024 20:00:00,14.675886,77.593027,PM10,51,77,60
India,Andhra_Pradesh,Anantapur,"Gulzarpet, Anantapur - APPCB",19-08-2024 20:00:00,14.675886,77.593027,CO,12,65,37
India,Andhra_Pradesh,Kadapa,"Yerramukkapalli, Kadapa - APPCB",19-08-2024 20:00:00,14.465052,78.824187,NH3,NA,NA,NA
India,Andhra_Pradesh,Kadapa,"Yerramukkapalli, Kadapa - APPCB",19-08-2024 20:00:00,14.465052,78.824187,OZONE,6,10,8
India,Andhra_Pradesh,Tirupati,"Tirumala, Tirupati - APPCB",19-08-2024 20:00:00,13.67,79.35,PM10,19,54,35
India,Andhra_Pradesh,Tirupati,"Vaikuntapuram, Tirupati - APPCB",19-08-2024 20:00:00,13.615387,79.409230,NO2,14,20,16
India,Andhra_Pradesh,Vijayawada,"HB Colony, Vijayawada - APPCB",19-08-2024 20:00:00,16.536107,80.594233,PM10,41,75,50
India,Andhra_Pradesh,Vijayawada,"HB Colony, Vijayawada - APPCB",19-08-2024 20:00:00,16.536107,80.594233,CO,34,34,34
India,Andhra_Pradesh,Vijayawada,"Rajiv Gandhi Park, Vijayawada - APPCB",19-08-2024 20:00:00,16.509717,80.612222,PM10,36,83,56
India,Andhra_Pradesh,Vijayawada,"Rajiv Gandhi Park, Vijayawada - APPCB",19-08-2024 20:00:00,16.509717,80.612222,CO,38,40,39
India,Andhra_Pradesh,Vijayawada,"Rajiv Gandhi Park, Vijayawada - APPCB",19-08-2024 20:00:00,16.509717,80.612222,OZONE,30,46,41
India,Andhra_Pradesh,Vijayawada,"Rajiv Nagar, Vijayawada - APPCB",19-08-2024 20:00:00,16.554731,80.649110,NO2,10,10,10
India,Andhra_Pradesh,Vijayawada,"Rajiv Nagar, Vijayawada - APPCB",19-08-2024 20:00:00,16.554731,80.649110,CO,14,14,14
India,Andhra_Pradesh,Vijayawada,"Rajiv Nagar, Vijayawada - APPCB",19-08-2024 20:00:00,16.554731,80.649110,OZONE,16,24,19
India,Andhra_Pradesh,Visakhapatnam,"GVM Corporation, Visakhapatnam - APPCB",19-08-2024 20:00:00,17.72,83.3,OZONE,10,15,11
India,Arunachal_Pradesh,Naharlagun,"Naharlagun, Naharlagun - APSPCB",19-08-2024 20:00:00,27.103358,93.679645,OZONE,3,3,3
India,Assam,Byrnihat,"Central Academy for SFS, Byrnihat - PCBA",19-08-2024 20:00:00,26.071318,91.87488,NO2,8,45,17
India,Assam,Byrnihat,"Central Academy for SFS, Byrnihat - PCBA",19-08-2024 20:00:00,26.071318,91.87488,SO2,9,50,28
India,Assam,Byrnihat,"Central Academy for SFS, Byrnihat - PCBA",19-08-2024 20:00:00,26.071318,91.87488,OZONE,23,136,27
India,Assam,Guwahati,"IITG, Guwahati - PCBA",19-08-2024 20:00:00,26.2028636,91.70046436,CO,4,5,5
India,Assam,Guwahati,"LGBI Airport, Guwahati - PCBA",19-08-2024 20:00:00,26.10887,91.589544,PM2.5,26,33,29
India,Assam,Guwahati,"Pan Bazaar, Guwahati - PCBA",19-08-2024 20:00:00,26.187500,91.744194,SO2,21,29,25
India,Assam,Guwahati,"Pan Bazaar, Guwahati - PCBA",19-08-2024 20:00:00,26.187500,91.744194,OZONE,17,17,17
India,Assam,Guwahati,"Railway Colony, Guwahati - PCBA",19-08-2024 20:00:00,26.181742,91.78063,PM10,10,70,34
India,Assam,Guwahati,"Railway Colony, Guwahati - PCBA",19-08-2024 20:00:00,26.181742,91.78063,SO2,4,4,4
India,Assam,Nalbari,"Bata Chowk, Nalbari - PCBA",19-08-2024 20:00:00,26.446912,91.439057,NO2,6,15,10
India,Assam,Silchar,"Tarapur, Silchar - PCBA",19-08-2024 20:00:00,24.82827,92.79525,PM2.5,23,46,34
India,Assam,Sivasagar,"Girls College, Sivasagar - PCBA",19-08-2024 20:00:00,26.987634,94.636574,CO,22,28,27
India,Bihar,Araria,"Kharahiya Basti, Araria - BSPCB",19-08-2024 20:00:00,26.146529,87.454184,NO2,NA,NA,NA
India,Bihar,Araria,"Kharahiya Basti, Araria - BSPCB",19-08-2024 20:00:00,26.146529,87.454184,SO2,9,17,14
India,Bihar,Araria,"Kharahiya Basti, Araria - BSPCB",19-08-2024 20:00:00,26.146529,87.454184,CO,4,32,15
India,Bihar,Araria,"Kharahiya Basti, Araria - BSPCB",19-08-2024 20:00:00,26.146529,87.454184,OZONE,4,33,27
India,Bihar,Arrah,"New DM Office, Arrah - BSPCB",19-08-2024 20:00:00,25.5626095,84.663264,CO,10,24,17
India,Bihar,Begusarai,"Lohiyanagar, Begusarai - BSPCB (Formerly known as DRCC Anandpur)",19-08-2024 20:00:00,25.42742023,86.13886079,SO2,7,36,29
India,Bihar,Bhagalpur,"Mayaganj, Bhagalpur - BSPCB",19-08-2024 20:00:00,25.265194,87.012947,PM10,11,59,32
India,Bihar,Bihar Sharif,"D M Colony, Bihar Sharif - BSPCB",19-08-2024 20:00:00,25.204762,85.514960,NH3,13,19,17
India,Bihar,Buxar,"Charitra Van, Buxar - BSPCB (Formerly known as Central Jail)",19-08-2024 20:00:00,25.567520,83.966379,SO2,1,9,5
India,Bihar,Chhapra,"Darshan Nagar, Chhapra - BSPCB",19-08-2024 20:00:00,25.7808257,84.7446768,PM2.5,10,157,45
India,Bihar,Chhapra,"Darshan Nagar, Chhapra - BSPCB",19-08-2024 20:00:00,25.7808257,84.7446768,SO2,1,8,3
India,Bihar,Gaya,"Collectorate, Gaya - BSPCB",19-08-2024 20:00:00,24.7955,84.9994,SO2,8,14,11
India,Bihar,Gaya,"SFTI Kusdihra, Gaya - BSPCB",19-08-2024 20:00:00,24.762518,84.982348,PM10,25,46,33
India,Bihar,Hajipur,"Industrial Area, Hajipur - BSPCB",19-08-2024 20:00:00,25.697189,85.245900,PM10,37,97,64
India,Bihar,Hajipur,"Industrial Area, Hajipur - BSPCB",19-08-2024 20:00:00,25.697189,85.245900,NH3,12,15,14
India,Bihar,Hajipur,"Industrial Area, Hajipur - BSPCB",19-08-2024 20:00:00,25.697189,85.245900,CO,18,26,18
India,Bihar,Katihar,"Mirchaibari, Katihar - BSPCB",19-08-2024 20:00:00,25.560083,87.553265,NH3,NA,NA,NA
India,Bihar,Kishanganj,"SDM Office_Khagra, Kishanganj - BSPCB",19-08-2024 20:00:00,26.0881305,87.93840336,PM2.5,NA,NA,NA
India,Bihar,Kishanganj,"SDM Office_Khagra, Kishanganj - BSPCB",19-08-2024 20:00:00,26.0881305,87.93840336,NO2,38,40,39
India,Bihar,Manguraha,"Forest Rest House, Manguraha - BSPCB",19-08-2024 20:00:00,27.308328,84.531742,SO2,NA,NA,NA
India,Bihar,Motihari,"Gandak Colony, Motihari - BSPCB",19-08-2024 20:00:00,26.63086,84.90051,CO,26,83,33
India,Bihar,Motihari,"Gandak Colony, Motihari - BSPCB",19-08-2024 20:00:00,26.63086,84.90051,OZONE,6,19,15
India,Bihar,Munger,"Town Hall, Munger - BSPCB",19-08-2024 20:00:00,25.376776,86.471523,SO2,NA,NA,NA
India,Bihar,Muzaffarpur,"Buddha Colony, Muzaffarpur - BSPCB",19-08-2024 20:00:00,26.11442,85.39813,PM2.5,24,61,38
India,Bihar,Muzaffarpur,"Buddha Colony, Muzaffarpur - BSPCB",19-08-2024 20:00:00,26.11442,85.39813,NH3,5,13,10
India,Bihar,Muzaffarpur,"Buddha Colony, Muzaffarpur - BSPCB",19-08-2024 20:00:00,26.11442,85.39813,SO2,3,5,4
India,Bihar,Muzaffarpur,"Muzaffarpur Collectorate, Muzaffarpur - BSPCB",19-08-2024 20:00:00,26.1209,85.3647,PM2.5,6,22,12
India,Bihar,Muzaffarpur,"Muzaffarpur Collectorate, Muzaffarpur - BSPCB",19-08-2024 20:00:00,26.1209,85.3647,CO,16,44,41
India,Bihar,Muzaffarpur,"Muzaffarpur Collectorate, Muzaffarpur - BSPCB",19-08-2024 20:00:00,26.1209,85.3647,OZONE,20,53,32
India,Bihar,Patna,"DRM Office Danapur, Patna - BSPCB",19-08-2024 20:00:00,25.586562,85.043586,CO,14,57,27
India,Bihar,Patna,"Govt. High School Shikarpur, Patna - BSPCB",19-08-2024 20:00:00,25.592539,85.227158,PM10,29,109,53
India,Bihar,Patna,"Govt. High School Shikarpur, Patna - BSPCB",19-08-2024 20:00:00,25.592539,85.227158,OZONE,34,39,36
India,Bihar,Patna,"Muradpur, Patna - BSPCB",19-08-2024 20:00:00,25.619651,85.147382,SO2,3,8,5
India,Bihar,Patna,"Muradpur, Patna - BSPCB",19-08-2024 20:00:00,25.619651,85.147382,OZONE,5,62,51
India,Bihar,Patna,"Rajbansi Nagar, Patna - BSPCB",19-08-2024 20:00:00,25.599486,85.113666,PM2.5,26,55,40
India,Bihar,Patna,"Samanpura, Patna - BSPCB",19-08-2024 20:00:00,25.596727,85.085624,PM10,36,243,82
India,Bihar,Purnia,"Mariam Nagar, Purnia - BSPCB",19-08-2024 20:00:00,25.366336,87.117468,PM10,NA,NA,NA
India,Bihar,Purnia,"Mariam Nagar, Purnia - BSPCB",19-08-2024 20:00:00,25.366336,87.117468,OZONE,2,25,10
India,Bihar,Saharsa,"Police Line, Saharsa - BSPCB",19-08-2024 20:00:00,25.892357,86.590325,NH3,9,9,9
India,Bihar,Saharsa,"Police Line, Saharsa - BSPCB",19-08-2024 20:00:00,25.892357,86.590325,OZONE,9,148,56
India,Bihar,Samastipur,"DM Office_Kasipur, Samastipur - BSPCB",19-08-2024 20:00:00,25.859655,85.77944,OZONE,7,23,15
India,Chandigarh,Chandigarh,"Sector 22, Chandigarh - CPCC",19-08-2024 20:00:00,30.735567,76.775714,PM10,17,118,57
India,Chandigarh,Chandigarh,"Sector 22, Chandigarh - CPCC",19-08-2024 20:00:00,30.735567,76.775714,NO2,9,31,19
India,Chandigarh,Chandigarh,"Sector 22, Chandigarh - CPCC",19-08-2024 20:00:00,30.735567,76.775714,SO2,5,11,7
India,Chandigarh,Chandigarh,"Sector-53, Chandigarh - CPCC",19-08-2024 20:00:00,30.719859,76.738637,NH3,2,6,4
India,Chhattisgarh,Bhilai,"32Bungalows, Bhilai - CECB",19-08-2024 20:00:00,21.194815,81.314770,NO2,5,8,7
India,Chhattisgarh,Bhilai,"Civic Center, Bhilai - Bhilai Steel Plant",19-08-2024 20:00:00,21.185571,81.343175,SO2,9,11,10
India,Chhattisgarh,Bhilai,"Civic Center, Bhilai - Bhilai Steel Plant",19-08-2024 20:00:00,21.185571,81.343175,OZONE,7,27,22
India,Chhattisgarh,Bhilai,"Hathkhoj, Bhilai - CECB",19-08-2024 20:00:00,21.224231,81.408350,OZONE,4,33,26
India,Chhattisgarh,Korba,"Rampur, Korba - CECB",19-08-2024 20:00:00,22.368195,82.746431,PM10,15,71,35
India,Chhattisgarh,Korba,"Rampur, Korba - CECB",19-08-2024 20:00:00,22.368195,82.746431,CO,22,30,28
India,Chhattisgarh,Korba,"Rampur, Korba - CECB",19-08-2024 20:00:00,22.368195,82.746431,OZONE,9,26,18
India,Chhattisgarh,Korba,"Urja Nagar, Korba - CECB",19-08-2024 20:00:00,22.348441,82.549611,PM2.5,7,8,7
India,Chhattisgarh,Korba,"Urja Nagar, Korba - CECB",19-08-2024 20:00:00,22.348441,82.549611,NH3,4,6,5
India,Chhattisgarh,Kunjemura,"OP Jindal School, Kunjemura - CECB",19-08-2024 20:00:00,22.126650,83.483212,PM2.5,3,52,14
India,Chhattisgarh,Kunjemura,"OP Jindal School, Kunjemura - CECB",19-08-2024 20:00:00,22.126650,83.483212,PM10,13,80,29
India,Chhattisgarh,Raipur,"AIIMS, Raipur - CECB",19-08-2024 20:00:00,21.258815,81.578979,SO2,2,4,3
India,Chhattisgarh,Raipur,"Bhatagaon New ISBT, Raipur - CECB",19-08-2024 20:00:00,21.219665,81.630094,PM2.5,NA,NA,NA
India,Chhattisgarh,Raipur,"Bhatagaon New ISBT, Raipur - CECB",19-08-2024 20:00:00,21.219665,81.630094,NO2,4,4,4
India,Chhattisgarh,Raipur,"Bhatagaon New ISBT, Raipur - CECB",19-08-2024 20:00:00,21.219665,81.630094,NH3,2,2,2
India,Chhattisgarh,Raipur,"Krishak Nagar, Raipur - CECB",19-08-2024 20:00:00,21.237755,81.705301,PM2.5,9,77,42
India,Chhattisgarh,Raipur,"Krishak Nagar, Raipur - CECB",19-08-2024 20:00:00,21.237755,81.705301,PM10,40,119,82
India,Chhattisgarh,Raipur,"Krishak Nagar, Raipur - CECB",19-08-2024 20:00:00,21.237755,81.705301,NO2,5,5,5
India,Chhattisgarh,Raipur,"Siltara Phase-II, Raipur - CECB",19-08-2024 20:00:00,21.371751,81.664929,OZONE,3,9,6
India,Delhi,Delhi,"Alipur, Delhi - DPCC",19-08-2024 20:00:00,28.815329,77.153010,NO2,7,27,13
India,Delhi,Delhi,"Anand Vihar, Delhi - DPCC",19-08-2024 20:00:00,28.647622,77.3158090,PM10,17,260,142
India,Delhi,Delhi,"Aya Nagar, Delhi - IMD",19-08-2024 20:00:00,28.4706914,77.1099364,PM2.5,6,82,36
India,Delhi,Delhi,"Aya Nagar, Delhi - IMD",19-08-2024 20:00:00,28.4706914,77.1099364,PM10,31,107,62
India,Delhi,Delhi,"Bawana, Delhi - DPCC",19-08-2024 20:00:00,28.776200,77.051074,PM10,37,110,71
India,Delhi,Delhi,"DTU, Delhi - CPCB",19-08-2024 20:00:00,28.7500499,77.1112615,NO2,52,57,55
India,Delhi,Delhi,"Dr. Karni Singh Shooting Range, Delhi - DPCC",19-08-2024 20:00:00,28.498571,77.264840,PM2.5,28,58,44
India,Delhi,Delhi,"Dr. Karni Singh Shooting Range, Delhi - DPCC",19-08-2024 20:00:00,28.498571,77.264840,PM10,48,98,78
India,Delhi,Delhi,"Dr. Karni Singh Shooting Range, Delhi - DPCC",19-08-2024 20:00:00,28.498571,77.264840,OZONE,12,75,51
India,Delhi,Delhi,"Dwarka-Sector 8, Delhi - DPCC ",19-08-2024 20:00:00,28.5710274,77.0719006,CO,28,117,35
India,Delhi,Delhi,"ITO, Delhi - CPCB",19-08-2024 20:00:00,28.628624,77.241060,OZONE,9,15,12
India,Delhi,Delhi,"Jahangirpuri, Delhi - DPCC",19-08-2024 20:00:00,28.732820,77.170633,PM2.5,20,230,77
India,Delhi,Delhi,"Jahangirpuri, Delhi - DPCC",19-08-2024 20:00:00,28.732820,77.170633,CO,36,106,57
India,Delhi,Delhi,"Jawaharlal Nehru Stadium, Delhi - DPCC",19-08-2024 20:00:00,28.580280,77.233829,PM2.5,12,47,27
India,Delhi,Delhi,"Jawaharlal Nehru Stadium, Delhi - DPCC",19-08-2024 20:00:00,28.580280,77.233829,SO2,2,11,7
India,Delhi,Delhi,"Lodhi Road, Delhi - IMD",19-08-2024 20:00:00,28.5918245,77.2273074,PM10,31,71,48
India,Delhi,Delhi,"Major Dhyan Chand National Stadium, Delhi - DPCC",19-08-2024 20:00:00,28.611281,77.237738,NH3,1,17,9
India,Delhi,Delhi,"Major Dhyan Chand National Stadium, Delhi - DPCC",19-08-2024 20:00:00,28.611281,77.237738,OZONE,1,54,31
India,Delhi,Delhi,"Mandir Marg, Delhi - DPCC",19-08-2024 20:00:00,28.636429,77.201067,PM2.5,NA,NA,NA
India,Delhi,Delhi,"Mandir Marg, Delhi - DPCC",19-08-2024 20:00:00,28.636429,77.201067,NO2,NA,NA,NA
India,Delhi,Delhi,"NSIT Dwarka, Delhi - CPCB",19-08-2024 20:00:00,28.60909,77.0325413,SO2,10,17,12
India,Delhi,Delhi,"Narela, Delhi - DPCC",19-08-2024 20:00:00,28.822836,77.101981,PM2.5,16,98,45
India,Delhi,Delhi,"Narela, Delhi - DPCC",19-08-2024 20:00:00,28.822836,77.101981,NH3,6,7,6
India,Delhi,Delhi,"Narela, Delhi - DPCC",19-08-2024 20:00:00,28.822836,77.101981,SO2,4,7,6
India,Delhi,Delhi,"Narela, Delhi - DPCC",19-08-2024 20:00:00,28.822836,77.101981,CO,24,50,30
India,Delhi,Delhi,"Nehru Nagar, Delhi - DPCC",19-08-2024 20:00:00,28.567890,77.250515,PM2.5,28,103,51
India,Delhi,Delhi,"Nehru Nagar, Delhi - DPCC",19-08-2024 20:00:00,28.567890,77.250515,SO2,4,17,10
India,Delhi,Delhi,"New Moti Bagh, Delhi - MHUA",19-08-2024 20:00:00,28.57834,77.18400,NO2,4,7,6
India,Delhi,Delhi,"New Moti Bagh, Delhi - MHUA",19-08-2024 20:00:00,28.57834,77.18400,CO,20,108,27
India,Delhi,Delhi,"North Campus, DU, Delhi - IMD",19-08-2024 20:00:00,28.6573814,77.1585447,OZONE,13,148,78
India,Delhi,Delhi,"Punjabi Bagh, Delhi - DPCC",19-08-2024 20:00:00,28.674045,77.131023,NO2,2,52,15
India,Delhi,Delhi,"Pusa, Delhi - DPCC",19-08-2024 20:00:00,28.639652,77.146275,NH3,1,7,4
India,Delhi,Delhi,"Pusa, Delhi - DPCC",19-08-2024 20:00:00,28.639652,77.146275,CO,30,103,46
India,Delhi,Delhi,"R K Puram, Delhi - DPCC",19-08-2024 20:00:00,28.563262,77.186937,CO,17,102,22
India,Delhi,Delhi,"R K Puram, Delhi - DPCC",19-08-2024 20:00:00,28.563262,77.186937,OZONE,16,32,27
India,Delhi,Delhi,"Rohini, Delhi - DPCC",19-08-2024 20:00:00,28.732528,77.119920,PM10,32,422,114
India,Delhi,Delhi,"Rohini, Delhi - DPCC",19-08-2024 20:00:00,28.732528,77.119920,NH3,9,16,12
India,Delhi,Delhi,"Sirifort, Delhi - CPCB",19-08-2024 20:00:00,28.5504249,77.2159377,NO2,4,71,47
India,Delhi,Delhi,"Sonia Vihar, Delhi - DPCC",19-08-2024 20:00:00,28.710508,77.249485,NH3,8,11,10
India,Delhi,Delhi,"Sonia Vihar, Delhi - DPCC",19-08-2024 20:00:00,28.710508,77.249485,OZONE,13,30,20
India,Delhi,Delhi,"Sri Aurobindo Marg, Delhi - DPCC",19-08-2024 20:00:00,28.531346,77.190156,NH3,5,9,7
India,Delhi,Delhi,"Vivek Vihar, Delhi - DPCC",19-08-2024 20:00:00,28.672342,77.315260,PM2.5,5,107,43
India,Delhi,Delhi,"Wazirpur, Delhi - DPCC",19-08-2024 20:00:00,28.699793,77.165453,PM2.5,20,85,58
India,Gujarat,Ahmedabad,"Gyaspur, Ahmedabad - IITM",19-08-2024 20:00:00,22.977134,72.553024,NH3,NA,NA,NA
India,Gujarat,Ahmedabad,"Maninagar, Ahmedabad - GPCB",19-08-2024 20:00:00,23.002657,72.591912,PM10,51,130,90
India,Gujarat,Ahmedabad,"Raikhad, Ahmedabad - IITM",19-08-2024 20:00:00,23.020509,72.579261,NH3,3,6,5
India,Gujarat,Ahmedabad,"Rakhial, Ahmedabad - IITM",19-08-2024 20:00:00,23.016834,72.625775,PM2.5,44,74,56
India,Gujarat,Ahmedabad,"Rakhial, Ahmedabad - IITM",19-08-2024 20:00:00,23.016834,72.625775,NH3,2,3,2
India,Gujarat,Ahmedabad,"Rakhial, Ahmedabad - IITM",19-08-2024 20:00:00,23.016834,72.625775,CO,12,22,15
India,Gujarat,Ahmedabad,"SAC ISRO Satellite, Ahmedabad - IITM",19-08-2024 20:00:00,23.023389,72.515201,SO2,3,5,4
India,Gujarat,Ahmedabad,"Sardar Vallabhbhai Patel Stadium, Ahmedabad - IITM",19-08-2024 20:00:00,23.043070,72.562968,PM2.5,36,312,63
India,Gujarat,Ahmedabad,"Sardar Vallabhbhai Patel Stadium, Ahmedabad - IITM",19-08-2024 20:00:00,23.043070,72.562968,PM10,43,237,70
India,Gujarat,Ahmedabad,"Sardar Vallabhbhai Patel Stadium, Ahmedabad - IITM",19-08-2024 20:00:00,23.043070,72.562968,CO,10,44,17
India,Gujarat,Ankleshwar,"GIDC, Ankleshwar - GPCB",19-08-2024 20:00:00,21.613267,73.010555,OZONE,21,31,28
India,Gujarat,Gandhinagar,"GIFT City, Gandhinagar - IITM",19-08-2024 20:00:00,23.163798,72.677768,NH3,NA,NA,NA
India,Haryana,Ambala,"Patti Mehar, Ambala - HSPCB",19-08-2024 20:00:00,30.379589,76.778328,CO,30,62,42
India,Haryana,Bahadurgarh,"Arya Nagar, Bahadurgarh - HSPCB",19-08-2024 20:00:00,28.6701,76.9254,NH3,NA,NA,NA
India,Haryana,Charkhi Dadri,"Mini Secretariat, Charkhi Dadri - HSPCB",19-08-2024 20:00:00,28.593883,76.270653,PM10,38,114,66
India,Haryana,Charkhi Dadri,"Mini Secretariat, Charkhi Dadri - HSPCB",19-08-2024 20:00:00,28.593883,76.270653,NH3,6,8,7
India,Haryana,Charkhi Dadri,"Mini Secretariat, Charkhi Dadri - HSPCB",19-08-2024 20:00:00,28.593883,76.270653,OZONE,12,17,15
India,Haryana,Dharuhera,"Municipal Corporation Office, Dharuhera -  HSPCB",19-08-2024 20:00:00,28.206800,76.799700,PM10,49,91,68
India,Haryana,Faridabad,"Sector 11, Faridabad - HSPCB",19-08-2024 20:00:00,28.376058,77.315741,PM10,62,69,65
India,Haryana,Faridabad,"Sector 11, Faridabad - HSPCB",19-08-2024 20:00:00,28.376058,77.315741,NH3,6,7,6
India,Haryana,Faridabad,"Sector 11, Faridabad - HSPCB",19-08-2024 20:00:00,28.376058,77.315741,CO,30,46,33
India,Haryana,Faridabad,"Sector 11, Faridabad - HSPCB",19-08-2024 20:00:00,28.376058,77.315741,OZONE,5,36,15
India,Haryana,Faridabad,"Sector 30, Faridabad - HSPCB",19-08-2024 20:00:00,28.4417,77.3217,PM10,NA,NA,NA
India,Haryana,Faridabad,"Sector 30, Faridabad - HSPCB",19-08-2024 20:00:00,28.4417,77.3217,NO2,NA,NA,NA
India,Haryana,Fatehabad,"Huda Sector, Fatehabad - HSPCB",19-08-2024 20:00:00,29.503664,75.467934,NH3,13,13,13
India,Haryana,Gurugram,"Teri Gram, Gurugram - HSPCB",19-08-2024 20:00:00,28.4275,77.1465,PM2.5,15,389,149
India,Haryana,Gurugram,"Teri Gram, Gurugram - HSPCB",19-08-2024 20:00:00,28.4275,77.1465,NH3,6,14,11
India,Haryana,Hisar,"Urban Estate-II, Hisar - HSPCB",19-08-2024 20:00:00,29.140560,75.744941,PM10,NA,NA,NA
India,Haryana,Hisar,"Urban Estate-II, Hisar - HSPCB",19-08-2024 20:00:00,29.140560,75.744941,NO2,NA,NA,NA
India,Haryana,Hisar,"Urban Estate-II, Hisar - HSPCB",19-08-2024 20:00:00,29.140560,75.744941,OZONE,11,18,16
India,Haryana,Jind,"Police Lines, Jind - HSPCB",19-08-2024 20:00:00,29.307814,76.337619,NH3,2,6,4
India,Haryana,Karnal,"Sector-12, Karnal - HSPCB",19-08-2024 20:00:00,29.695300,77.002700,NH3,10,13,11
India,Haryana,Kurukshetra,"Sector-7, Kurukshetra - HSPCB",19-08-2024 20:00:00,29.966942,76.875879,CO,14,22,15
India,Haryana,Mandikhera,"General Hospital, Mandikhera - HSPCB",19-08-2024 20:00:00,27.9002,76.9938,PM2.5,7,10,8
India,Haryana,Mandikhera,"General Hospital, Mandikhera - HSPCB",19-08-2024 20:00:00,27.9002,76.9938,PM10,12,16,14
India,Haryana,Mandikhera,"General Hospital, Mandikhera - HSPCB",19-08-2024 20:00:00,27.9002,76.9938,NH3,17,19,18
India,Haryana,Mandikhera,"General Hospital, Mandikhera - HSPCB",19-08-2024 20:00:00,27.9002,76.9938,OZONE,21,33,27
India,Haryana,Manesar,"Sector-2 IMT, Manesar - HSPCB",19-08-2024 20:00:00,28.360699,76.936090,NO2,17,21,20
India,Haryana,Narnaul,"Shastri Nagar, Narnaul - HSPCB",19-08-2024 20:00:00,28.060249,76.113115,PM10,30,49,41
India,Haryana,Narnaul,"Shastri Nagar, Narnaul - HSPCB",19-08-2024 20:00:00,28.060249,76.113115,CO,7,23,7
India,Haryana,Rohtak,"MD University, Rohtak - HSPCB",19-08-2024 20:00:00,28.52123,76.37138,PM2.5,12,49,27
India,Haryana,Rohtak,"MD University, Rohtak - HSPCB",19-08-2024 20:00:00,28.52123,76.37138,NO2,31,40,36
India,Haryana,Rohtak,"MD University, Rohtak - HSPCB",19-08-2024 20:00:00,28.52123,76.37138,SO2,1,13,5
India,Haryana,Sirsa,"F-Block, Sirsa - HSPCB",19-08-2024 20:00:00,29.536400,75.015800,PM10,18,71,34
India,Haryana,Sirsa,"F-Block, Sirsa - HSPCB",19-08-2024 20:00:00,29.536400,75.015800,CO,34,43,35
India,Haryana,Sirsa,"F-Block, Sirsa - HSPCB",19-08-2024 20:00:00,29.536400,75.015800,OZONE,9,31,19
India,Haryana,Sonipat,"Murthal, Sonipat - HSPCB",19-08-2024 20:00:00,29.027200,77.062100,NO2,37,44,40
India,Himachal Pradesh,Baddi,"HIMUDA Complex Phase-1, Baddi - HPPCB",19-08-2024 20:00:00,30.943887,76.801991,CO,14,40,18
India,Jammu_and_Kashmir,Srinagar,"Rajbagh, Srinagar - JKSPCB",19-08-2024 20:00:00,34.066206,74.819820,PM10,43,95,68
India,Jammu_and_Kashmir,Srinagar,"Rajbagh, Srinagar - JKSPCB",19-08-2024 20:00:00,34.066206,74.819820,CO,12,20,16
India,Jharkhand,Pathardih,"Mohalbani Ghat, Pathardih - DMC",19-08-2024 20:00:00,23.669880,86.411725,PM2.5,NA,NA,NA
India,Jharkhand,Pathardih,"Mohalbani Ghat, Pathardih - DMC",19-08-2024 20:00:00,23.669880,86.411725,NO2,NA,NA,NA
India,Jharkhand,Pathardih,"Mohalbani Ghat, Pathardih - DMC",19-08-2024 20:00:00,23.669880,86.411725,OZONE,NA,NA,NA
India,Karnataka,Bagalkot,"Vidayagiri, Bagalkot - KSPCB",19-08-2024 20:00:00,16.172806,75.659694,PM10,46,54,50
India,Karnataka,Bagalkot,"Vidayagiri, Bagalkot - KSPCB",19-08-2024 20:00:00,16.172806,75.659694,OZONE,13,14,14
India,Karnataka,Belgaum,"Ramteerth Nagar, Belgaum - KSPCB",19-08-2024 20:00:00,15.888653,74.541751,NH3,7,16,12
India,Karnataka,Belgaum,"Ramteerth Nagar, Belgaum - KSPCB",19-08-2024 20:00:00,15.888653,74.541751,CO,53,72,58
India,Karnataka,Bengaluru,"BTM Layout, Bengaluru - CPCB",19-08-2024 20:00:00,12.9135218,77.5950804,SO2,NA,NA,NA
India,Karnataka,Bengaluru,"BTM Layout, Bengaluru - CPCB",19-08-2024 20:00:00,12.9135218,77.5950804,OZONE,20,29,27
India,Karnataka,Bengaluru,"Bapuji Nagar, Bengaluru - KSPCB",19-08-2024 20:00:00,12.951913,77.539784,PM10,NA,NA,NA
India,Karnataka,Bengaluru,"Bapuji Nagar, Bengaluru - KSPCB",19-08-2024 20:00:00,12.951913,77.539784,NH3,1,1,1
India,Karnataka,Bengaluru,"City Railway Station, Bengaluru - KSPCB",19-08-2024 20:00:00,12.9756843,77.5660749,NO2,25,28,26
India,Karnataka,Bengaluru,"City Railway Station, Bengaluru - KSPCB",19-08-2024 20:00:00,12.9756843,77.5660749,CO,52,96,73
India,Karnataka,Bengaluru,"Hebbal, Bengaluru - KSPCB",19-08-2024 20:00:00,13.029152,77.585901,PM10,22,81,53
India,Karnataka,Bengaluru,"Hebbal, Bengaluru - KSPCB",19-08-2024 20:00:00,13.029152,77.585901,NO2,5,9,7
India,Karnataka,Bengaluru,"Hombegowda Nagar, Bengaluru - KSPCB",19-08-2024 20:00:00,12.938539,77.590100,SO2,9,16,12
India,Karnataka,Bengaluru,"Jayanagar 5th Block, Bengaluru - KSPCB",19-08-2024 20:00:00,12.920984,77.584908,SO2,9,33,16
India,Karnataka,Bengaluru,"Jigani, Bengaluru - KSPCB",19-08-2024 20:00:00,12.7816279,77.6299145,PM2.5,13,240,82
India,Karnataka,Bengaluru,"Kasturi Nagar, Bengaluru - KSPCB",19-08-2024 20:00:00,13.003872,77.664217,PM2.5,41,43,42
India,Karnataka,Bengaluru,"Kasturi Nagar, Bengaluru - KSPCB",19-08-2024 20:00:00,13.003872,77.664217,OZONE,39,41,40
India,Karnataka,Bengaluru,"Peenya, Bengaluru - CPCB",19-08-2024 20:00:00,13.0270199,77.494094,NO2,31,42,35
India,Karnataka,Bengaluru,"Peenya, Bengaluru - CPCB",19-08-2024 20:00:00,13.0270199,77.494094,SO2,4,10,7
India,Karnataka,Bengaluru,"Shivapura_Peenya, Bengaluru - KSPCB",19-08-2024 20:00:00,13.0246342,77.5080115,PM2.5,32,82,49
India,Karnataka,Bengaluru,"Silk Board, Bengaluru - KSPCB",19-08-2024 20:00:00,12.917348,77.622813,NO2,17,50,29
India,Karnataka,Chamarajanagar,"Urban, Chamarajanagar - KSPCB",19-08-2024 20:00:00,11.55358,76.55521,PM10,NA,NA,NA
India,Karnataka,Chamarajanagar,"Urban, Chamarajanagar - KSPCB",19-08-2024 20:00:00,11.55358,76.55521,CO,17,121,21
India,Karnataka,Chikkaballapur,"Chikkaballapur Rural, Chikkaballapur - KSPCB",19-08-2024 20:00:00,13.428828,77.731418,SO2,9,14,12
India,Karnataka,Chikkamagaluru,"Kalyana Nagara, Chikkamagaluru - KSPCB",19-08-2024 20:00:00,13.328028,75.797056,CO,11,101,29
India,Karnataka,Davanagere,"Devaraj Urs Badavane, Davanagere - KSPCB",19-08-2024 20:00:00,14.475800,75.905200,PM2.5,NA,NA,NA
India,Karnataka,Davanagere,"Devaraj Urs Badavane, Davanagere - KSPCB",19-08-2024 20:00:00,14.475800,75.905200,NO2,NA,NA,NA
India,Karnataka,Davanagere,"Devaraj Urs Badavane, Davanagere - KSPCB",19-08-2024 20:00:00,14.475800,75.905200,NH3,NA,NA,NA
India,Karnataka,Hassan,"B.Katihalli, Hassan - KSPCB",19-08-2024 20:00:00,13.008556,76.125258,PM2.5,3,26,14
India,Karnataka,Hassan,"B.Katihalli, Hassan - KSPCB",19-08-2024 20:00:00,13.008556,76.125258,SO2,6,43,17
India,Karnataka,Hassan,"B.Katihalli, Hassan - KSPCB",19-08-2024 20:00:00,13.008556,76.125258,OZONE,14,32,23
India,Karnataka,Haveri,"Ashwini Nagar, Haveri - KSPCB",19-08-2024 20:00:00,14.791800,75.389600,PM10,NA,NA,NA
India,Karnataka,Haveri,"Ashwini Nagar, Haveri - KSPCB",19-08-2024 20:00:00,14.791800,75.389600,NO2,NA,NA,NA
India,Karnataka,Haveri,"Ashwini Nagar, Haveri - KSPCB",19-08-2024 20:00:00,14.791800,75.389600,SO2,NA,NA,NA
India,Karnataka,Haveri,"Ashwini Nagar, Haveri - KSPCB",19-08-2024 20:00:00,14.791800,75.389600,OZONE,NA,NA,NA
India,Karnataka,Hubballi,"Lingaraj Nagar, Hubballi - KSPCB",19-08-2024 20:00:00,15.3714823,75.1160168,PM10,35,63,46
India,Karnataka,Kalaburagi,"Lal Bahadur Shastri Nagar, Kalaburagi - KSPCB",19-08-2024 20:00:00,17.321993,76.822628,CO,60,64,62
India,Karnataka,Karwar,"KHB Colony, Karwar - KSPCB",19-08-2024 20:00:00,14.816666,74.141003,SO2,NA,NA,NA
India,Karnataka,Kolar,"Tamaka Ind. Area, Kolar - KSPCB",19-08-2024 20:00:00,13.1276288,78.1570122,NO2,6,9,7
India,Karnataka,Mangalore,"Kadri, Mangalore - KSPCB",19-08-2024 20:00:00,12.889250,74.853000,CO,5,11,9
India,Karnataka,Mysuru,"Hebbal 1st Stage, Mysuru - KSPCB",19-08-2024 20:00:00,12.21041,76.37376,CO,1,28,14
India,Karnataka,Ramanagara,"Vijay Nagar, Ramanagara - KSPCB",19-08-2024 20:00:00,12.733409,77.298051,PM2.5,9,38,18
India,Karnataka,Shivamogga,"Vinoba Nagara, Shivamogga - KSPCB",19-08-2024 20:00:00,13.940000,75.555917,NH3,1,4,2
India,Karnataka,Tumakuru,"Thimmalapura, Tumakuru - KSPCB",19-08-2024 20:00:00,13.377516,77.099072,OZONE,5,16,12
India,Karnataka,Udupi,"Brahmagiri, Udupi - KSPCB",19-08-2024 20:00:00,13.34194444,74.74694444,PM10,1,34,13
India,Karnataka,Udupi,"Brahmagiri, Udupi - KSPCB",19-08-2024 20:00:00,13.34194444,74.74694444,SO2,12,17,14
India,Karnataka,Udupi,"Brahmagiri, Udupi - KSPCB",19-08-2024 20:00:00,13.34194444,74.74694444,OZONE,22,24,23
India,Karnataka,Vijayapura,"Ibrahimpur, Vijayapura - KSPCB",19-08-2024 20:00:00,16.802639,75.722694,NO2,17,19,19
India,Karnataka,Vijayapura,"Ibrahimpur, Vijayapura - KSPCB",19-08-2024 20:00:00,16.802639,75.722694,OZONE,13,16,15
India,Karnataka,Yadgir,"Collector Office, Yadgir - KSPCB",19-08-2024 20:00:00,16.7602,77.1428,PM2.5,32,65,45
India,Karnataka,Yadgir,"Collector Office, Yadgir - KSPCB",19-08-2024 20:00:00,16.7602,77.1428,CO,14,35,28
India,Kerala,Eloor,"Udyogamandal, Eloor - Kerala PCB",19-08-2024 20:00:00,10.073232,76.302765,PM10,41,46,43
India,Kerala,Kollam,"Polayathode, Kollam - Kerala PCB",19-08-2024 20:00:00,8.8787,76.6073,PM2.5,10,59,26
India,Kerala,Kollam,"Polayathode, Kollam - Kerala PCB",19-08-2024 20:00:00,8.8787,76.6073,PM10,28,58,38
India,Kerala,Thiruvananthapuram,"Kariavattom, Thiruvananthapuram - Kerala PCB",19-08-2024 20:00:00,8.563700,76.886500,PM2.5,46,51,48
India,Kerala,Thiruvananthapuram,"Kariavattom, Thiruvananthapuram - Kerala PCB",19-08-2024 20:00:00,8.563700,76.886500,CO,18,44,30
India,Kerala,Thrissur,"Corporation Ground, Thrissur - Kerala PCB",19-08-2024 20:00:00,10.532400,76.215900,NO2,7,9,8
India,Kerala,Thrissur,"Corporation Ground, Thrissur - Kerala PCB",19-08-2024 20:00:00,10.532400,76.215900,SO2,1,3,2
India,Madhya Pradesh,Bhopal,"Paryavaran Parisar, Bhopal - MPPCB",19-08-2024 20:00:00,23.210494,77.425409,NH3,3,4,3
India,Madhya Pradesh,Dewas,"Bhopal Chauraha, Dewas - MPPCB",19-08-2024 20:00:00,22.9682591,76.064118,PM10,NA,NA,NA
India,Madhya Pradesh,Dewas,"Bhopal Chauraha, Dewas - MPPCB",19-08-2024 20:00:00,22.9682591,76.064118,NH3,NA,NA,NA
India,Madhya Pradesh,Gwalior,"Deen Dayal Nagar, Gwalior - MPPCB",19-08-2024 20:00:00,26.259242,78.216432,NO2,2,26,8
India,Madhya Pradesh,Gwalior,"Maharaj Bada, Gwalior - MPPCB",19-08-2024 20:00:00,26.200388,78.147714,OZONE,27,43,38
India,Madhya Pradesh,Gwalior,"Phool Bagh, Gwalior - Mondelez Ind. Food",19-08-2024 20:00:00,26.210536,78.171,CO,52,73,63
India,Madhya Pradesh,Indore,"Residency Area, Indore - IMC",19-08-2024 20:00:00,22.7084,75.8815,PM2.5,24,42,32
India,Madhya Pradesh,Indore,"Residency Area, Indore - IMC",19-08-2024 20:00:00,22.7084,75.8815,SO2,23,26,25
India,Madhya Pradesh,Indore,"Residency Area, Indore - IMC",19-08-2024 20:00:00,22.7084,75.8815,CO,9,12,9
India,Madhya Pradesh,Indore,"Residency Area, Indore - IMC",19-08-2024 20:00:00,22.7084,75.8815,OZONE,10,12,12
India,Madhya Pradesh,Jabalpur,"Gupteshwar, Jabalpur - JMC",19-08-2024 20:00:00,23.142888,79.916147,NO2,6,41,14
India,Madhya Pradesh,Jabalpur,"Marhatal, Jabalpur - MPPCB",19-08-2024 20:00:00,23.168606,79.932247,PM2.5,12,32,20
India,Madhya Pradesh,Jabalpur,"Marhatal, Jabalpur - MPPCB",19-08-2024 20:00:00,23.168606,79.932247,NO2,10,47,21
India,Madhya Pradesh,Jabalpur,"Marhatal, Jabalpur - MPPCB",19-08-2024 20:00:00,23.168606,79.932247,OZONE,23,44,37
India,Madhya Pradesh,Jabalpur,"Suhagi, Jabalpur - JMC",19-08-2024 20:00:00,23.218135,79.957770,NH3,3,5,5
India,Madhya Pradesh,Katni,"Gole Bazar, Katni - MPPCB",19-08-2024 20:00:00,23.50016,80.23284,PM10,18,78,51
India,Madhya Pradesh,Katni,"Gole Bazar, Katni - MPPCB",19-08-2024 20:00:00,23.50016,80.23284,NH3,2,2,2
India,Madhya Pradesh,Maihar,"Sahilara, Maihar - KJS Cements",19-08-2024 20:00:00,24.2613009,80.7231783,NO2,10,13,11
India,Madhya Pradesh,Mandideep,"Sector-D Industrial Area, Mandideep - MPPCB",19-08-2024 20:00:00,23.108440,77.511428,PM2.5,26,100,47
India,Madhya Pradesh,Mandideep,"Sector-D Industrial Area, Mandideep - MPPCB",19-08-2024 20:00:00,23.108440,77.511428,SO2,4,101,14
India,Madhya Pradesh,Pithampur,"Sector-2 Industrial Area, Pithampur - MPPCB",19-08-2024 20:00:00,22.624758,75.675238,OZONE,23,55,46
India,Madhya Pradesh,Ratlam,"Shasthri Nagar, Ratlam - IPCA Lab",19-08-2024 20:00:00,23.331731,75.045981,PM10,61,83,70
India,Madhya Pradesh,Ratlam,"Shasthri Nagar, Ratlam - IPCA Lab",19-08-2024 20:00:00,23.331731,75.045981,NO2,8,8,8
India,Madhya Pradesh,Sagar,"Civil Lines, Sagar - MPPCB",19-08-2024 20:00:00,23.838586,78.759431,NO2,NA,NA,NA
India,Madhya Pradesh,Sagar,"Civil Lines, Sagar - MPPCB",19-08-2024 20:00:00,23.838586,78.759431,NH3,4,5,4
India,Madhya Pradesh,Sagar,"Civil Lines, Sagar - MPPCB",19-08-2024 20:00:00,23.838586,78.759431,CO,NA,NA,NA
India,Madhya Pradesh,Satna,"Bandhavgar Colony, Satna - Birla Cement",19-08-2024 20:00:00,24.58434363,80.8549414,OZONE,8,21,15
India,Madhya Pradesh,Ujjain,"Mahakaleshwar Temple, Ujjain - MPPCB",19-08-2024 20:00:00,23.182719 ,75.768218 ,PM10,67,98,85
India,Madhya Pradesh,Ujjain,"Mahakaleshwar Temple, Ujjain - MPPCB",19-08-2024 20:00:00,23.182719 ,75.768218 ,OZONE,60,64,63
India,Maharashtra,Ahmednagar,"Tarakpur, Ahmednagar - MPCB",19-08-2024 20:00:00,19.10122,74.73339,PM2.5,7,32,19
India,Maharashtra,Ahmednagar,"Tarakpur, Ahmednagar - MPCB",19-08-2024 20:00:00,19.10122,74.73339,CO,10,90,38
India,Maharashtra,Akola,"Ramdaspeth, Akola - MPCB",19-08-2024 20:00:00,20.719516,77.000253,PM2.5,29,74,43
India,Maharashtra,Akola,"Ramdaspeth, Akola - MPCB",19-08-2024 20:00:00,20.719516,77.000253,PM10,39,99,69
India,Maharashtra,Akola,"Ramdaspeth, Akola - MPCB",19-08-2024 20:00:00,20.719516,77.000253,NO2,4,14,8
India,Maharashtra,Amravati,"Shivneri Colony, Amravati - MPCB",19-08-2024 20:00:00,20.9402359,77.7895248,PM10,28,88,56
India,Maharashtra,Amravati,"Shivneri Colony, Amravati - MPCB",19-08-2024 20:00:00,20.9402359,77.7895248,NH3,1,3,2
India,Maharashtra,Amravati,"Shri Shivaji Science College, Amaravati - MPCB",19-08-2024 20:00:00,20.939198,77.765701,PM2.5,18,54,33
India,Maharashtra,Amravati,"Shri Shivaji Science College, Amaravati - MPCB",19-08-2024 20:00:00,20.939198,77.765701,PM10,25,79,45
India,Maharashtra,Aurangabad,"MIDC Chilkalthana, Aurangabad - MPCB",19-08-2024 20:00:00,19.875620,75.387310,PM10,29,64,42
India,Maharashtra,Aurangabad,"MIDC Chilkalthana, Aurangabad - MPCB",19-08-2024 20:00:00,19.875620,75.387310,NO2,NA,NA,NA
India,Maharashtra,Aurangabad,"MIDC Chilkalthana, Aurangabad - MPCB",19-08-2024 20:00:00,19.875620,75.387310,CO,7,32,18
India,Maharashtra,Aurangabad,"MIDC Chilkalthana, Aurangabad - MPCB",19-08-2024 20:00:00,19.875620,75.387310,OZONE,14,90,56
India,Maharashtra,Aurangabad,"More Chowk Waluj, Aurangabad - MPCB",19-08-2024 20:00:00,19.8389439,75.244448,PM10,31,80,51
India,Maharashtra,Aurangabad,"More Chowk Waluj, Aurangabad - MPCB",19-08-2024 20:00:00,19.8389439,75.244448,NH3,5,5,5
India,Maharashtra,Aurangabad,"More Chowk Waluj, Aurangabad - MPCB",19-08-2024 20:00:00,19.8389439,75.244448,OZONE,4,32,19
India,Maharashtra,Badlapur,"Katrap, Badlapur - MPCB",19-08-2024 20:00:00,19.16485,73.23409,PM2.5,40,63,51
India,Maharashtra,Belapur,"CBD Belapur, Belapur - MPCB",19-08-2024 20:00:00,19.0243902,73.0406721,PM2.5,38,83,55
India,Maharashtra,Belapur,"CBD Belapur, Belapur - MPCB",19-08-2024 20:00:00,19.0243902,73.0406721,NO2,26,277,77
India,Maharashtra,Bhiwandi,"Gokul Nagar, Bhiwandi - MPCB",19-08-2024 20:00:00,19.309073,73.057223,PM10,41,106,68
India,Maharashtra,Bhiwandi,"Gokul Nagar, Bhiwandi - MPCB",19-08-2024 20:00:00,19.309073,73.057223,NH3,2,3,2
India,Maharashtra,Chandrapur,"MIDC Khutala, Chandrapur - MPCB",19-08-2024 20:00:00,19.9775302,79.2337086,NO2,NA,NA,NA
India,Maharashtra,Jalgaon,"Prabhat Colony, Jalgaon - MPCB",19-08-2024 20:00:00,21.001264,75.565602,NH3,2,10,8
India,Maharashtra,Jalgaon,"Prabhat Colony, Jalgaon - MPCB",19-08-2024 20:00:00,21.001264,75.565602,CO,12,67,46
India,Maharashtra,Jalna,"Old MIDC, Jalna - MPCB",19-08-2024 20:00:00,19.854616,75.905894,SO2,6,7,6
India,Maharashtra,Kalyan,"Khadakpada, Kalyan - MPCB",19-08-2024 20:00:00,19.25292,73.142019,PM2.5,8,31,17
India,Maharashtra,Kalyan,"Khadakpada, Kalyan - MPCB",19-08-2024 20:00:00,19.25292,73.142019,NO2,10,15,12
India,Maharashtra,Kalyan,"Khadakpada, Kalyan - MPCB",19-08-2024 20:00:00,19.25292,73.142019,SO2,8,12,10
India,Maharashtra,Kolhapur,"Shivaji University, Kolhapur - MPCB",19-08-2024 20:00:00,16.6870449,74.2505872,OZONE,2,41,32
India,Maharashtra,Mahad,"Kamble Tarf Birwadi, Mahad - MPCB",19-08-2024 20:00:00,18.1023399,73.4783687,PM10,21,153,98
India,Maharashtra,Mahad,"Kamble Tarf Birwadi, Mahad - MPCB",19-08-2024 20:00:00,18.1023399,73.4783687,NO2,5,27,14
India,Maharashtra,Mahad,"Kamble Tarf Birwadi, Mahad - MPCB",19-08-2024 20:00:00,18.1023399,73.4783687,NH3,4,22,6
India,Maharashtra,Malegaon,"Mahesh Nagar, Malegaon - MPCB",19-08-2024 20:00:00,20.555712,74.529236,NO2,6,40,20
India,Maharashtra,Malegaon,"Mahesh Nagar, Malegaon - MPCB",19-08-2024 20:00:00,20.555712,74.529236,SO2,1,2,1
India,Maharashtra,Malegaon,"Mahesh Nagar, Malegaon - MPCB",19-08-2024 20:00:00,20.555712,74.529236,CO,12,33,22
India,Maharashtra,Mira-Bhayandar,"Bhayandar West, Mira-Bhayandar - MPCB",19-08-2024 20:00:00,19.296481,72.840923,SO2,1,2,2
India,Maharashtra,Mumbai,"Bandra Kurla Complex, Mumbai - MPCB",19-08-2024 20:00:00,19.065931,72.862131,PM10,49,86,70
India,Maharashtra,Mumbai,"Bandra Kurla Complex, Mumbai - MPCB",19-08-2024 20:00:00,19.065931,72.862131,SO2,1,4,3
India,Maharashtra,Mumbai,"Borivali East, Mumbai - IITM",19-08-2024 20:00:00,19.23241,72.86895,PM2.5,NA,NA,NA
India,Maharashtra,Mumbai,"Byculla, Mumbai - BMC",19-08-2024 20:00:00,18.9767,72.8380,NH3,3,3,3
India,Maharashtra,Mumbai,"Byculla, Mumbai - BMC",19-08-2024 20:00:00,18.9767,72.8380,SO2,1,4,3
India,Maharashtra,Mumbai,"Chembur, Mumbai - MPCB",19-08-2024 20:00:00,19.0364585,72.8954371,NO2,NA,NA,NA
India,Maharashtra,Mumbai,"Chhatrapati Shivaji Intl. Airport (T2), Mumbai - MPCB",19-08-2024 20:00:00,19.10078,72.87462,NH3,1,1,1
India,Maharashtra,Mumbai,"Colaba, Mumbai - MPCB",19-08-2024 20:00:00,18.910000,72.820000,SO2,7,8,8
India,Maharashtra,Mumbai,"Deonar, Mumbai - IITM",19-08-2024 20:00:00,19.04946,72.9230,NO2,18,30,24
India,Maharashtra,Mumbai,"Ghatkopar, Mumbai - BMC",19-08-2024 20:00:00,19.083694,72.920967,NO2,1,15,8
India,Maharashtra,Mumbai,"Kandivali West, Mumbai - BMC",19-08-2024 20:00:00,19.215859,72.831718,NH3,2,3,3
India,Maharashtra,Mumbai,"Kandivali West, Mumbai - BMC",19-08-2024 20:00:00,19.215859,72.831718,CO,10,22,16
India,Maharashtra,Mumbai,"Kandivali West, Mumbai - BMC",19-08-2024 20:00:00,19.215859,72.831718,OZONE,3,53,36
India,Maharashtra,Mumbai,"Kurla, Mumbai - MPCB",19-08-2024 20:00:00,19.0863,72.8888,PM2.5,5,52,26
India,Maharashtra,Mumbai,"Kurla, Mumbai - MPCB",19-08-2024 20:00:00,19.0863,72.8888,NH3,1,2,2
India,Maharashtra,Mumbai,"Kurla, Mumbai - MPCB",19-08-2024 20:00:00,19.0863,72.8888,CO,2,13,7
India,Maharashtra,Mumbai,"Mulund West, Mumbai - MPCB",19-08-2024 20:00:00,19.1750,72.9419,PM2.5,6,37,17
India,Maharashtra,Mumbai,"Mulund West, Mumbai - MPCB",19-08-2024 20:00:00,19.1750,72.9419,NH3,5,5,5
India,Maharashtra,Mumbai,"Mulund West, Mumbai - MPCB",19-08-2024 20:00:00,19.1750,72.9419,SO2,17,18,17
India,Maharashtra,Mumbai,"Mulund West, Mumbai - MPCB",19-08-2024 20:00:00,19.1750,72.9419,OZONE,7,8,7
India,Maharashtra,Mumbai,"Navy Nagar-Colaba, Mumbai - IITM",19-08-2024 20:00:00,18.897756,72.813320,PM2.5,13,31,21
India,Maharashtra,Mumbai,"Navy Nagar-Colaba, Mumbai - IITM",19-08-2024 20:00:00,18.897756,72.813320,NH3,4,5,4
India,Maharashtra,Mumbai,"Navy Nagar-Colaba, Mumbai - IITM",19-08-2024 20:00:00,18.897756,72.813320,CO,12,42,36
India,Maharashtra,Mumbai,"Navy Nagar-Colaba, Mumbai - IITM",19-08-2024 20:00:00,18.897756,72.813320,OZONE,14,42,31
India,Maharashtra,Mumbai,"Sewri, Mumbai - BMC",19-08-2024 20:00:00,19.000084,72.856730,PM10,31,75,52
India,Maharashtra,Mumbai,"Sewri, Mumbai - BMC",19-08-2024 20:00:00,19.000084,72.856730,OZONE,9,36,23
India,Maharashtra,Mumbai,"Shivaji Nagar, Mumbai - BMC",19-08-2024 20:00:00,19.060498,72.923356,OZONE,9,26,20
India,Maharashtra,Mumbai,"Sion, Mumbai - MPCB",19-08-2024 20:00:00,19.047000,72.874600,PM10,25,72,49
India,Maharashtra,Mumbai,"Sion, Mumbai - MPCB",19-08-2024 20:00:00,19.047000,72.874600,OZONE,16,19,17
India,Maharashtra,Mumbai,"Vasai West, Mumbai - MPCB",19-08-2024 20:00:00,19.383200,72.820400,OZONE,6,7,7
India,Maharashtra,Mumbai,"Vile Parle West, Mumbai - MPCB",19-08-2024 20:00:00,19.10861,72.83622,NH3,11,11,11
India,Maharashtra,Mumbai,"Vile Parle West, Mumbai - MPCB",19-08-2024 20:00:00,19.10861,72.83622,OZONE,5,16,11
India,Maharashtra,Mumbai,"Worli, Mumbai - MPCB",19-08-2024 20:00:00,18.9936162,72.8128113,OZONE,5,11,8
India,Maharashtra,Nagpur,"Mahal, Nagpur - MPCB",19-08-2024 20:00:00,21.14472,79.107595,NH3,3,6,5
India,Maharashtra,Nagpur,"Mahal, Nagpur - MPCB",19-08-2024 20:00:00,21.14472,79.107595,CO,9,56,45
India,Maharashtra,Nagpur,"Opp GPO Civil Lines, Nagpur - MPCB",19-08-2024 20:00:00,21.152875,79.0517531,NH3,NA,NA,NA
India,Maharashtra,Nagpur,"Opp GPO Civil Lines, Nagpur - MPCB",19-08-2024 20:00:00,21.152875,79.0517531,CO,10,68,39
India,Maharashtra,Nagpur,"Opp GPO Civil Lines, Nagpur - MPCB",19-08-2024 20:00:00,21.152875,79.0517531,OZONE,3,10,6
India,Maharashtra,Nagpur,"Ram Nagar, Nagpur - MPCB",19-08-2024 20:00:00,21.143383,79.048912,PM10,NA,NA,NA
India,Maharashtra,Nanded,"Sneh Nagar, Nanded - MPCB",19-08-2024 20:00:00,19.173852,77.296291,PM2.5,7,32,15
India,Maharashtra,Nanded,"Sneh Nagar, Nanded - MPCB",19-08-2024 20:00:00,19.173852,77.296291,NO2,6,22,11
India,Maharashtra,Nanded,"Sneh Nagar, Nanded - MPCB",19-08-2024 20:00:00,19.173852,77.296291,NH3,3,5,4
India,Maharashtra,Nanded,"Sneh Nagar, Nanded - MPCB",19-08-2024 20:00:00,19.173852,77.296291,OZONE,6,39,35
India,Maharashtra,Nashik,"Gangapur Road, Nashik - MPCB",19-08-2024 20:00:00,20.0073285,73.7762427,PM10,16,52,31
India,Maharashtra,Nashik,"Hirawadi, Nashik - MPCB",19-08-2024 20:00:00,20.021503,73.813844,PM10,28,93,60
India,Maharashtra,Nashik,"Pandav Nagari, Nashik - MPCB",19-08-2024 20:00:00,19.9591346,73.7788008,PM2.5,31,48,36
India,Maharashtra,Navi Mumbai,"Kopripada-Vashi, Navi Mumbai - MPCB",19-08-2024 20:00:00,19.090337,73.014232,CO,13,38,21
India,Maharashtra,Navi Mumbai,"Mahape, Navi Mumbai - MPCB",19-08-2024 20:00:00,19.1135051,73.008978,NH3,2,2,2
India,Maharashtra,Navi Mumbai,"Nerul, Navi Mumbai - MPCB",19-08-2024 20:00:00,19.008751,73.016620,PM10,26,500,99
India,Maharashtra,Navi Mumbai,"Nerul, Navi Mumbai - MPCB",19-08-2024 20:00:00,19.008751,73.016620,NH3,1,1,1
India,Maharashtra,Navi Mumbai,"Sector-19A Nerul, Navi Mumbai - IITM",19-08-2024 20:00:00,19.044,73.0325,NO2,14,16,15
India,Maharashtra,Navi Mumbai,"Sector-19A Nerul, Navi Mumbai - IITM",19-08-2024 20:00:00,19.044,73.0325,CO,3,52,21
India,Maharashtra,Parbhani,"Masoom Colony, Parbhani - MPCB",19-08-2024 20:00:00,19.265594,76.761463,PM10,NA,NA,NA
India,Maharashtra,Parbhani,"Masoom Colony, Parbhani - MPCB",19-08-2024 20:00:00,19.265594,76.761463,SO2,NA,NA,NA
India,Maharashtra,Parbhani,"Masoom Colony, Parbhani - MPCB",19-08-2024 20:00:00,19.265594,76.761463,OZONE,11,26,17
India,Maharashtra,Pimpri-Chinchwad,"Gavalinagar, Pimpri Chinchwad - MPCB",19-08-2024 20:00:00,18.63673,73.82487,NH3,4,4,4
India,Maharashtra,Pimpri-Chinchwad,"Park Street Wakad, Pimpri Chinchwad - MPCB",19-08-2024 20:00:00,18.59051,73.77946,PM2.5,8,27,21
India,Maharashtra,Pimpri-Chinchwad,"Savta Mali Nagar, Pimpri-Chinchwad - IITM",19-08-2024 20:00:00,18.614767,73.799516,PM10,11,50,20
India,Maharashtra,Pimpri-Chinchwad,"Savta Mali Nagar, Pimpri-Chinchwad - IITM",19-08-2024 20:00:00,18.614767,73.799516,NO2,16,121,31
India,Maharashtra,Pimpri-Chinchwad,"Savta Mali Nagar, Pimpri-Chinchwad - IITM",19-08-2024 20:00:00,18.614767,73.799516,CO,45,127,63
India,Maharashtra,Pimpri-Chinchwad,"Thergaon, Pimpri Chinchwad - MPCB",19-08-2024 20:00:00,18.616318,73.765797,PM10,26,75,46
India,Maharashtra,Pimpri-Chinchwad,"Thergaon, Pimpri Chinchwad - MPCB",19-08-2024 20:00:00,18.616318,73.765797,NH3,2,9,4
India,Maharashtra,Pune,"Bhumkar Nagar, Pune - IITM",19-08-2024 20:00:00,18.605770,73.749976,CO,54,129,66
India,Maharashtra,Pune,"Savitribai Phule Pune University, Pune - MPCB",19-08-2024 20:00:00,18.547056,73.826908,CO,30,100,44
India,Maharashtra,Pune,"Transport Nagar-Nigdi, Pune - IITM",19-08-2024 20:00:00,18.664282,73.763966,PM2.5,NA,NA,NA
India,Maharashtra,Pune,"Transport Nagar-Nigdi, Pune - IITM",19-08-2024 20:00:00,18.664282,73.763966,PM10,NA,NA,NA
India,Maharashtra,Sangli,"Vijay Nagar, Sangli - MPCB",19-08-2024 20:00:00, 16.5038,74.3623,NH3,NA,NA,NA
India,Maharashtra,Solapur,"Ratandeep Housing Society, Solapur - MPCB",19-08-2024 20:00:00,17.65439,75.90649,PM10,24,64,44
India,Maharashtra,Solapur,"Solapur, Solapur - MPCB",19-08-2024 20:00:00,17.6599188,75.9063906,NO2,54,55,55
India,Maharashtra,Thane,"Pimpleshwar Mandir, Thane - MPCB",19-08-2024 20:00:00,19.192056,72.9585188,PM10,45,72,59
India,Maharashtra,Thane,"Pimpleshwar Mandir, Thane - MPCB",19-08-2024 20:00:00,19.192056,72.9585188,NH3,2,10,4
India,Maharashtra,Thane,"Pimpleshwar Mandir, Thane - MPCB",19-08-2024 20:00:00,19.192056,72.9585188,SO2,1,14,6
India,Maharashtra,Ulhasnagar,"Sidhi Vinayak Nagar, Ulhasnagar - MPCB",19-08-2024 20:00:00,19.235581,73.159121,PM10,72,101,89
India,Maharashtra,Ulhasnagar,"Sidhi Vinayak Nagar, Ulhasnagar - MPCB",19-08-2024 20:00:00,19.235581,73.159121,NO2,25,42,31
India,Maharashtra,Virar,"Bolinj, Virar - MPCB",19-08-2024 20:00:00,19.4458210,72.7988231,OZONE,5,30,24
India,Meghalaya,Shillong,"Lumpyngngad, Shillong - Meghalaya PCB",19-08-2024 20:00:00,25.5586,91.8985,PM2.5,NA,NA,NA
India,Meghalaya,Shillong,"Lumpyngngad, Shillong - Meghalaya PCB",19-08-2024 20:00:00,25.5586,91.8985,CO,2,11,8
India,Mizoram,Aizawl,"Sikulpuikawn, Aizawl - Mizoram PCB",19-08-2024 20:00:00,23.7176342,92.7192841,SO2,3,3,3
India,Nagaland,Kohima,"PWD Juction, Kohima - NPCB",19-08-2024 20:00:00,25.6635413,94.0989878,SO2,44,58,47
India,Odisha,Balasore,"Kalidaspur, Balasore - OSPCB",19-08-2024 20:00:00,21.51161,86.89088,PM2.5,NA,NA,NA
India,Odisha,Balasore,"Kalidaspur, Balasore - OSPCB",19-08-2024 20:00:00,21.51161,86.89088,NH3,NA,NA,NA
India,Odisha,Barbil,"Forest Office, Barbil - OSPCB",19-08-2024 20:00:00,22.1166054,85.3945546,PM2.5,2,35,15
India,Odisha,Barbil,"Forest Office, Barbil - OSPCB",19-08-2024 20:00:00,22.1166054,85.3945546,PM10,2,109,29
India,Odisha,Barbil,"Forest Office, Barbil - OSPCB",19-08-2024 20:00:00,22.1166054,85.3945546,CO,16,38,22
India,Odisha,Baripada,"Meher Colony, Baripada - OSPCB",19-08-2024 20:00:00,21.941841,86.728318,NO2,1,12,6
India,Odisha,Baripada,"Meher Colony, Baripada - OSPCB",19-08-2024 20:00:00,21.941841,86.728318,OZONE,14,51,41
India,Odisha,Bhubaneswar,"Lingraj Mandir, Bhubaneswar - OSPCB",19-08-2024 20:00:00,20.240790,85.836784,NH3,3,4,3
India,Odisha,Bhubaneswar,"Patia, Bhubaneswar - OSPCB",19-08-2024 20:00:00,20.34652,85.81630,PM10,14,144,73
India,Odisha,Bileipada,"Tata Township, Bileipada - OSPCB",19-08-2024 20:00:00,22.06156703,85.47409613,SO2,12,15,13
India,Odisha,Brajrajnagar,"GM Office, Brajrajnagar - OSPCB",19-08-2024 20:00:00,21.8004996,83.8396977,NO2,22,34,23
India,Odisha,Cuttack,"CDA Area, Cuttack - OSPCB",19-08-2024 20:00:00,20.48891     ,85.84768     ,CO,10,53,32
India,Odisha,Keonjhar,"Jagamohanpur, Keonjhar - OSPCB",19-08-2024 20:00:00,21.643900,85.599355,PM2.5,33,69,56
India,Odisha,Keonjhar,"Jagamohanpur, Keonjhar - OSPCB",19-08-2024 20:00:00,21.643900,85.599355,PM10,42,56,48
India,Odisha,Keonjhar,"Jagamohanpur, Keonjhar - OSPCB",19-08-2024 20:00:00,21.643900,85.599355,NH3,NA,NA,NA
India,Odisha,Rourkela,"Fertilizer Township, Rourkela - OSPCB",19-08-2024 20:00:00,22.18972222,84.86277778,PM10,17,58,34
India,Odisha,Rourkela,"Raghunathpali, Rourkela - OSPCB",19-08-2024 20:00:00,22.220833,84.809444,CO,50,72,59
India,Odisha,Talcher,"Talcher Coalfields,Talcher - OSPCB",19-08-2024 20:00:00,20.9360711,85.1707021,PM2.5,8,194,79
India,Odisha,Talcher,"Talcher Coalfields,Talcher - OSPCB",19-08-2024 20:00:00,20.9360711,85.1707021,NO2,23,30,28
India,Odisha,Talcher,"Talcher Coalfields,Talcher - OSPCB",19-08-2024 20:00:00,20.9360711,85.1707021,SO2,24,58,35
India,Odisha,Talcher,"Talcher Coalfields,Talcher - OSPCB",19-08-2024 20:00:00,20.9360711,85.1707021,OZONE,25,47,34
India,Odisha,Tensa,"Barsua Iron Ore Mines, Tensa - OSPCB",19-08-2024 20:00:00,21.869985,85.167016,CO,12,27,15
India,Puducherry,Puducherry,"Jawahar Nagar, Puducherry - PPCC",19-08-2024 20:00:00,11.9309,79.8027,PM2.5,NA,NA,NA
India,Puducherry,Puducherry,"Jawahar Nagar, Puducherry - PPCC",19-08-2024 20:00:00,11.9309,79.8027,SO2,NA,NA,NA
India,Punjab,Amritsar,"Golden Temple, Amritsar - PPCB",19-08-2024 20:00:00,31.620000,74.876512,PM2.5,NA,NA,NA
India,Punjab,Amritsar,"Golden Temple, Amritsar - PPCB",19-08-2024 20:00:00,31.620000,74.876512,NH3,NA,NA,NA
India,Punjab,Jalandhar,"Civil Line, Jalandhar - PPCB",19-08-2024 20:00:00,31.321907,75.578914,PM10,56,60,58
India,Punjab,Jalandhar,"Civil Line, Jalandhar - PPCB",19-08-2024 20:00:00,31.321907,75.578914,OZONE,22,59,27
India,Punjab,Mandi Gobindgarh,"RIMT University, Mandi Gobindgarh - PPCB",19-08-2024 20:00:00,30.649961,76.331442,PM10,NA,NA,NA
India,Punjab,Mandi Gobindgarh,"RIMT University, Mandi Gobindgarh - PPCB",19-08-2024 20:00:00,30.649961,76.331442,NH3,NA,NA,NA
India,Punjab,Mandi Gobindgarh,"RIMT University, Mandi Gobindgarh - PPCB",19-08-2024 20:00:00,30.649961,76.331442,CO,NA,NA,NA
India,Punjab,Mandi Gobindgarh,"RIMT University, Mandi Gobindgarh - PPCB",19-08-2024 20:00:00,30.649961,76.331442,OZONE,NA,NA,NA
India,Punjab,Patiala,"Model Town, Patiala - PPCB",19-08-2024 20:00:00,30.349388,76.366642,PM10,21,38,30
India,Punjab,Rupnagar,"Ratanpura, Rupnagar - Ambuja Cements",19-08-2024 20:00:00,31.0325454,76.5623046,CO,28,52,37
India,Rajasthan,Ajmer,"Civil Lines,  Ajmer - RSPCB",19-08-2024 20:00:00,26.470859,74.646594,PM2.5,31,87,56
India,Rajasthan,Ajmer,"Civil Lines,  Ajmer - RSPCB",19-08-2024 20:00:00,26.470859,74.646594,CO,14,30,23
India,Rajasthan,Alwar,"Moti Doongri, Alwar - RSPCB",19-08-2024 20:00:00,27.554793,76.611536,NO2,29,36,32
India,Rajasthan,Alwar,"Moti Doongri, Alwar - RSPCB",19-08-2024 20:00:00,27.554793,76.611536,SO2,11,27,19
India,Rajasthan,Banswara,"Rati Talai, Banswara - RSPCB",19-08-2024 20:00:00,23.555190,74.440010,SO2,12,20,15
India,Rajasthan,Barmer,"Railway Colony, Barmer - RSPCB",19-08-2024 20:00:00,25.747299,71.393989,PM10,37,106,58
India,Rajasthan,Barmer,"Railway Colony, Barmer - RSPCB",19-08-2024 20:00:00,25.747299,71.393989,NO2,3,16,6
India,Rajasthan,Barmer,"Railway Colony, Barmer - RSPCB",19-08-2024 20:00:00,25.747299,71.393989,NH3,4,6,5
India,Rajasthan,Barmer,"Railway Colony, Barmer - RSPCB",19-08-2024 20:00:00,25.747299,71.393989,OZONE,19,35,31
India,Rajasthan,Bharatpur,"Krishna Nagar, Bharatpur - RSPCB",19-08-2024 20:00:00,27.215415,77.50873,PM2.5,NA,NA,NA
India,Rajasthan,Bharatpur,"Krishna Nagar, Bharatpur - RSPCB",19-08-2024 20:00:00,27.215415,77.50873,PM10,NA,NA,NA
India,Rajasthan,Bharatpur,"Krishna Nagar, Bharatpur - RSPCB",19-08-2024 20:00:00,27.215415,77.50873,SO2,NA,NA,NA
India,Rajasthan,Bhilwara,"Pratap Nagar, Bhilwara - RSPCB",19-08-2024 20:00:00,25.339605,74.618883,SO2,2,8,5
India,Rajasthan,Bhiwadi,"Vasundhara Nagar_UIT, Bhiwadi - RSPCB",19-08-2024 20:00:00,28.207266,76.829265,CO,10,26,15
India,Rajasthan,Bhiwadi,"Vasundhara Nagar_UIT, Bhiwadi - RSPCB",19-08-2024 20:00:00,28.207266,76.829265,OZONE,16,36,26
India,Rajasthan,Bundi,"New Colony, Bundi - RSPCB",19-08-2024 20:00:00,25.435774,75.644272,PM2.5,12,251,54
India,Rajasthan,Bundi,"New Colony, Bundi - RSPCB",19-08-2024 20:00:00,25.435774,75.644272,PM10,28,119,70
India,Rajasthan,Chittorgarh,"Shastri Nagar, Chittorgarh - RSPCB",19-08-2024 20:00:00,24.892047,74.623527,NH3,4,13,9
India,Rajasthan,Chittorgarh,"Shastri Nagar, Chittorgarh - RSPCB",19-08-2024 20:00:00,24.892047,74.623527,CO,12,26,19
India,Rajasthan,Churu,"Subash Chowk, Churu - RSPCB",19-08-2024 20:00:00,28.296139,74.961696,PM10,23,162,80
India,Rajasthan,Dausa,"Khatikan Mohalla, Dausa - RSPCB",19-08-2024 20:00:00,26.895552,76.334753,PM2.5,11,376,119
India,Rajasthan,Dholpur,"Raja Ganj, Dholpur - RSPCB",19-08-2024 20:00:00,26.699557,77.898881,PM2.5,NA,NA,NA
India,Rajasthan,Hanumangarh,"Housing Board, Hanumangarh - RSPCB",19-08-2024 20:00:00,29.610750,74.283608,CO,10,24,14
India,Rajasthan,Jaipur,"Adarsh Nagar, Jaipur - RSPCB",19-08-2024 20:00:00,26.902909,75.836858,PM10,43,87,62
India,Rajasthan,Jaipur,"Adarsh Nagar, Jaipur - RSPCB",19-08-2024 20:00:00,26.902909,75.836858,CO,24,48,30
India,Rajasthan,Jaipur,"Mansarovar Sector-12, Jaipur - RSPCB",19-08-2024 20:00:00,26.843698,75.766894,NO2,9,44,17
India,Rajasthan,Jaipur,"Mansarovar Sector-12, Jaipur - RSPCB",19-08-2024 20:00:00,26.843698,75.766894,NH3,3,5,4
India,Rajasthan,Jaipur,"Sector-2 Murlipura, Jaipur - RSPCB",19-08-2024 20:00:00,26.960669,75.771817,PM2.5,27,58,39
India,Rajasthan,Jaipur,"Sector-2 Murlipura, Jaipur - RSPCB",19-08-2024 20:00:00,26.960669,75.771817,PM10,33,56,42
India,Rajasthan,Jaipur,"Sector-2 Murlipura, Jaipur - RSPCB",19-08-2024 20:00:00,26.960669,75.771817,SO2,3,7,4
India,Rajasthan,Jaipur,"Shastri Nagar, Jaipur - RSPCB",19-08-2024 20:00:00,26.9502929,75.730943,SO2,NA,NA,NA
India,Rajasthan,Jaisalmer,"Sadar Bazar, Jaisalmer - RSPCB",19-08-2024 20:00:00,26.912329,70.909168,NO2,4,25,11
India,Rajasthan,Jaisalmer,"Sadar Bazar, Jaisalmer - RSPCB",19-08-2024 20:00:00,26.912329,70.909168,SO2,4,6,4
India,Rajasthan,Jalore,"Mudtra Sili, Jalore - RSPCB",19-08-2024 20:00:00,25.344694,72.626208,PM2.5,13,89,32
India,Rajasthan,Jalore,"Mudtra Sili, Jalore - RSPCB",19-08-2024 20:00:00,25.344694,72.626208,NO2,5,31,11
India,Rajasthan,Jalore,"Mudtra Sili, Jalore - RSPCB",19-08-2024 20:00:00,25.344694,72.626208,SO2,3,4,4
India,Rajasthan,Jalore,"Mudtra Sili, Jalore - RSPCB",19-08-2024 20:00:00,25.344694,72.626208,OZONE,15,47,32
India,Rajasthan,Jhunjhunu,"Indra Nagar, Jhunjhunu - RSPCB",19-08-2024 20:00:00,28.108988,75.386577,PM2.5,18,59,30
India,Rajasthan,Jodhpur,"Jhalamand, Jodhpur - RSPCB",19-08-2024 20:00:00,26.215415,73.070156,NH3,3,12,5
India,Rajasthan,Jodhpur,"Mandor, Jodhpur - RSPCB",19-08-2024 20:00:00,26.358805,73.047444,PM10,57,95,78
India,Rajasthan,Jodhpur,"Mandor, Jodhpur - RSPCB",19-08-2024 20:00:00,26.358805,73.047444,NO2,5,29,13
India,Rajasthan,Jodhpur,"Mandor, Jodhpur - RSPCB",19-08-2024 20:00:00,26.358805,73.047444,CO,16,27,18
India,Rajasthan,Karauli,"Satyawati Vihar, Karauli - RSPCB",19-08-2024 20:00:00,26.506177,77.025989,OZONE,4,35,30
India,Rajasthan,Kota,"Dhanmandi, Kota - RSPCB",19-08-2024 20:00:00,25.164090,75.858137,SO2,4,9,5
India,Rajasthan,Kota,"Dhanmandi, Kota - RSPCB",19-08-2024 20:00:00,25.164090,75.858137,CO,2,146,80
India,Rajasthan,Kota,"Nayapura, Kota - RSPCB",19-08-2024 20:00:00,25.196024,75.855668,PM10,21,50,31
India,Rajasthan,Kota,"Nayapura, Kota - RSPCB",19-08-2024 20:00:00,25.196024,75.855668,NH3,4,9,5
India,Rajasthan,Kota,"Nayapura, Kota - RSPCB",19-08-2024 20:00:00,25.196024,75.855668,OZONE,15,32,16
India,Rajasthan,Kota,"Shrinath Puram, Kota - RSPCB",19-08-2024 20:00:00,25.14389,75.821256,PM2.5,23,298,85
India,Rajasthan,Kota,"Shrinath Puram, Kota - RSPCB",19-08-2024 20:00:00,25.14389,75.821256,NO2,13,43,19
India,Rajasthan,Nagaur,"Karni Colony, Nagaur - RSPCB",19-08-2024 20:00:00,27.213494,73.734444,CO,18,40,31
India,Rajasthan,Pratapgarh,"Pragati Nagar, Pratapgarh - RSPCB",19-08-2024 20:00:00,24.041198,74.780702,NH3,4,6,5
India,Rajasthan,Rajsamand,"Dhoinda, Rajsamand - RSPCB",19-08-2024 20:00:00,25.036360,73.883502,NO2,4,20,9
India,Rajasthan,Sikar,"Radhakishan Pura, Sikar - RSPCB",19-08-2024 20:00:00,27.608912,75.153302,NO2,3,8,4
India,Rajasthan,Sirohi,"Vedhaynath Colony, Sirohi - RSPCB",19-08-2024 20:00:00,24.885261,72.857549,PM2.5,17,65,31
India,Rajasthan,Sri Ganganagar,"Old City, Sri Ganganagar - RSPCB",19-08-2024 20:00:00,29.931624,73.864511,CO,14,70,22
India,Rajasthan,Udaipur,"Ashok Nagar, Udaipur - RSPCB",19-08-2024 20:00:00,24.5886166,73.6321397,NO2,11,29,19
India,Rajasthan,Udaipur,"Ashok Nagar, Udaipur - RSPCB",19-08-2024 20:00:00,24.5886166,73.6321397,OZONE,9,32,27
India,TamilNadu,Ariyalur,"Keelapalur, Ariyalur - TNPCB",19-08-2024 20:00:00,11.06825,79.07033,PM2.5,2,11,6
India,TamilNadu,Ariyalur,"Keelapalur, Ariyalur - TNPCB",19-08-2024 20:00:00,11.06825,79.07033,NO2,12,16,14
India,TamilNadu,Chennai,"Arumbakkam, Chennai - TNPCB",19-08-2024 20:00:00,13.0664,80.2112 ,PM2.5,3,64,17
India,TamilNadu,Chennai,"Kodungaiyur, Chennai - TNPCB",19-08-2024 20:00:00,13.1278,80.2642,SO2,1,13,6
India,TamilNadu,Chennai,"Manali Village, Chennai - TNPCB",19-08-2024 20:00:00,13.1662,80.2584,NO2,1,5,2
India,TamilNadu,Chennai,"Manali Village, Chennai - TNPCB",19-08-2024 20:00:00,13.1662,80.2584,NH3,2,4,2
India,TamilNadu,Chennai,"Manali, Chennai - CPCB",19-08-2024 20:00:00,13.164544,80.26285,PM2.5,11,46,28
India,TamilNadu,Chennai,"Perungudi, Chennai - TNPCB",19-08-2024 20:00:00,12.9533,80.2357,PM2.5,NA,NA,NA
India,TamilNadu,Chennai,"Perungudi, Chennai - TNPCB",19-08-2024 20:00:00,12.9533,80.2357,PM10,2,102,40
India,TamilNadu,Chennai,"Perungudi, Chennai - TNPCB",19-08-2024 20:00:00,12.9533,80.2357,OZONE,8,15,11
India,TamilNadu,Chennai,"Royapuram, Chennai - TNPCB",19-08-2024 20:00:00,13.1036,80.2909,PM2.5,2,59,15
India,TamilNadu,Chennai,"Royapuram, Chennai - TNPCB",19-08-2024 20:00:00,13.1036,80.2909,SO2,3,15,7
India,TamilNadu,Chennai,"Royapuram, Chennai - TNPCB",19-08-2024 20:00:00,13.1036,80.2909,CO,10,49,37
India,TamilNadu,Coimbatore,"PSG College of Arts and Science, Coimbatore - TNPCB",19-08-2024 20:00:00,11.0328,77.0349,PM2.5,NA,NA,NA
India,TamilNadu,Dindigul,"Mendonsa Colony, Dindigul - TNPCB",19-08-2024 20:00:00,10.358535,77.984321,NH3,1,1,1
India,TamilNadu,Gummidipoondi,"Anthoni Pillai Nagar, Gummidipoondi - TNPCB",19-08-2024 20:00:00,13.4127,80.1081,NO2,8,13,11
India,TamilNadu,Gummidipoondi,"Anthoni Pillai Nagar, Gummidipoondi - TNPCB",19-08-2024 20:00:00,13.4127,80.1081,NH3,2,5,3
India,TamilNadu,Gummidipoondi,"Anthoni Pillai Nagar, Gummidipoondi - TNPCB",19-08-2024 20:00:00,13.4127,80.1081,SO2,2,34,9
India,TamilNadu,Palkalaiperur,"Bharathidasan University, Palkalaiperur - TNPCB",19-08-2024 20:00:00,10.681158,78.741746,SO2,NA,NA,NA
India,TamilNadu,Ramanathapuram,"Chalai Bazaar, Ramanathapuram - TNPCB",19-08-2024 20:00:00,9.36399,78.831977,NO2,NA,NA,NA
India,TamilNadu,Ramanathapuram,"Chalai Bazaar, Ramanathapuram - TNPCB",19-08-2024 20:00:00,9.36399,78.831977,SO2,NA,NA,NA
India,TamilNadu,Ramanathapuram,"Chalai Bazaar, Ramanathapuram - TNPCB",19-08-2024 20:00:00,9.36399,78.831977,CO,3,4,4
India,TamilNadu,Tirunelveli,"Municipal Corporation Office, Tirunelveli - TNPCB",19-08-2024 20:00:00,8.728442,77.6962,NO2,4,19,8
India,TamilNadu,Tirunelveli,"Municipal Corporation Office, Tirunelveli - TNPCB",19-08-2024 20:00:00,8.728442,77.6962,CO,28,30,30
India,TamilNadu,Tirupur,"Kumaran College, Tirupur - TNPCB",19-08-2024 20:00:00,11.0973603,77.3228673,SO2,NA,NA,NA
India,Telangana,Hyderabad,"Bollaram Industrial Area, Hyderabad - TSPCB",19-08-2024 20:00:00,17.540891,78.358528,NH3,4,17,6
India,Telangana,Hyderabad,"Central University, Hyderabad - TSPCB",19-08-2024 20:00:00,17.460103,78.334361,OZONE,3,4,3
India,Telangana,Hyderabad,"ICRISAT Patancheru, Hyderabad - TSPCB",19-08-2024 20:00:00,17.518400,78.278777,OZONE,1,30,16
India,Telangana,Hyderabad,"IDA Pashamylaram, Hyderabad - TSPCB",19-08-2024 20:00:00,17.5316895,78.218939,NO2,25,63,38
India,Telangana,Hyderabad,"IITH Kandi, Hyderabad - TSPCB",19-08-2024 20:00:00,17.585705,78.126199,PM2.5,NA,NA,NA
India,Telangana,Hyderabad,"IITH Kandi, Hyderabad - TSPCB",19-08-2024 20:00:00,17.585705,78.126199,SO2,NA,NA,NA
India,Telangana,Hyderabad,"IITH Kandi, Hyderabad - TSPCB",19-08-2024 20:00:00,17.585705,78.126199,OZONE,22,34,34
India,Telangana,Hyderabad,"Kokapet, Hyderabad - TSPCB",19-08-2024 20:00:00,17.393559,78.339194,NH3,2,2,2
India,Telangana,Hyderabad,"Nacharam_TSIIC IALA, Hyderabad - TSPCB",19-08-2024 20:00:00,17.429398,78.569354,PM10,63,72,71
India,Telangana,Hyderabad,"Nacharam_TSIIC IALA, Hyderabad - TSPCB",19-08-2024 20:00:00,17.429398,78.569354,NO2,18,19,18
India,Telangana,Hyderabad,"Nacharam_TSIIC IALA, Hyderabad - TSPCB",19-08-2024 20:00:00,17.429398,78.569354,CO,30,37,34
India,Telangana,Hyderabad,"Nacharam_TSIIC IALA, Hyderabad - TSPCB",19-08-2024 20:00:00,17.429398,78.569354,OZONE,28,39,37
India,Telangana,Hyderabad,"New Malakpet, Hyderabad - TSPCB",19-08-2024 20:00:00,17.37206,78.50864,PM2.5,30,80,43
India,Telangana,Hyderabad,"Ramachandrapuram, Hyderabad - TSPCB",19-08-2024 20:00:00,17.528544,78.286195,NO2,NA,NA,NA
India,Telangana,Hyderabad,"Sanathnagar, Hyderabad - TSPCB",19-08-2024 20:00:00,17.4559458,78.4332152,NO2,28,32,30
India,Telangana,Hyderabad,"Sanathnagar, Hyderabad - TSPCB",19-08-2024 20:00:00,17.4559458,78.4332152,SO2,5,9,7
India,Telangana,Hyderabad,"Sanathnagar, Hyderabad - TSPCB",19-08-2024 20:00:00,17.4559458,78.4332152,CO,32,44,39
India,Telangana,Hyderabad,"Zoo Park, Hyderabad - TSPCB",19-08-2024 20:00:00,17.349694,78.451437,NO2,NA,NA,NA
India,Tripura,Agartala,"Bardowali, Agartala - Tripura SPCB",19-08-2024 20:00:00,23.8175497,91.2726974,NH3,5,5,5
India,Uttar_Pradesh,Agra,"Manoharpur, Agra - UPPCB",19-08-2024 20:00:00,27.23711,78.01936,PM10,11,29,19
India,Uttar_Pradesh,Agra,"Manoharpur, Agra - UPPCB",19-08-2024 20:00:00,27.23711,78.01936,OZONE,1,3,2
India,Uttar_Pradesh,Agra,"Rohta, Agra - UPPCB",19-08-2024 20:00:00,27.106972,78.000111,PM10,8,34,20
India,Uttar_Pradesh,Agra,"Rohta, Agra - UPPCB",19-08-2024 20:00:00,27.106972,78.000111,NH3,2,2,2
India,Uttar_Pradesh,Agra,"Sector-3B Avas Vikas Colony, Agra - UPPCB",19-08-2024 20:00:00,27.19412,77.96237,NH3,1,4,3
India,Uttar_Pradesh,Agra,"Sector-3B Avas Vikas Colony, Agra - UPPCB",19-08-2024 20:00:00,27.19412,77.96237,SO2,17,19,18
India,Uttar_Pradesh,Agra,"Sector-3B Avas Vikas Colony, Agra - UPPCB",19-08-2024 20:00:00,27.19412,77.96237,CO,8,14,10
India,Uttar_Pradesh,Agra,"Sector-3B Avas Vikas Colony, Agra - UPPCB",19-08-2024 20:00:00,27.19412,77.96237,OZONE,20,23,22
India,Uttar_Pradesh,Agra,"Shahjahan Garden, Agra - UPPCB",19-08-2024 20:00:00,27.169338,78.03582,SO2,47,54,49
India,Uttar_Pradesh,Agra,"Shahjahan Garden, Agra - UPPCB",19-08-2024 20:00:00,27.169338,78.03582,CO,14,19,18
India,Uttar_Pradesh,Agra,"Shahjahan Garden, Agra - UPPCB",19-08-2024 20:00:00,27.169338,78.03582,OZONE,1,1,1
India,Uttar_Pradesh,Baghpat,"Sardar Patel Inter College, Baghpat - UPPCB",19-08-2024 20:00:00,28.964949,77.278761,PM10,22,120,66
India,Uttar_Pradesh,Baghpat,"Sardar Patel Inter College, Baghpat - UPPCB",19-08-2024 20:00:00,28.964949,77.278761,OZONE,2,17,13
India,Uttar_Pradesh,Bareilly,"Civil Lines, Bareilly - UPPCB",19-08-2024 20:00:00,28.359581,79.414455,OZONE,4,61,5
India,Uttar_Pradesh,Bareilly,"Rajendra Nagar, Bareilly - UPPCB",19-08-2024 20:00:00,28.38910936,79.42963708,PM10,30,59,40
India,Uttar_Pradesh,Bareilly,"Rajendra Nagar, Bareilly - UPPCB",19-08-2024 20:00:00,28.38910936,79.42963708,NO2,2,4,2
India,Uttar_Pradesh,Firozabad,"Nagla Bhau, Firozabad - UPPCB",19-08-2024 20:00:00,27.168897,78.376960,NH3,2,2,2
India,Uttar_Pradesh,Firozabad,"Vibhab Nagar, Firozabad - UPPCB",19-08-2024 20:00:00,27.1594,78.3953,OZONE,10,17,12
India,Uttar_Pradesh,Ghaziabad,"Loni, Ghaziabad - UPPCB",19-08-2024 20:00:00,28.757294,77.278792,PM10,40,142,80
India,Uttar_Pradesh,Ghaziabad,"Loni, Ghaziabad - UPPCB",19-08-2024 20:00:00,28.757294,77.278792,SO2,2,6,4
India,Uttar_Pradesh,Ghaziabad,"Loni, Ghaziabad - UPPCB",19-08-2024 20:00:00,28.757294,77.278792,CO,30,86,37
India,Uttar_Pradesh,Ghaziabad,"Sanjay Nagar, Ghaziabad - UPPCB",19-08-2024 20:00:00,28.685382,77.453839,PM2.5,NA,NA,NA
India,Uttar_Pradesh,Ghaziabad,"Vasundhara, Ghaziabad - UPPCB",19-08-2024 20:00:00,28.6603346,77.3572563,NH3,3,5,4
India,Uttar_Pradesh,Gorakhpur,"Madan Mohan Malaviya University of Technology, Gorakhpur - UPPCB",19-08-2024 20:00:00,26.730136,83.433859,SO2,24,24,24
India,Uttar_Pradesh,Gorakhpur,"Madan Mohan Malaviya University of Technology, Gorakhpur - UPPCB",19-08-2024 20:00:00,26.730136,83.433859,OZONE,12,12,12
India,Uttar_Pradesh,Greater Noida,"Knowledge Park - III, Greater Noida - UPPCB",19-08-2024 20:00:00,28.47272,77.482000,NH3,9,16,11
India,Uttar_Pradesh,Greater Noida,"Knowledge Park - III, Greater Noida - UPPCB",19-08-2024 20:00:00,28.47272,77.482000,OZONE,10,68,45
India,Uttar_Pradesh,Greater Noida,"Knowledge Park - V, Greater Noida - UPPCB",19-08-2024 20:00:00,28.557054,77.453663,PM10,49,160,104
India,Uttar_Pradesh,Greater Noida,"Knowledge Park - V, Greater Noida - UPPCB",19-08-2024 20:00:00,28.557054,77.453663,CO,28,66,31
India,Uttar_Pradesh,Greater Noida,"Knowledge Park - V, Greater Noida - UPPCB",19-08-2024 20:00:00,28.557054,77.453663,OZONE,1,45,27
India,Uttar_Pradesh,Hapur,"Anand Vihar, Hapur - UPPCB",19-08-2024 20:00:00,28.725645,77.749675,SO2,7,27,15
India,Uttar_Pradesh,Jhansi,"Shivaji Nagar, Jhansi - UPPCB",19-08-2024 20:00:00,25.4547,78.6039,NH3,4,4,4
India,Uttar_Pradesh,Kanpur,"FTI Kidwai Nagar, Kanpur - UPPCB",19-08-2024 20:00:00,26.428282,80.327067,PM2.5,21,70,44
India,Uttar_Pradesh,Kanpur,"NSI Kalyanpur, Kanpur - UPPCB",19-08-2024 20:00:00,26.509954,80.249612,PM10,25,119,49
India,Uttar_Pradesh,Khurja,"Kalindi Kunj, Khurja - UPPCB",19-08-2024 20:00:00,28.2348927,77.8683002,CO,16,28,20
India,Uttar_Pradesh,Khurja,"Kalindi Kunj, Khurja - UPPCB",19-08-2024 20:00:00,28.2348927,77.8683002,OZONE,13,17,15
India,Uttar_Pradesh,Lucknow,"B R Ambedkar University, Lucknow - UPPCB",19-08-2024 20:00:00,26.766433,80.927299,NO2,6,7,7
India,Uttar_Pradesh,Lucknow,"B R Ambedkar University, Lucknow - UPPCB",19-08-2024 20:00:00,26.766433,80.927299,CO,9,12,11
India,Uttar_Pradesh,Lucknow,"Gomti Nagar, Lucknow - UPPCB",19-08-2024 20:00:00,26.868120,81.005119,NO2,NA,NA,NA
India,Uttar_Pradesh,Lucknow,"Gomti Nagar, Lucknow - UPPCB",19-08-2024 20:00:00,26.868120,81.005119,SO2,NA,NA,NA
India,Uttar_Pradesh,Lucknow,"Kendriya Vidyalaya, Lucknow - CPCB",19-08-2024 20:00:00,26.906111,80.948222,PM2.5,12,41,24
India,Uttar_Pradesh,Lucknow,"Kukrail Picnic Spot-1, Lucknow - UPPCB",19-08-2024 20:00:00,26.90723,80.98579,PM10,23,39,29
India,Uttar_Pradesh,Lucknow,"Kukrail Picnic Spot-1, Lucknow - UPPCB",19-08-2024 20:00:00,26.90723,80.98579,NH3,3,4,4
India,Uttar_Pradesh,Lucknow,"Kukrail Picnic Spot-1, Lucknow - UPPCB",19-08-2024 20:00:00,26.90723,80.98579,CO,14,20,15
India,Uttar_Pradesh,Lucknow,"Talkatora District Industries Center, Lucknow - CPCB",19-08-2024 20:00:00,26.83399722,80.8917361,PM2.5,27,48,35
India,Uttar_Pradesh,Lucknow,"Talkatora District Industries Center, Lucknow - CPCB",19-08-2024 20:00:00,26.83399722,80.8917361,NH3,4,7,5
India,Uttar_Pradesh,Lucknow,"Talkatora District Industries Center, Lucknow - CPCB",19-08-2024 20:00:00,26.83399722,80.8917361,CO,15,37,30
India,Uttar_Pradesh,Meerut,"Ganga Nagar, Meerut - UPPCB",19-08-2024 20:00:00,28.999264,77.7590354,PM2.5,16,94,45
India,Uttar_Pradesh,Meerut,"Ganga Nagar, Meerut - UPPCB",19-08-2024 20:00:00,28.999264,77.7590354,NH3,4,5,4
India,Uttar_Pradesh,Meerut,"Jai Bhim Nagar, Meerut - UPPCB",19-08-2024 20:00:00,28.9535882,77.7622941,NO2,15,43,30
India,Uttar_Pradesh,Meerut,"Pallavpuram Phase 2, Meerut - UPPCB",19-08-2024 20:00:00,29.063510,77.709723,PM2.5,13,89,52
India,Uttar_Pradesh,Moradabad,"Buddhi Vihar, Moradabad - UPPCB",19-08-2024 20:00:00,28.83526,78.74460,PM2.5,15,71,36
India,Uttar_Pradesh,Moradabad,"Buddhi Vihar, Moradabad - UPPCB",19-08-2024 20:00:00,28.83526,78.74460,PM10,18,61,34
India,Uttar_Pradesh,Moradabad,"Buddhi Vihar, Moradabad - UPPCB",19-08-2024 20:00:00,28.83526,78.74460,SO2,20,28,23
India,Uttar_Pradesh,Moradabad,"Eco Herbal Park, Moradabad - UPPCB",19-08-2024 20:00:00,28.840739,78.697531,NH3,6,24,11
India,Uttar_Pradesh,Moradabad,"Eco Herbal Park, Moradabad - UPPCB",19-08-2024 20:00:00,28.840739,78.697531,SO2,1,7,3
India,Uttar_Pradesh,Moradabad,"Eco Herbal Park, Moradabad - UPPCB",19-08-2024 20:00:00,28.840739,78.697531,OZONE,7,53,36
India,Uttar_Pradesh,Moradabad,"Employment Office, Moradabad - UPPCB",19-08-2024 20:00:00,28.88528,78.73880,NH3,3,3,3
India,Uttar_Pradesh,Moradabad,"Jigar Colony, Moradabad - UPPCB",19-08-2024 20:00:00,28.856664,78.772638,PM10,19,88,40
India,Uttar_Pradesh,Moradabad,"Kashiram Nagar, Moradabad - UPPCB",19-08-2024 20:00:00,28.849399,78.742362,CO,16,26,18
India,Uttar_Pradesh,Moradabad,"Transport Nagar, Moradabad - UPPCB",19-08-2024 20:00:00,28.802625,78.753728,OZONE,23,56,41
India,Uttar_Pradesh,Muzaffarnagar,"New Mandi, Muzaffarnagar - UPPCB",19-08-2024 20:00:00,29.4723508,77.7194031,PM10,34,114,73
India,Uttar_Pradesh,Muzaffarnagar,"New Mandi, Muzaffarnagar - UPPCB",19-08-2024 20:00:00,29.4723508,77.7194031,CO,30,61,48
India,Uttar_Pradesh,Noida,"Sector - 125, Noida - UPPCB",19-08-2024 20:00:00,28.5447608,77.3231257,PM2.5,26,94,59
India,Uttar_Pradesh,Noida,"Sector - 125, Noida - UPPCB",19-08-2024 20:00:00,28.5447608,77.3231257,CO,21,50,25
India,Uttar_Pradesh,Prayagraj,"Motilal Nehru NIT, Prayagraj - UPPCB",19-08-2024 20:00:00,25.494,81.863,PM10,9,18,13
India,Uttar_Pradesh,Prayagraj,"Motilal Nehru NIT, Prayagraj - UPPCB",19-08-2024 20:00:00,25.494,81.863,OZONE,7,21,17
India,Uttar_Pradesh,Prayagraj,"Nagar Nigam, Prayagraj - UPPCB",19-08-2024 20:00:00,25.44919916 ,81.82735986 ,NH3,4,12,4
India,Uttar_Pradesh,Varanasi,"Ardhali Bazar, Varanasi - UPPCB",19-08-2024 20:00:00,25.3505986,82.9083074,PM2.5,NA,NA,NA
India,Uttar_Pradesh,Varanasi,"Ardhali Bazar, Varanasi - UPPCB",19-08-2024 20:00:00,25.3505986,82.9083074,SO2,NA,NA,NA
India,Uttar_Pradesh,Varanasi,"IESD Banaras Hindu University, Varanasi - UPPCB",19-08-2024 20:00:00,25.262326,82.995408,SO2,26,33,28
India,Uttar_Pradesh,Vrindavan,"Omex Eternity, Vrindavan - UPPCB",19-08-2024 20:00:00,27.5714090,77.6557570,PM2.5,7,20,14
India,Uttar_Pradesh,Vrindavan,"Omex Eternity, Vrindavan - UPPCB",19-08-2024 20:00:00,27.5714090,77.6557570,SO2,17,18,18
India,Uttar_Pradesh,Vrindavan,"Omex Eternity, Vrindavan - UPPCB",19-08-2024 20:00:00,27.5714090,77.6557570,CO,18,29,21
India,Uttarakhand,Dehradun,"Doon University, Dehradun - UKPCB",19-08-2024 20:00:00,30.269444,78.044167,CO,30,37,33
India,Uttarakhand,Dehradun,"Doon University, Dehradun - UKPCB",19-08-2024 20:00:00,30.269444,78.044167,OZONE,4,22,18
India,Uttarakhand,Kashipur,"Govt. Girls Inter College, Kashipur - UKPCB",19-08-2024 20:00:00,29.2124114,78.9611753,SO2,3,8,6
India,Uttarakhand,Kashipur,"Govt. Girls Inter College, Kashipur - UKPCB",19-08-2024 20:00:00,29.2124114,78.9611753,OZONE,2,11,6
India,Uttarakhand,Rishikesh,"Shivaji Nagar, Rishikesh - UKPCB",19-08-2024 20:00:00,30.075911,78.2859547,OZONE,10,61,35
India,West_Bengal,Asansol,"Asansol Court Area, Asansol - WBPCB",19-08-2024 20:00:00,23.685297,86.945968,PM10,25,65,47
India,West_Bengal,Asansol,"Mahabir Colliery, Asansol - WBPCB",19-08-2024 20:00:00,23.6181830,87.1057180,PM10,1,85,44
India,West_Bengal,Asansol,"Mahabir Colliery, Asansol - WBPCB",19-08-2024 20:00:00,23.6181830,87.1057180,SO2,2,14,11
India,West_Bengal,Asansol,"Mahabir Colliery, Asansol - WBPCB",19-08-2024 20:00:00,23.6181830,87.1057180,CO,24,100,34
India,West_Bengal,Barrackpore,"SVSPA Campus, Barrackpore - WBPCB",19-08-2024 20:00:00,22.7605581,88.3617589,PM2.5,37,74,52
India,West_Bengal,Barrackpore,"SVSPA Campus, Barrackpore - WBPCB",19-08-2024 20:00:00,22.7605581,88.3617589,PM10,33,67,47
India,West_Bengal,Barrackpore,"SVSPA Campus, Barrackpore - WBPCB",19-08-2024 20:00:00,22.7605581,88.3617589,CO,25,40,33
India,West_Bengal,Durgapur,"PCBL Residential Complex, Durgapur - WBPCB",19-08-2024 20:00:00,23.5087640,87.3544400,PM2.5,6,39,22
India,West_Bengal,Durgapur,"Sidhu Kanhu Indoor Stadium, Durgapur - WBPCB",19-08-2024 20:00:00,23.5404352,87.2892225,SO2,15,43,24
India,West_Bengal,Haldia,"Priyambada Housing Estate, Haldia - WBPCB",19-08-2024 20:00:00,22.06047,88.109737,SO2,7,29,14
India,West_Bengal,Haldia,"Priyambada Housing Estate, Haldia - WBPCB",19-08-2024 20:00:00,22.06047,88.109737,CO,34,44,40
India,West_Bengal,Howrah,"Belur Math, Howrah - WBPCB",19-08-2024 20:00:00,22.629801,88.352017,PM10,28,38,31
India,West_Bengal,Howrah,"Belur Math, Howrah - WBPCB",19-08-2024 20:00:00,22.629801,88.352017,NO2,35,40,38
India,West_Bengal,Howrah,"Belur Math, Howrah - WBPCB",19-08-2024 20:00:00,22.629801,88.352017,OZONE,13,19,17
India,West_Bengal,Howrah,"Botanical Garden, Howrah - WBPCB",19-08-2024 20:00:00,22.554954,88.292568,NO2,10,16,11
India,West_Bengal,Howrah,"Padmapukur, Howrah - WBPCB",19-08-2024 20:00:00,22.5687319,88.2797276,PM2.5,27,60,45
India,West_Bengal,Howrah,"Padmapukur, Howrah - WBPCB",19-08-2024 20:00:00,22.5687319,88.2797276,NO2,7,32,17
India,West_Bengal,Kolkata,"Ballygunge, Kolkata - WBPCB",19-08-2024 20:00:00,22.5367507,88.3638022,PM2.5,23,53,36
India,West_Bengal,Kolkata,"Ballygunge, Kolkata - WBPCB",19-08-2024 20:00:00,22.5367507,88.3638022,NH3,11,15,12
India,West_Bengal,Kolkata,"Bidhannagar, Kolkata - WBPCB",19-08-2024 20:00:00,22.58157048,88.41002457,NO2,23,42,28
India,West_Bengal,Kolkata,"Bidhannagar, Kolkata - WBPCB",19-08-2024 20:00:00,22.58157048,88.41002457,CO,21,34,25
India,West_Bengal,Kolkata,"Fort William, Kolkata - WBPCB",19-08-2024 20:00:00,22.556640,88.342674,PM2.5,27,75,51
India,West_Bengal,Kolkata,"Jadavpur, Kolkata - WBPCB",19-08-2024 20:00:00,22.49929,88.36917,NO2,18,24,19
India,West_Bengal,Kolkata,"Jadavpur, Kolkata - WBPCB",19-08-2024 20:00:00,22.49929,88.36917,NH3,5,5,5
India,West_Bengal,Kolkata,"Rabindra Bharati University, Kolkata - WBPCB",19-08-2024 20:00:00,22.627847,88.380669,CO,28,36,31
India,West_Bengal,Kolkata,"Rabindra Sarobar, Kolkata - WBPCB",19-08-2024 20:00:00,22.51106,88.35142,PM10,28,47,37
India,West_Bengal,Siliguri,"Ward-32 Bapupara, Siliguri - WBPCB",19-08-2024 20:00:00,26.6879226,88.4152495,PM10,28,42,34
India,West_Bengal,Siliguri,"Ward-32 Bapupara, Siliguri - WBPCB",19-08-2024 20:00:00,26.6879226,88.4152495,NO2,18,19,19
India,Andhra_Pradesh,Amaravati,"Secretariat, Amaravati - APPCB",19-08-2024 20:00:00,16.5150833,80.5181667,SO2,17,22,20
India,Andhra_Pradesh,Anantapur,"Gulzarpet, Anantapur - APPCB",19-08-2024 20:00:00,14.675886,77.593027,NO2,16,17,16
India,Andhra_Pradesh,Anantapur,"Gulzarpet, Anantapur - APPCB",19-08-2024 20:00:00,14.675886,77.593027,SO2,2,6,4
India,Andhra_Pradesh,Kadapa,"Yerramukkapalli, Kadapa - APPCB",19-08-2024 20:00:00,14.465052,78.824187,PM2.5,NA,NA,NA
India,Andhra_Pradesh,Rajamahendravaram,"Anand Kala Kshetram, Rajamahendravaram - APPCB",19-08-2024 20:00:00,16.9872867,81.7363176,SO2,10,16,12
India,Andhra_Pradesh,Tirupati,"Tirumala, Tirupati - APPCB",19-08-2024 20:00:00,13.67,79.35,NH3,1,2,1
India,Andhra_Pradesh,Tirupati,"Tirumala, Tirupati - APPCB",19-08-2024 20:00:00,13.67,79.35,SO2,5,12,8
India,Andhra_Pradesh,Tirupati,"Tirumala, Tirupati - APPCB",19-08-2024 20:00:00,13.67,79.35,OZONE,16,32,29
India,Andhra_Pradesh,Vijayawada,"Kanuru, Vijayawada - APPCB",19-08-2024 20:00:00,16.486692,80.699436,PM2.5,31,41,35
India,Andhra_Pradesh,Vijayawada,"Kanuru, Vijayawada - APPCB",19-08-2024 20:00:00,16.486692,80.699436,NO2,13,13,13
India,Andhra_Pradesh,Vijayawada,"Kanuru, Vijayawada - APPCB",19-08-2024 20:00:00,16.486692,80.699436,SO2,6,8,7
India,Andhra_Pradesh,Vijayawada,"Rajiv Nagar, Vijayawada - APPCB",19-08-2024 20:00:00,16.554731,80.649110,PM2.5,49,52,50
India,Andhra_Pradesh,Visakhapatnam,"GVM Corporation, Visakhapatnam - APPCB",19-08-2024 20:00:00,17.72,83.3,CO,12,102,21
India,Assam,Byrnihat,"Central Academy for SFS, Byrnihat - PCBA",19-08-2024 20:00:00,26.071318,91.87488,PM10,45,116,55
India,Assam,Byrnihat,"Central Academy for SFS, Byrnihat - PCBA",19-08-2024 20:00:00,26.071318,91.87488,CO,NA,NA,NA
India,Assam,Guwahati,"IITG, Guwahati - PCBA",19-08-2024 20:00:00,26.2028636,91.70046436,NH3,NA,NA,NA
India,Assam,Guwahati,"IITG, Guwahati - PCBA",19-08-2024 20:00:00,26.2028636,91.70046436,OZONE,15,35,17
India,Assam,Guwahati,"Pan Bazaar, Guwahati - PCBA",19-08-2024 20:00:00,26.187500,91.744194,PM2.5,1,53,11
India,Assam,Guwahati,"Pan Bazaar, Guwahati - PCBA",19-08-2024 20:00:00,26.187500,91.744194,CO,16,30,18
India,Assam,Guwahati,"Railway Colony, Guwahati - PCBA",19-08-2024 20:00:00,26.181742,91.78063,CO,20,36,21
India,Assam,Nagaon,"Christianpatty, Nagaon - PCBA",19-08-2024 20:00:00,26.349082,92.68449,CO,42,64,54
India,Assam,Nalbari,"Bata Chowk, Nalbari - PCBA",19-08-2024 20:00:00,26.446912,91.439057,PM2.5,25,217,82
India,Assam,Nalbari,"Bata Chowk, Nalbari - PCBA",19-08-2024 20:00:00,26.446912,91.439057,NH3,1,2,2
India,Assam,Nalbari,"Bata Chowk, Nalbari - PCBA",19-08-2024 20:00:00,26.446912,91.439057,SO2,3,11,8
India,Assam,Nalbari,"Bata Chowk, Nalbari - PCBA",19-08-2024 20:00:00,26.446912,91.439057,CO,4,59,50
India,Assam,Silchar,"Tarapur, Silchar - PCBA",19-08-2024 20:00:00,24.82827,92.79525,NO2,11,12,11
India,Assam,Silchar,"Tarapur, Silchar - PCBA",19-08-2024 20:00:00,24.82827,92.79525,SO2,1,22,6
India,Assam,Silchar,"Tarapur, Silchar - PCBA",19-08-2024 20:00:00,24.82827,92.79525,CO,18,42,39
India,Bihar,Araria,"Kharahiya Basti, Araria - BSPCB",19-08-2024 20:00:00,26.146529,87.454184,PM2.5,55,147,84
India,Bihar,Arrah,"New DM Office, Arrah - BSPCB",19-08-2024 20:00:00,25.5626095,84.663264,PM10,6,60,32
India,Bihar,Arrah,"New DM Office, Arrah - BSPCB",19-08-2024 20:00:00,25.5626095,84.663264,OZONE,5,23,11
India,Bihar,Aurangabad,"Gurdeo Nagar, Aurangabad - BSPCB",19-08-2024 20:00:00,24.75746,84.366208,PM10,12,115,40
India,Bihar,Aurangabad,"Gurdeo Nagar, Aurangabad - BSPCB",19-08-2024 20:00:00,24.75746,84.366208,NH3,3,3,3
India,Bihar,Aurangabad,"Gurdeo Nagar, Aurangabad - BSPCB",19-08-2024 20:00:00,24.75746,84.366208,OZONE,1,51,39
India,Bihar,Begusarai,"Lohiyanagar, Begusarai - BSPCB (Formerly known as DRCC Anandpur)",19-08-2024 20:00:00,25.42742023,86.13886079,OZONE,6,22,14
India,Bihar,Bhagalpur,"DM Office_Kachari Chowk, Bhagalpur - BSPCB",19-08-2024 20:00:00,25.251013,86.989001,PM10,3,10,6
India,Bihar,Bhagalpur,"DM Office_Kachari Chowk, Bhagalpur - BSPCB",19-08-2024 20:00:00,25.251013,86.989001,NH3,1,3,2
India,Bihar,Bhagalpur,"Mayaganj, Bhagalpur - BSPCB",19-08-2024 20:00:00,25.265194,87.012947,PM2.5,7,53,18
India,Bihar,Bhagalpur,"Mayaganj, Bhagalpur - BSPCB",19-08-2024 20:00:00,25.265194,87.012947,OZONE,8,27,22
India,Bihar,Bihar Sharif,"D M Colony, Bihar Sharif - BSPCB",19-08-2024 20:00:00,25.204762,85.514960,CO,22,46,35
India,Bihar,Buxar,"Charitra Van, Buxar - BSPCB (Formerly known as Central Jail)",19-08-2024 20:00:00,25.567520,83.966379,PM2.5,20,50,38
India,Bihar,Buxar,"Charitra Van, Buxar - BSPCB (Formerly known as Central Jail)",19-08-2024 20:00:00,25.567520,83.966379,OZONE,2,7,3
India,Bihar,Chhapra,"Darshan Nagar, Chhapra - BSPCB",19-08-2024 20:00:00,25.7808257,84.7446768,NO2,NA,NA,NA
India,Bihar,Gaya,"Collectorate, Gaya - BSPCB",19-08-2024 20:00:00,24.7955,84.9994,CO,42,46,43
India,Bihar,Gaya,"SFTI Kusdihra, Gaya - BSPCB",19-08-2024 20:00:00,24.762518,84.982348,PM2.5,3,30,14
India,Bihar,Gaya,"SFTI Kusdihra, Gaya - BSPCB",19-08-2024 20:00:00,24.762518,84.982348,SO2,7,10,8
India,Bihar,Hajipur,"Industrial Area, Hajipur - BSPCB",19-08-2024 20:00:00,25.697189,85.245900,NO2,6,13,9
India,Bihar,Hajipur,"Industrial Area, Hajipur - BSPCB",19-08-2024 20:00:00,25.697189,85.245900,SO2,5,6,5
India,Bihar,Katihar,"Mirchaibari, Katihar - BSPCB",19-08-2024 20:00:00,25.560083,87.553265,CO,36,36,36
India,Bihar,Katihar,"Mirchaibari, Katihar - BSPCB",19-08-2024 20:00:00,25.560083,87.553265,OZONE,4,4,4
India,Bihar,Kishanganj,"SDM Office_Khagra, Kishanganj - BSPCB",19-08-2024 20:00:00,26.0881305,87.93840336,SO2,6,19,12
India,Bihar,Manguraha,"Forest Rest House, Manguraha - BSPCB",19-08-2024 20:00:00,27.308328,84.531742,NO2,11,18,14
India,Bihar,Motihari,"Gandak Colony, Motihari - BSPCB",19-08-2024 20:00:00,26.63086,84.90051,PM10,7,140,47
India,Bihar,Munger,"Town Hall, Munger - BSPCB",19-08-2024 20:00:00,25.376776,86.471523,PM2.5,NA,NA,NA
India,Bihar,Munger,"Town Hall, Munger - BSPCB",19-08-2024 20:00:00,25.376776,86.471523,CO,NA,NA,NA
India,Bihar,Muzaffarpur,"Buddha Colony, Muzaffarpur - BSPCB",19-08-2024 20:00:00,26.11442,85.39813,NO2,4,40,12
India,Bihar,Muzaffarpur,"MIT-Daudpur Kothi, Muzaffarpur - BSPCB",19-08-2024 20:00:00,26.1403345,85.3650192,NO2,4,6,5
India,Bihar,Muzaffarpur,"MIT-Daudpur Kothi, Muzaffarpur - BSPCB",19-08-2024 20:00:00,26.1403345,85.3650192,NH3,1,2,1
India,Bihar,Muzaffarpur,"MIT-Daudpur Kothi, Muzaffarpur - BSPCB",19-08-2024 20:00:00,26.1403345,85.3650192,CO,40,51,44
India,Bihar,Muzaffarpur,"Muzaffarpur Collectorate, Muzaffarpur - BSPCB",19-08-2024 20:00:00,26.1209,85.3647,NO2,28,28,28
India,Bihar,Patna,"DRM Office Danapur, Patna - BSPCB",19-08-2024 20:00:00,25.586562,85.043586,NH3,2,6,5
India,Bihar,Patna,"DRM Office Danapur, Patna - BSPCB",19-08-2024 20:00:00,25.586562,85.043586,OZONE,8,28,16
India,Bihar,Patna,"Samanpura, Patna - BSPCB",19-08-2024 20:00:00,25.596727,85.085624,PM2.5,42,140,64
India,Bihar,Patna,"Samanpura, Patna - BSPCB",19-08-2024 20:00:00,25.596727,85.085624,NO2,1,33,11
India,Bihar,Purnia,"Mariam Nagar, Purnia - BSPCB",19-08-2024 20:00:00,25.366336,87.117468,PM2.5,NA,NA,NA
India,Bihar,Purnia,"Mariam Nagar, Purnia - BSPCB",19-08-2024 20:00:00,25.366336,87.117468,SO2,11,18,15
India,Bihar,Rajgir,"Dangi Tola, Rajgir - BSPCB",19-08-2024 20:00:00,25.03280,85.41948,SO2,4,4,4
India,Bihar,Rajgir,"Dangi Tola, Rajgir - BSPCB",19-08-2024 20:00:00,25.03280,85.41948,OZONE,31,35,34
India,Bihar,Saharsa,"Police Line, Saharsa - BSPCB",19-08-2024 20:00:00,25.892357,86.590325,PM2.5,NA,NA,NA
India,Bihar,Saharsa,"Police Line, Saharsa - BSPCB",19-08-2024 20:00:00,25.892357,86.590325,SO2,16,18,16
India,Bihar,Samastipur,"DM Office_Kasipur, Samastipur - BSPCB",19-08-2024 20:00:00,25.859655,85.77944,NO2,5,29,19
India,Bihar,Samastipur,"DM Office_Kasipur, Samastipur - BSPCB",19-08-2024 20:00:00,25.859655,85.77944,SO2,5,22,13
India,Bihar,Sasaram,"Dada Peer, Sasaram - BSPCB",19-08-2024 20:00:00,24.952822,84.002396,SO2,4,10,7
India,Bihar,Sasaram,"Dada Peer, Sasaram - BSPCB",19-08-2024 20:00:00,24.952822,84.002396,OZONE,7,20,14
India,Chandigarh,Chandigarh,"Sector 22, Chandigarh - CPCC",19-08-2024 20:00:00,30.735567,76.775714,CO,28,40,32
India,Chandigarh,Chandigarh,"Sector-25, Chandigarh - CPCC",19-08-2024 20:00:00,30.751462,76.762879,NH3,NA,NA,NA
India,Chandigarh,Chandigarh,"Sector-25, Chandigarh - CPCC",19-08-2024 20:00:00,30.751462,76.762879,OZONE,9,10,10
India,Chandigarh,Chandigarh,"Sector-53, Chandigarh - CPCC",19-08-2024 20:00:00,30.719859,76.738637,NO2,7,36,17
India,Chhattisgarh,Bhilai,"32Bungalows, Bhilai - CECB",19-08-2024 20:00:00,21.194815,81.314770,PM10,19,76,38
India,Chhattisgarh,Bhilai,"32Bungalows, Bhilai - CECB",19-08-2024 20:00:00,21.194815,81.314770,NH3,7,8,8
India,Chhattisgarh,Bhilai,"32Bungalows, Bhilai - CECB",19-08-2024 20:00:00,21.194815,81.314770,SO2,7,10,9
India,Chhattisgarh,Bhilai,"Civic Center, Bhilai - Bhilai Steel Plant",19-08-2024 20:00:00,21.185571,81.343175,PM2.5,10,47,23
India,Chhattisgarh,Bhilai,"Civic Center, Bhilai - Bhilai Steel Plant",19-08-2024 20:00:00,21.185571,81.343175,PM10,20,60,34
India,Chhattisgarh,Bhilai,"Civic Center, Bhilai - Bhilai Steel Plant",19-08-2024 20:00:00,21.185571,81.343175,CO,26,88,52
India,Chhattisgarh,Bhilai,"Hathkhoj, Bhilai - CECB",19-08-2024 20:00:00,21.224231,81.408350,SO2,9,22,13
India,Chhattisgarh,Bilaspur,"Mangala, Bilaspur - NTPC",19-08-2024 20:00:00,22.08815,82.13737,SO2,13,22,18
India,Chhattisgarh,Bilaspur,"Mangala, Bilaspur - NTPC",19-08-2024 20:00:00,22.08815,82.13737,CO,44,51,49
India,Chhattisgarh,Korba,"Rampur, Korba - CECB",19-08-2024 20:00:00,22.368195,82.746431,NO2,14,35,23
India,Chhattisgarh,Kunjemura,"OP Jindal School, Kunjemura - CECB",19-08-2024 20:00:00,22.126650,83.483212,NO2,6,56,15
India,Chhattisgarh,Kunjemura,"OP Jindal School, Kunjemura - CECB",19-08-2024 20:00:00,22.126650,83.483212,OZONE,6,21,12
India,Chhattisgarh,Raipur,"AIIMS, Raipur - CECB",19-08-2024 20:00:00,21.258815,81.578979,OZONE,1,16,11
India,Chhattisgarh,Raipur,"Bhatagaon New ISBT, Raipur - CECB",19-08-2024 20:00:00,21.219665,81.630094,PM10,73,146,107
India,Chhattisgarh,Raipur,"Bhatagaon New ISBT, Raipur - CECB",19-08-2024 20:00:00,21.219665,81.630094,CO,25,52,31
India,Chhattisgarh,Raipur,"Krishak Nagar, Raipur - CECB",19-08-2024 20:00:00,21.237755,81.705301,NH3,1,1,1
India,Delhi,Delhi,"Alipur, Delhi - DPCC",19-08-2024 20:00:00,28.815329,77.153010,PM10,12,148,59
India,Delhi,Delhi,"Anand Vihar, Delhi - DPCC",19-08-2024 20:00:00,28.647622,77.3158090,PM2.5,30,183,90
India,Delhi,Delhi,"Anand Vihar, Delhi - DPCC",19-08-2024 20:00:00,28.647622,77.3158090,NO2,14,389,85
India,Delhi,Delhi,"Anand Vihar, Delhi - DPCC",19-08-2024 20:00:00,28.647622,77.3158090,NH3,1,38,7
India,Delhi,Delhi,"Anand Vihar, Delhi - DPCC",19-08-2024 20:00:00,28.647622,77.3158090,SO2,1,11,6
India,Delhi,Delhi,"Ashok Vihar, Delhi - DPCC",19-08-2024 20:00:00,28.695381,77.181665,NH3,7,15,10
India,Delhi,Delhi,"Burari Crossing, Delhi - IMD",19-08-2024 20:00:00,28.7256504,77.2011573,PM2.5,1,133,47
India,Delhi,Delhi,"Chandni Chowk, Delhi - IITM",19-08-2024 20:00:00,28.656756,77.227234,PM2.5,42,42,42
India,Delhi,Delhi,"Chandni Chowk, Delhi - IITM",19-08-2024 20:00:00,28.656756,77.227234,PM10,33,123,94
India,Delhi,Delhi,"Chandni Chowk, Delhi - IITM",19-08-2024 20:00:00,28.656756,77.227234,NO2,79,84,81
India,Delhi,Delhi,"Chandni Chowk, Delhi - IITM",19-08-2024 20:00:00,28.656756,77.227234,SO2,6,69,38
India,Delhi,Delhi,"Chandni Chowk, Delhi - IITM",19-08-2024 20:00:00,28.656756,77.227234,OZONE,42,68,52
India,Delhi,Delhi,"DTU, Delhi - CPCB",19-08-2024 20:00:00,28.7500499,77.1112615,PM10,27,79,56
India,Delhi,Delhi,"DTU, Delhi - CPCB",19-08-2024 20:00:00,28.7500499,77.1112615,NH3,10,13,12
India,Delhi,Delhi,"DTU, Delhi - CPCB",19-08-2024 20:00:00,28.7500499,77.1112615,SO2,40,49,44
India,Delhi,Delhi,"Dwarka-Sector 8, Delhi - DPCC ",19-08-2024 20:00:00,28.5710274,77.0719006,NO2,24,84,42
India,Delhi,Delhi,"Dwarka-Sector 8, Delhi - DPCC ",19-08-2024 20:00:00,28.5710274,77.0719006,OZONE,12,40,35
India,Delhi,Delhi,"IGI Airport (T3), Delhi - IMD",19-08-2024 20:00:00,28.5627763,77.1180053,PM2.5,23,68,43
India,Delhi,Delhi,"IHBAS, Dilshad Garden, Delhi - CPCB",19-08-2024 20:00:00,28.6811736,77.3025234,PM2.5,27,60,40
India,Delhi,Delhi,"IHBAS, Dilshad Garden, Delhi - CPCB",19-08-2024 20:00:00,28.6811736,77.3025234,NO2,43,96,71
India,Delhi,Delhi,"IHBAS, Dilshad Garden, Delhi - CPCB",19-08-2024 20:00:00,28.6811736,77.3025234,CO,12,110,58
India,Delhi,Delhi,"ITO, Delhi - CPCB",19-08-2024 20:00:00,28.628624,77.241060,PM2.5,NA,NA,NA
India,Delhi,Delhi,"ITO, Delhi - CPCB",19-08-2024 20:00:00,28.628624,77.241060,SO2,9,23,15
India,Delhi,Delhi,"Jawaharlal Nehru Stadium, Delhi - DPCC",19-08-2024 20:00:00,28.580280,77.233829,NH3,7,10,8
India,Delhi,Delhi,"Major Dhyan Chand National Stadium, Delhi - DPCC",19-08-2024 20:00:00,28.611281,77.237738,NO2,17,61,32
India,Delhi,Delhi,"Mandir Marg, Delhi - DPCC",19-08-2024 20:00:00,28.636429,77.201067,PM10,NA,NA,NA
India,Delhi,Delhi,"Mandir Marg, Delhi - DPCC",19-08-2024 20:00:00,28.636429,77.201067,NH3,NA,NA,NA
India,Delhi,Delhi,"Mandir Marg, Delhi - DPCC",19-08-2024 20:00:00,28.636429,77.201067,OZONE,NA,NA,NA
India,Delhi,Delhi,"Mundka, Delhi - DPCC",19-08-2024 20:00:00,28.684678,77.076574,NH3,1,23,6
India,Delhi,Delhi,"Mundka, Delhi - DPCC",19-08-2024 20:00:00,28.684678,77.076574,CO,28,68,34
India,Delhi,Delhi,"NSIT Dwarka, Delhi - CPCB",19-08-2024 20:00:00,28.60909,77.0325413,PM10,70,134,97
India,Delhi,Delhi,"NSIT Dwarka, Delhi - CPCB",19-08-2024 20:00:00,28.60909,77.0325413,NH3,10,10,10
India,Delhi,Delhi,"NSIT Dwarka, Delhi - CPCB",19-08-2024 20:00:00,28.60909,77.0325413,OZONE,18,24,21
India,Delhi,Delhi,"Najafgarh, Delhi - DPCC",19-08-2024 20:00:00,28.570173,76.933762,SO2,11,19,16
India,Delhi,Delhi,"Narela, Delhi - DPCC",19-08-2024 20:00:00,28.822836,77.101981,PM10,28,113,62
India,Delhi,Delhi,"Narela, Delhi - DPCC",19-08-2024 20:00:00,28.822836,77.101981,OZONE,16,35,25
India,Delhi,Delhi,"North Campus, DU, Delhi - IMD",19-08-2024 20:00:00,28.6573814,77.1585447,NO2,8,26,15
India,Delhi,Delhi,"Okhla Phase-2, Delhi - DPCC",19-08-2024 20:00:00,28.530785,77.271255,SO2,7,18,10
India,Delhi,Delhi,"Patparganj, Delhi - DPCC",19-08-2024 20:00:00,28.623763,77.287209,PM2.5,27,83,50
India,Delhi,Delhi,"Patparganj, Delhi - DPCC",19-08-2024 20:00:00,28.623763,77.287209,PM10,36,133,89
India,Delhi,Delhi,"Punjabi Bagh, Delhi - DPCC",19-08-2024 20:00:00,28.674045,77.131023,OZONE,3,27,19
India,Delhi,Delhi,"Pusa, Delhi - DPCC",19-08-2024 20:00:00,28.639652,77.146275,PM10,51,172,89
India,Delhi,Delhi,"Pusa, Delhi - DPCC",19-08-2024 20:00:00,28.639652,77.146275,SO2,12,21,15
India,Delhi,Delhi,"Pusa, Delhi - IMD",19-08-2024 20:00:00,28.636110,77.173332,PM2.5,15,73,42
India,Delhi,Delhi,"Pusa, Delhi - IMD",19-08-2024 20:00:00,28.636110,77.173332,CO,76,101,80
India,Delhi,Delhi,"R K Puram, Delhi - DPCC",19-08-2024 20:00:00,28.563262,77.186937,SO2,9,30,15
India,Delhi,Delhi,"Rohini, Delhi - DPCC",19-08-2024 20:00:00,28.732528,77.119920,SO2,4,9,6
India,Delhi,Delhi,"Shadipur, Delhi - CPCB",19-08-2024 20:00:00,28.6514781,77.1473105,PM2.5,65,301,143
India,Delhi,Delhi,"Shadipur, Delhi - CPCB",19-08-2024 20:00:00,28.6514781,77.1473105,NO2,38,76,54
India,Delhi,Delhi,"Shadipur, Delhi - CPCB",19-08-2024 20:00:00,28.6514781,77.1473105,CO,12,54,28
India,Delhi,Delhi,"Sirifort, Delhi - CPCB",19-08-2024 20:00:00,28.5504249,77.2159377,PM10,48,127,73
India,Delhi,Delhi,"Sonia Vihar, Delhi - DPCC",19-08-2024 20:00:00,28.710508,77.249485,NO2,13,36,23
India,Delhi,Delhi,"Sri Aurobindo Marg, Delhi - DPCC",19-08-2024 20:00:00,28.531346,77.190156,PM10,38,86,59
India,Delhi,Delhi,"Sri Aurobindo Marg, Delhi - DPCC",19-08-2024 20:00:00,28.531346,77.190156,SO2,15,20,18
India,Delhi,Delhi,"Vivek Vihar, Delhi - DPCC",19-08-2024 20:00:00,28.672342,77.315260,CO,48,108,53
India,Delhi,Delhi,"Wazirpur, Delhi - DPCC",19-08-2024 20:00:00,28.699793,77.165453,NO2,20,69,38
India,Delhi,Delhi,"Wazirpur, Delhi - DPCC",19-08-2024 20:00:00,28.699793,77.165453,NH3,8,9,8
India,Gujarat,Ahmedabad,"Chandkheda, Ahmedabad - IITM",19-08-2024 20:00:00,23.107969,72.574648,CO,20,34,23
India,Gujarat,Ahmedabad,"Gyaspur, Ahmedabad - IITM",19-08-2024 20:00:00,22.977134,72.553024,NO2,NA,NA,NA
India,Gujarat,Ahmedabad,"Maninagar, Ahmedabad - GPCB",19-08-2024 20:00:00,23.002657,72.591912,SO2,28,36,32
India,Gujarat,Ahmedabad,"Raikhad, Ahmedabad - IITM",19-08-2024 20:00:00,23.020509,72.579261,PM10,25,73,48
India,Gujarat,Ahmedabad,"Raikhad, Ahmedabad - IITM",19-08-2024 20:00:00,23.020509,72.579261,CO,29,76,38
India,Gujarat,Ahmedabad,"Raikhad, Ahmedabad - IITM",19-08-2024 20:00:00,23.020509,72.579261,OZONE,6,35,29
India,Gujarat,Ahmedabad,"Rakhial, Ahmedabad - IITM",19-08-2024 20:00:00,23.016834,72.625775,PM10,52,91,69
India,Gujarat,Ahmedabad,"SAC ISRO Satellite, Ahmedabad - IITM",19-08-2024 20:00:00,23.023389,72.515201,NH3,1,1,1
India,Gujarat,Ahmedabad,"SAC ISRO Satellite, Ahmedabad - IITM",19-08-2024 20:00:00,23.023389,72.515201,OZONE,9,36,32
India,Gujarat,Ahmedabad,"SVPI Airport Hansol, Ahmedabad - IITM",19-08-2024 20:00:00,23.076793,72.627874,NH3,5,5,5
India,Gujarat,Ahmedabad,"SVPI Airport Hansol, Ahmedabad - IITM",19-08-2024 20:00:00,23.076793,72.627874,OZONE,11,32,27
India,Gujarat,Ahmedabad,"Sardar Vallabhbhai Patel Stadium, Ahmedabad - IITM",19-08-2024 20:00:00,23.043070,72.562968,SO2,10,19,14
India,Gujarat,Ankleshwar,"GIDC, Ankleshwar - GPCB",19-08-2024 20:00:00,21.613267,73.010555,PM10,30,63,51
India,Gujarat,Gandhinagar,"Sector-10, Gandhinagar - GPCB",19-08-2024 20:00:00,23.221714,72.654328,NO2,16,19,18
India,Gujarat,Gandhinagar,"Sector-10, Gandhinagar - GPCB",19-08-2024 20:00:00,23.221714,72.654328,NH3,1,2,2
India,Gujarat,Gandhinagar,"Sector-10, Gandhinagar - GPCB",19-08-2024 20:00:00,23.221714,72.654328,OZONE,2,25,22
India,Gujarat,Surat,"Science Center, Surat - SMC",19-08-2024 20:00:00,21.170046,72.795405,CO,62,74,67
India,Gujarat,Vatva,"Phase-4 GIDC, Vatva - GPCB",19-08-2024 20:00:00,22.969611,72.643500,PM2.5,16,70,36
India,Haryana,Ambala,"Patti Mehar, Ambala - HSPCB",19-08-2024 20:00:00,30.379589,76.778328,PM10,36,72,51
India,Haryana,Ambala,"Patti Mehar, Ambala - HSPCB",19-08-2024 20:00:00,30.379589,76.778328,OZONE,30,50,43
India,Haryana,Ballabgarh,"Nathu Colony, Ballabgarh - HSPCB",19-08-2024 20:00:00,28.3419248,77.319699,OZONE,2,17,12
India,Haryana,Bhiwani,"H.B. Colony, Bhiwani - HSPCB",19-08-2024 20:00:00,28.806223,76.141105,NO2,11,26,12
India,Haryana,Bhiwani,"H.B. Colony, Bhiwani - HSPCB",19-08-2024 20:00:00,28.806223,76.141105,SO2,11,88,30
India,Haryana,Dharuhera,"Municipal Corporation Office, Dharuhera -  HSPCB",19-08-2024 20:00:00,28.206800,76.799700,PM2.5,52,97,73
India,Haryana,Dharuhera,"Municipal Corporation Office, Dharuhera -  HSPCB",19-08-2024 20:00:00,28.206800,76.799700,SO2,7,17,11
India,Haryana,Dharuhera,"Municipal Corporation Office, Dharuhera -  HSPCB",19-08-2024 20:00:00,28.206800,76.799700,OZONE,10,69,50
India,Haryana,Faridabad,"New Industrial Town, Faridabad - HSPCB",19-08-2024 20:00:00,28.39072,77.30059,NO2,34,38,35
India,Haryana,Faridabad,"New Industrial Town, Faridabad - HSPCB",19-08-2024 20:00:00,28.39072,77.30059,SO2,12,13,12
India,Haryana,Gurugram,"Sector-51, Gurugram - HSPCB",19-08-2024 20:00:00,28.4227,77.0667,NO2,13,29,23
India,Haryana,Gurugram,"Teri Gram, Gurugram - HSPCB",19-08-2024 20:00:00,28.4275,77.1465,CO,26,46,26
India,Haryana,Hisar,"Urban Estate-II, Hisar - HSPCB",19-08-2024 20:00:00,29.140560,75.744941,CO,26,29,26
India,Haryana,Jind,"Police Lines, Jind - HSPCB",19-08-2024 20:00:00,29.307814,76.337619,PM2.5,17,44,29
India,Haryana,Jind,"Police Lines, Jind - HSPCB",19-08-2024 20:00:00,29.307814,76.337619,SO2,2,4,3
India,Haryana,Jind,"Police Lines, Jind - HSPCB",19-08-2024 20:00:00,29.307814,76.337619,CO,7,134,94
India,Haryana,Jind,"Police Lines, Jind - HSPCB",19-08-2024 20:00:00,29.307814,76.337619,OZONE,24,89,57
India,Haryana,Kaithal,"Rishi Nagar, Kaithal - HSPCB",19-08-2024 20:00:00,29.8006,76.4155,NO2,24,26,25
India,Haryana,Kaithal,"Rishi Nagar, Kaithal - HSPCB",19-08-2024 20:00:00,29.8006,76.4155,NH3,10,10,10
India,Haryana,Kaithal,"Rishi Nagar, Kaithal - HSPCB",19-08-2024 20:00:00,29.8006,76.4155,OZONE,24,56,29
India,Haryana,Karnal,"Sector-12, Karnal - HSPCB",19-08-2024 20:00:00,29.695300,77.002700,PM2.5,25,61,38
India,Haryana,Mandikhera,"General Hospital, Mandikhera - HSPCB",19-08-2024 20:00:00,27.9002,76.9938,NO2,19,23,21
India,Haryana,Manesar,"Sector-2 IMT, Manesar - HSPCB",19-08-2024 20:00:00,28.360699,76.936090,PM2.5,13,66,35
India,Haryana,Manesar,"Sector-2 IMT, Manesar - HSPCB",19-08-2024 20:00:00,28.360699,76.936090,NH3,5,5,5
India,Haryana,Manesar,"Sector-2 IMT, Manesar - HSPCB",19-08-2024 20:00:00,28.360699,76.936090,SO2,4,22,15
India,Haryana,Manesar,"Sector-2 IMT, Manesar - HSPCB",19-08-2024 20:00:00,28.360699,76.936090,OZONE,41,126,120
India,Haryana,Narnaul,"Shastri Nagar, Narnaul - HSPCB",19-08-2024 20:00:00,28.060249,76.113115,PM2.5,33,55,45
India,Haryana,Narnaul,"Shastri Nagar, Narnaul - HSPCB",19-08-2024 20:00:00,28.060249,76.113115,OZONE,15,42,34
India,Haryana,Palwal,"Shyam Nagar, Palwal - HSPCB",19-08-2024 20:00:00,28.1485564,77.3320667,NH3,8,9,9
India,Haryana,Palwal,"Shyam Nagar, Palwal - HSPCB",19-08-2024 20:00:00,28.1485564,77.3320667,SO2,12,14,13
India,Haryana,Palwal,"Shyam Nagar, Palwal - HSPCB",19-08-2024 20:00:00,28.1485564,77.3320667,OZONE,7,13,10
India,Haryana,Panchkula,"Sector-6, Panchkula - HSPCB ",19-08-2024 20:00:00,30.7057778,76.8531805555555,NO2,17,21,19
India,Haryana,Rohtak,"MD University, Rohtak - HSPCB",19-08-2024 20:00:00,28.52123,76.37138,CO,34,50,42
India,Haryana,Sirsa,"F-Block, Sirsa - HSPCB",19-08-2024 20:00:00,29.536400,75.015800,PM2.5,2,85,25
India,Haryana,Sirsa,"F-Block, Sirsa - HSPCB",19-08-2024 20:00:00,29.536400,75.015800,SO2,8,19,13
India,Haryana,Sonipat,"Murthal, Sonipat - HSPCB",19-08-2024 20:00:00,29.027200,77.062100,SO2,13,29,20
India,Jammu_and_Kashmir,Srinagar,"Rajbagh, Srinagar - JKSPCB",19-08-2024 20:00:00,34.066206,74.819820,NO2,7,7,7
India,Jharkhand,Pathardih,"Mohalbani Ghat, Pathardih - DMC",19-08-2024 20:00:00,23.669880,86.411725,SO2,NA,NA,NA
India,Karnataka,Bagalkot,"Vidayagiri, Bagalkot - KSPCB",19-08-2024 20:00:00,16.172806,75.659694,SO2,4,4,4
India,Karnataka,Bengaluru,"BTM Layout, Bengaluru - CPCB",19-08-2024 20:00:00,12.9135218,77.5950804,PM2.5,NA,NA,NA
India,Karnataka,Bengaluru,"Bapuji Nagar, Bengaluru - KSPCB",19-08-2024 20:00:00,12.951913,77.539784,CO,21,108,42
India,Karnataka,Bengaluru,"Hebbal, Bengaluru - KSPCB",19-08-2024 20:00:00,13.029152,77.585901,PM2.5,27,95,57
India,Karnataka,Bengaluru,"Hebbal, Bengaluru - KSPCB",19-08-2024 20:00:00,13.029152,77.585901,OZONE,3,78,19
India,Karnataka,Bengaluru,"Hombegowda Nagar, Bengaluru - KSPCB",19-08-2024 20:00:00,12.938539,77.590100,PM10,12,80,33
India,Karnataka,Bengaluru,"Jayanagar 5th Block, Bengaluru - KSPCB",19-08-2024 20:00:00,12.920984,77.584908,PM10,16,98,46
India,Karnataka,Bengaluru,"Jigani, Bengaluru - KSPCB",19-08-2024 20:00:00,12.7816279,77.6299145,NO2,27,29,28
India,Karnataka,Bengaluru,"Jigani, Bengaluru - KSPCB",19-08-2024 20:00:00,12.7816279,77.6299145,SO2,11,12,12
India,Karnataka,Bengaluru,"Jigani, Bengaluru - KSPCB",19-08-2024 20:00:00,12.7816279,77.6299145,OZONE,23,25,24
India,Karnataka,Bengaluru,"Kasturi Nagar, Bengaluru - KSPCB",19-08-2024 20:00:00,13.003872,77.664217,NO2,14,18,16
India,Karnataka,Bengaluru,"RVCE-Mailasandra, Bengaluru - KSPCB",19-08-2024 20:00:00,12.921418,77.502466,PM2.5,17,141,67
India,Karnataka,Bengaluru,"RVCE-Mailasandra, Bengaluru - KSPCB",19-08-2024 20:00:00,12.921418,77.502466,OZONE,42,42,42
India,Karnataka,Bengaluru,"Sanegurava Halli, Bengaluru - KSPCB",19-08-2024 20:00:00,12.990328,77.5431385,NO2,22,41,29
India,Karnataka,Bengaluru,"Shivapura_Peenya, Bengaluru - KSPCB",19-08-2024 20:00:00,13.0246342,77.5080115,CO,27,106,38
India,Karnataka,Bengaluru,"Shivapura_Peenya, Bengaluru - KSPCB",19-08-2024 20:00:00,13.0246342,77.5080115,OZONE,32,32,32
India,Karnataka,Bengaluru,"Silk Board, Bengaluru - KSPCB",19-08-2024 20:00:00,12.917348,77.622813,NH3,1,1,1
India,Karnataka,Bengaluru,"Silk Board, Bengaluru - KSPCB",19-08-2024 20:00:00,12.917348,77.622813,SO2,7,15,10
India,Karnataka,Bengaluru,"Silk Board, Bengaluru - KSPCB",19-08-2024 20:00:00,12.917348,77.622813,OZONE,15,26,21
India,Karnataka,Chamarajanagar,"Urban, Chamarajanagar - KSPCB",19-08-2024 20:00:00,11.55358,76.55521,PM2.5,NA,NA,NA
India,Karnataka,Chamarajanagar,"Urban, Chamarajanagar - KSPCB",19-08-2024 20:00:00,11.55358,76.55521,NH3,NA,NA,NA
India,Karnataka,Chamarajanagar,"Urban, Chamarajanagar - KSPCB",19-08-2024 20:00:00,11.55358,76.55521,OZONE,26,40,30
India,Karnataka,Chikkamagaluru,"Kalyana Nagara, Chikkamagaluru - KSPCB",19-08-2024 20:00:00,13.328028,75.797056,NH3,2,4,3
India,Karnataka,Chikkamagaluru,"Kalyana Nagara, Chikkamagaluru - KSPCB",19-08-2024 20:00:00,13.328028,75.797056,SO2,2,4,2
India,Karnataka,Hubballi,"Lingaraj Nagar, Hubballi - KSPCB",19-08-2024 20:00:00,15.3714823,75.1160168,NO2,10,14,13
India,Karnataka,Hubballi,"Lingaraj Nagar, Hubballi - KSPCB",19-08-2024 20:00:00,15.3714823,75.1160168,NH3,2,3,3
India,Karnataka,Hubballi,"Lingaraj Nagar, Hubballi - KSPCB",19-08-2024 20:00:00,15.3714823,75.1160168,SO2,1,6,2
India,Karnataka,Hubballi,"Lingaraj Nagar, Hubballi - KSPCB",19-08-2024 20:00:00,15.3714823,75.1160168,CO,10,26,17
India,Karnataka,Kalaburagi,"Lal Bahadur Shastri Nagar, Kalaburagi - KSPCB",19-08-2024 20:00:00,17.321993,76.822628,PM10,8,51,22
India,Karnataka,Kalaburagi,"Mahatma Basaveswar Colony, Kalaburgi - KSPCB",19-08-2024 20:00:00,17.336318,76.847397,SO2,NA,NA,NA
India,Karnataka,Kalaburagi,"Mahatma Basaveswar Colony, Kalaburgi - KSPCB",19-08-2024 20:00:00,17.336318,76.847397,OZONE,14,46,33
India,Karnataka,Karwar,"KHB Colony, Karwar - KSPCB",19-08-2024 20:00:00,14.816666,74.141003,PM2.5,NA,NA,NA
India,Karnataka,Karwar,"KHB Colony, Karwar - KSPCB",19-08-2024 20:00:00,14.816666,74.141003,OZONE,21,23,22
India,Karnataka,Kolar,"Tamaka Ind. Area, Kolar - KSPCB",19-08-2024 20:00:00,13.1276288,78.1570122,CO,37,45,42
India,Karnataka,Madikeri,"Stuart Hill, Madikeri - KSPCB",19-08-2024 20:00:00,12.415911,75.735050,NH3,NA,NA,NA
India,Karnataka,Mangalore,"Kadri, Mangalore - KSPCB",19-08-2024 20:00:00,12.889250,74.853000,NO2,6,8,6
India,Karnataka,Mangalore,"Kadri, Mangalore - KSPCB",19-08-2024 20:00:00,12.889250,74.853000,OZONE,33,37,35
India,Karnataka,Mysuru,"Hebbal 1st Stage, Mysuru - KSPCB",19-08-2024 20:00:00,12.21041,76.37376,NO2,10,61,28
India,Karnataka,Mysuru,"Hebbal 1st Stage, Mysuru - KSPCB",19-08-2024 20:00:00,12.21041,76.37376,NH3,1,3,2
India,Karnataka,Mysuru,"Hebbal 1st Stage, Mysuru - KSPCB",19-08-2024 20:00:00,12.21041,76.37376,OZONE,7,61,49
India,Karnataka,Shivamogga,"Vinoba Nagara, Shivamogga - KSPCB",19-08-2024 20:00:00,13.940000,75.555917,CO,24,40,27
India,Karnataka,Tumakuru,"Thimmalapura, Tumakuru - KSPCB",19-08-2024 20:00:00,13.377516,77.099072,PM2.5,18,60,36
India,Karnataka,Tumakuru,"Thimmalapura, Tumakuru - KSPCB",19-08-2024 20:00:00,13.377516,77.099072,SO2,7,11,7
India,Karnataka,Udupi,"Brahmagiri, Udupi - KSPCB",19-08-2024 20:00:00,13.34194444,74.74694444,PM2.5,1,21,8
India,Karnataka,Udupi,"Brahmagiri, Udupi - KSPCB",19-08-2024 20:00:00,13.34194444,74.74694444,NH3,1,4,2
India,Karnataka,Yadgir,"Collector Office, Yadgir - KSPCB",19-08-2024 20:00:00,16.7602,77.1428,NO2,4,11,8
India,Karnataka,Yadgir,"Collector Office, Yadgir - KSPCB",19-08-2024 20:00:00,16.7602,77.1428,OZONE,18,21,19
India,Kerala,Eloor,"Udyogamandal, Eloor - Kerala PCB",19-08-2024 20:00:00,10.073232,76.302765,PM2.5,43,52,47
India,Kerala,Eloor,"Udyogamandal, Eloor - Kerala PCB",19-08-2024 20:00:00,10.073232,76.302765,NH3,1,1,1
India,Kerala,Eloor,"Udyogamandal, Eloor - Kerala PCB",19-08-2024 20:00:00,10.073232,76.302765,CO,10,95,54
India,Kerala,Eloor,"Udyogamandal, Eloor - Kerala PCB",19-08-2024 20:00:00,10.073232,76.302765,OZONE,10,11,11
India,Kerala,Kollam,"Polayathode, Kollam - Kerala PCB",19-08-2024 20:00:00,8.8787,76.6073,OZONE,31,34,33
India,Kerala,Thiruvananthapuram,"Kariavattom, Thiruvananthapuram - Kerala PCB",19-08-2024 20:00:00,8.563700,76.886500,NH3,1,1,1
India,Kerala,Thiruvananthapuram,"Kariavattom, Thiruvananthapuram - Kerala PCB",19-08-2024 20:00:00,8.563700,76.886500,SO2,1,7,3
India,Kerala,Thiruvananthapuram,"Plammoodu, Thiruvananthapuram - Kerala PCB",19-08-2024 20:00:00,8.5149093,76.9435879,PM10,16,29,19
India,Kerala,Thiruvananthapuram,"Plammoodu, Thiruvananthapuram - Kerala PCB",19-08-2024 20:00:00,8.5149093,76.9435879,SO2,2,18,10
India,Kerala,Thiruvananthapuram,"Plammoodu, Thiruvananthapuram - Kerala PCB",19-08-2024 20:00:00,8.5149093,76.9435879,CO,6,14,10
India,Kerala,Thiruvananthapuram,"Plammoodu, Thiruvananthapuram - Kerala PCB",19-08-2024 20:00:00,8.5149093,76.9435879,OZONE,1,47,9
India,Kerala,Thrissur,"Corporation Ground, Thrissur - Kerala PCB",19-08-2024 20:00:00,10.532400,76.215900,PM10,44,50,48
India,Madhya Pradesh,Bhopal,"Idgah Hills, Bhopal - MPPCB",19-08-2024 20:00:00,23.264759,77.381568,NH3,2,4,3
India,Madhya Pradesh,Bhopal,"Idgah Hills, Bhopal - MPPCB",19-08-2024 20:00:00,23.264759,77.381568,CO,15,56,24
India,Madhya Pradesh,Bhopal,"Paryavaran Parisar, Bhopal - MPPCB",19-08-2024 20:00:00,23.210494,77.425409,PM10,49,133,74
India,Madhya Pradesh,Bhopal,"Paryavaran Parisar, Bhopal - MPPCB",19-08-2024 20:00:00,23.210494,77.425409,SO2,6,8,7
India,Madhya Pradesh,Bhopal,"T T Nagar, Bhopal - MPPCB",19-08-2024 20:00:00,23.233584,77.400574,PM2.5,27,74,44
India,Madhya Pradesh,Bhopal,"T T Nagar, Bhopal - MPPCB",19-08-2024 20:00:00,23.233584,77.400574,PM10,56,131,90
India,Madhya Pradesh,Bhopal,"T T Nagar, Bhopal - MPPCB",19-08-2024 20:00:00,23.233584,77.400574,NO2,12,43,21
India,Madhya Pradesh,Bhopal,"T T Nagar, Bhopal - MPPCB",19-08-2024 20:00:00,23.233584,77.400574,SO2,7,18,13
India,Madhya Pradesh,Dewas,"Bhopal Chauraha, Dewas - MPPCB",19-08-2024 20:00:00,22.9682591,76.064118,PM2.5,NA,NA,NA
India,Madhya Pradesh,Dewas,"Bhopal Chauraha, Dewas - MPPCB",19-08-2024 20:00:00,22.9682591,76.064118,NO2,NA,NA,NA
India,Madhya Pradesh,Gwalior,"Deen Dayal Nagar, Gwalior - MPPCB",19-08-2024 20:00:00,26.259242,78.216432,PM10,28,126,61
India,Madhya Pradesh,Gwalior,"Deen Dayal Nagar, Gwalior - MPPCB",19-08-2024 20:00:00,26.259242,78.216432,NH3,3,9,5
India,Madhya Pradesh,Gwalior,"Maharaj Bada, Gwalior - MPPCB",19-08-2024 20:00:00,26.200388,78.147714,PM2.5,17,38,26
India,Madhya Pradesh,Gwalior,"Maharaj Bada, Gwalior - MPPCB",19-08-2024 20:00:00,26.200388,78.147714,PM10,25,240,50
India,Madhya Pradesh,Indore,"Chhoti Gwaltoli, Indore - MPPCB",19-08-2024 20:00:00,22.4310,75.5213,SO2,12,15,13
India,Madhya Pradesh,Indore,"Maguda Nagar, Indore - IMC",19-08-2024 20:00:00,22.7524,75.8872,SO2,34,39,37
India,Madhya Pradesh,Indore,"Maguda Nagar, Indore - IMC",19-08-2024 20:00:00,22.7524,75.8872,OZONE,1,3,2
India,Madhya Pradesh,Indore,"Regional Park, Indore - IMC",19-08-2024 20:00:00,22.6780,75.8559,OZONE,5,7,6
India,Madhya Pradesh,Jabalpur,"Govindh Bhavan Colony, Jabalpur - JMC",19-08-2024 20:00:00,23.163174,79.973061,NH3,5,6,5
India,Madhya Pradesh,Jabalpur,"Govindh Bhavan Colony, Jabalpur - JMC",19-08-2024 20:00:00,23.163174,79.973061,SO2,12,55,29
India,Madhya Pradesh,Jabalpur,"Govindh Bhavan Colony, Jabalpur - JMC",19-08-2024 20:00:00,23.163174,79.973061,OZONE,20,77,60
India,Madhya Pradesh,Jabalpur,"Gupteshwar, Jabalpur - JMC",19-08-2024 20:00:00,23.142888,79.916147,NH3,4,5,4
India,Madhya Pradesh,Katni,"Gole Bazar, Katni - MPPCB",19-08-2024 20:00:00,23.50016,80.23284,CO,28,50,34
India,Madhya Pradesh,Maihar,"Sahilara, Maihar - KJS Cements",19-08-2024 20:00:00,24.2613009,80.7231783,PM2.5,NA,NA,NA
India,Madhya Pradesh,Mandideep,"Sector-D Industrial Area, Mandideep - MPPCB",19-08-2024 20:00:00,23.108440,77.511428,PM10,41,172,67
India,Madhya Pradesh,Mandideep,"Sector-D Industrial Area, Mandideep - MPPCB",19-08-2024 20:00:00,23.108440,77.511428,CO,14,39,16
India,Madhya Pradesh,Mandideep,"Sector-D Industrial Area, Mandideep - MPPCB",19-08-2024 20:00:00,23.108440,77.511428,OZONE,23,26,25
India,Madhya Pradesh,Pithampur,"Sector-2 Industrial Area, Pithampur - MPPCB",19-08-2024 20:00:00,22.624758,75.675238,NO2,3,23,7
India,Madhya Pradesh,Ratlam,"Shasthri Nagar, Ratlam - IPCA Lab",19-08-2024 20:00:00,23.331731,75.045981,PM2.5,31,61,45
India,Madhya Pradesh,Sagar,"Civil Lines, Sagar - MPPCB",19-08-2024 20:00:00,23.838586,78.759431,PM10,43,159,82
India,Madhya Pradesh,Sagar,"Civil Lines, Sagar - MPPCB",19-08-2024 20:00:00,23.838586,78.759431,OZONE,10,53,45
India,Madhya Pradesh,Sagar,"Deen Dayal Nagar, Sagar - MPPCB",19-08-2024 20:00:00,23.8640158,78.80289321,PM10,47,124,94
India,Madhya Pradesh,Sagar,"Deen Dayal Nagar, Sagar - MPPCB",19-08-2024 20:00:00,23.8640158,78.80289321,NO2,22,24,23
India,Madhya Pradesh,Sagar,"Deen Dayal Nagar, Sagar - MPPCB",19-08-2024 20:00:00,23.8640158,78.80289321,SO2,12,13,12
India,Madhya Pradesh,Singrauli,"Suryakiran Bhawan NCL, Singrauli - MPPCB",19-08-2024 20:00:00,24.108970,82.645580,PM2.5,NA,NA,NA
India,Madhya Pradesh,Singrauli,"Suryakiran Bhawan NCL, Singrauli - MPPCB",19-08-2024 20:00:00,24.108970,82.645580,PM10,NA,NA,NA
India,Madhya Pradesh,Singrauli,"Suryakiran Bhawan NCL, Singrauli - MPPCB",19-08-2024 20:00:00,24.108970,82.645580,NO2,NA,NA,NA
India,Madhya Pradesh,Singrauli,"Suryakiran Bhawan NCL, Singrauli - MPPCB",19-08-2024 20:00:00,24.108970,82.645580,SO2,NA,NA,NA
India,Madhya Pradesh,Ujjain,"Mahakaleshwar Temple, Ujjain - MPPCB",19-08-2024 20:00:00,23.182719 ,75.768218 ,CO,15,30,28
India,Maharashtra,Ahmednagar,"Tarakpur, Ahmednagar - MPCB",19-08-2024 20:00:00,19.10122,74.73339,NO2,12,59,21
India,Maharashtra,Akola,"Ramdaspeth, Akola - MPCB",19-08-2024 20:00:00,20.719516,77.000253,NH3,4,8,5
India,Maharashtra,Akola,"Ramdaspeth, Akola - MPCB",19-08-2024 20:00:00,20.719516,77.000253,CO,13,88,18
India,Maharashtra,Amravati,"Shivneri Colony, Amravati - MPCB",19-08-2024 20:00:00,20.9402359,77.7895248,PM2.5,21,59,36
India,Maharashtra,Amravati,"Shivneri Colony, Amravati - MPCB",19-08-2024 20:00:00,20.9402359,77.7895248,OZONE,1,12,10
India,Maharashtra,Amravati,"Shri Shivaji Science College, Amaravati - MPCB",19-08-2024 20:00:00,20.939198,77.765701,SO2,1,3,2
India,Maharashtra,Aurangabad,"More Chowk Waluj, Aurangabad - MPCB",19-08-2024 20:00:00,19.8389439,75.244448,CO,2,57,37
India,Maharashtra,Badlapur,"Katrap, Badlapur - MPCB",19-08-2024 20:00:00,19.16485,73.23409,SO2,5,13,9
India,Maharashtra,Badlapur,"Katrap, Badlapur - MPCB",19-08-2024 20:00:00,19.16485,73.23409,CO,36,84,58
India,Maharashtra,Badlapur,"Katrap, Badlapur - MPCB",19-08-2024 20:00:00,19.16485,73.23409,OZONE,5,34,25
India,Maharashtra,Belapur,"CBD Belapur, Belapur - MPCB",19-08-2024 20:00:00,19.0243902,73.0406721,SO2,3,5,4
India,Maharashtra,Belapur,"CBD Belapur, Belapur - MPCB",19-08-2024 20:00:00,19.0243902,73.0406721,CO,2,28,13
India,Maharashtra,Belapur,"CBD Belapur, Belapur - MPCB",19-08-2024 20:00:00,19.0243902,73.0406721,OZONE,12,36,25
India,Maharashtra,Bhiwandi,"Gokul Nagar, Bhiwandi - MPCB",19-08-2024 20:00:00,19.309073,73.057223,SO2,3,12,8
India,Maharashtra,Bhiwandi,"Gokul Nagar, Bhiwandi - MPCB",19-08-2024 20:00:00,19.309073,73.057223,CO,28,70,40
India,Maharashtra,Boisar,"Khaira, Boisar - MPCB",19-08-2024 20:00:00,19.786089,72.757971,PM10,64,121,105
India,Maharashtra,Boisar,"Khaira, Boisar - MPCB",19-08-2024 20:00:00,19.786089,72.757971,NO2,4,30,16
India,Maharashtra,Boisar,"Khaira, Boisar - MPCB",19-08-2024 20:00:00,19.786089,72.757971,NH3,1,7,4
India,Maharashtra,Chandrapur,"Chauhan Colony, Chandrapur - MPCB",19-08-2024 20:00:00,19.962900,79.298714,NO2,14,28,18
India,Maharashtra,Chandrapur,"MIDC Khutala, Chandrapur - MPCB",19-08-2024 20:00:00,19.9775302,79.2337086,PM10,NA,NA,NA
India,Maharashtra,Chandrapur,"MIDC Khutala, Chandrapur - MPCB",19-08-2024 20:00:00,19.9775302,79.2337086,NH3,NA,NA,NA
India,Maharashtra,Chandrapur,"MIDC Khutala, Chandrapur - MPCB",19-08-2024 20:00:00,19.9775302,79.2337086,CO,6,36,20
India,Maharashtra,Dhule,"Deopur, Dhule - MPCB",19-08-2024 20:00:00,20.918946,74.776388,PM2.5,27,73,43
India,Maharashtra,Dhule,"Deopur, Dhule - MPCB",19-08-2024 20:00:00,20.918946,74.776388,PM10,26,78,56
India,Maharashtra,Dhule,"Deopur, Dhule - MPCB",19-08-2024 20:00:00,20.918946,74.776388,OZONE,6,25,19
India,Maharashtra,Jalna,"Old MIDC, Jalna - MPCB",19-08-2024 20:00:00,19.854616,75.905894,CO,4,9,6
India,Maharashtra,Jalna,"Old MIDC, Jalna - MPCB",19-08-2024 20:00:00,19.854616,75.905894,OZONE,5,26,13
India,Maharashtra,Kalyan,"Khadakpada, Kalyan - MPCB",19-08-2024 20:00:00,19.25292,73.142019,NH3,1,1,1
India,Maharashtra,Kolhapur,"Shivaji University, Kolhapur - MPCB",19-08-2024 20:00:00,16.6870449,74.2505872,PM2.5,30,69,49
India,Maharashtra,Kolhapur,"Shivaji University, Kolhapur - MPCB",19-08-2024 20:00:00,16.6870449,74.2505872,PM10,45,84,58
India,Maharashtra,Kolhapur,"Shivaji University, Kolhapur - MPCB",19-08-2024 20:00:00,16.6870449,74.2505872,NH3,2,3,2
India,Maharashtra,Kolhapur,"Shivaji University, Kolhapur - MPCB",19-08-2024 20:00:00,16.6870449,74.2505872,CO,11,38,18
India,Maharashtra,Kolhapur,"Sinchan Bhavan, Kolhapur - MPCB",19-08-2024 20:00:00,16.7143745,74.2426398,NO2,12,32,20
India,Maharashtra,Latur,"Sawe Wadi, Latur - MPCB",19-08-2024 20:00:00,18.39963,76.57452,SO2,3,6,4
India,Maharashtra,Latur,"Sawe Wadi, Latur - MPCB",19-08-2024 20:00:00,18.39963,76.57452,CO,15,52,24
India,Maharashtra,Mahad,"Kamble Tarf Birwadi, Mahad - MPCB",19-08-2024 20:00:00,18.1023399,73.4783687,CO,6,32,12
India,Maharashtra,Malegaon,"Mahesh Nagar, Malegaon - MPCB",19-08-2024 20:00:00,20.555712,74.529236,PM10,45,108,66
India,Maharashtra,Malegaon,"Mahesh Nagar, Malegaon - MPCB",19-08-2024 20:00:00,20.555712,74.529236,NH3,2,4,3
India,Maharashtra,Malegaon,"Mahesh Nagar, Malegaon - MPCB",19-08-2024 20:00:00,20.555712,74.529236,OZONE,2,34,15
India,Maharashtra,Mira-Bhayandar,"Bhayandar West, Mira-Bhayandar - MPCB",19-08-2024 20:00:00,19.296481,72.840923,PM10,38,65,51
India,Maharashtra,Mira-Bhayandar,"Bhayandar West, Mira-Bhayandar - MPCB",19-08-2024 20:00:00,19.296481,72.840923,NH3,3,6,4
India,Maharashtra,Mumbai,"Bandra Kurla Complex, Mumbai - MPCB",19-08-2024 20:00:00,19.065931,72.862131,NO2,7,23,14
India,Maharashtra,Mumbai,"Bandra Kurla Complex, Mumbai - MPCB",19-08-2024 20:00:00,19.065931,72.862131,OZONE,5,26,19
India,Maharashtra,Mumbai,"Borivali East, Mumbai - IITM",19-08-2024 20:00:00,19.23241,72.86895,CO,34,34,34
India,Maharashtra,Mumbai,"Borivali East, Mumbai - IITM",19-08-2024 20:00:00,19.23241,72.86895,OZONE,25,25,25
India,Maharashtra,Mumbai,"Borivali East, Mumbai - MPCB",19-08-2024 20:00:00,19.2243333,72.8658113,CO,16,22,18
India,Maharashtra,Mumbai,"Byculla, Mumbai - BMC",19-08-2024 20:00:00,18.9767,72.8380,PM10,13,39,26
India,Maharashtra,Mumbai,"Chembur, Mumbai - MPCB",19-08-2024 20:00:00,19.0364585,72.8954371,CO,28,39,32
India,Maharashtra,Mumbai,"Chhatrapati Shivaji Intl. Airport (T2), Mumbai - MPCB",19-08-2024 20:00:00,19.10078,72.87462,PM2.5,20,58,39
India,Maharashtra,Mumbai,"Deonar, Mumbai - IITM",19-08-2024 20:00:00,19.04946,72.9230,PM2.5,10,70,31
India,Maharashtra,Mumbai,"Ghatkopar, Mumbai - BMC",19-08-2024 20:00:00,19.083694,72.920967,PM2.5,6,25,12
India,Maharashtra,Mumbai,"Ghatkopar, Mumbai - BMC",19-08-2024 20:00:00,19.083694,72.920967,SO2,1,3,1
India,Maharashtra,Mumbai,"Ghatkopar, Mumbai - BMC",19-08-2024 20:00:00,19.083694,72.920967,CO,1,16,8
India,Maharashtra,Mumbai,"Ghatkopar, Mumbai - BMC",19-08-2024 20:00:00,19.083694,72.920967,OZONE,1,21,10
India,Maharashtra,Mumbai,"Kandivali East, Mumbai - MPCB",19-08-2024 20:00:00,19.205800,72.868200,NH3,NA,NA,NA
India,Maharashtra,Mumbai,"Kandivali East, Mumbai - MPCB",19-08-2024 20:00:00,19.205800,72.868200,CO,16,17,16
India,Maharashtra,Mumbai,"Kandivali West, Mumbai - BMC",19-08-2024 20:00:00,19.215859,72.831718,PM2.5,5,27,13
India,Maharashtra,Mumbai,"Kherwadi_Bandra East, Mumbai - MPCB",19-08-2024 20:00:00,19.0632143,72.8456324,PM2.5,27,62,38
India,Maharashtra,Mumbai,"Kherwadi_Bandra East, Mumbai - MPCB",19-08-2024 20:00:00,19.0632143,72.8456324,NO2,10,10,10
India,Maharashtra,Mumbai,"Kurla, Mumbai - MPCB",19-08-2024 20:00:00,19.0863,72.8888,PM10,18,123,46
India,Maharashtra,Mumbai,"Kurla, Mumbai - MPCB",19-08-2024 20:00:00,19.0863,72.8888,SO2,19,19,19
India,Maharashtra,Mumbai,"Malad West, Mumbai - IITM",19-08-2024 20:00:00,19.19709,72.82204,NH3,2,3,3
India,Maharashtra,Mumbai,"Malad West, Mumbai - IITM",19-08-2024 20:00:00,19.19709,72.82204,OZONE,5,12,9
India,Maharashtra,Mumbai,"Mindspace-Malad West, Mumbai - MPCB",19-08-2024 20:00:00,19.1878657,72.8304069,PM2.5,12,34,22
India,Maharashtra,Mumbai,"Mulund West, Mumbai - MPCB",19-08-2024 20:00:00,19.1750,72.9419,PM10,23,199,48
India,Maharashtra,Mumbai,"Powai, Mumbai - MPCB",19-08-2024 20:00:00,19.137500,72.915056,NO2,4,22,10
India,Maharashtra,Mumbai,"Powai, Mumbai - MPCB",19-08-2024 20:00:00,19.137500,72.915056,NH3,2,2,2
India,Maharashtra,Mumbai,"Powai, Mumbai - MPCB",19-08-2024 20:00:00,19.137500,72.915056,OZONE,5,6,6
India,Maharashtra,Mumbai,"Sewri, Mumbai - BMC",19-08-2024 20:00:00,19.000084,72.856730,NH3,2,5,3
India,Maharashtra,Mumbai,"Shivaji Nagar, Mumbai - BMC",19-08-2024 20:00:00,19.060498,72.923356,PM2.5,27,98,57
India,Maharashtra,Mumbai,"Shivaji Nagar, Mumbai - BMC",19-08-2024 20:00:00,19.060498,72.923356,NH3,7,10,8
India,Maharashtra,Mumbai,"Sion, Mumbai - MPCB",19-08-2024 20:00:00,19.047000,72.874600,NO2,25,32,28
India,Maharashtra,Mumbai,"Sion, Mumbai - MPCB",19-08-2024 20:00:00,19.047000,72.874600,SO2,27,28,28
India,Maharashtra,Mumbai,"Vile Parle West, Mumbai - MPCB",19-08-2024 20:00:00,19.10861,72.83622,PM10,36,422,208
India,Maharashtra,Mumbai,"Worli, Mumbai - MPCB",19-08-2024 20:00:00,18.9936162,72.8128113,PM2.5,32,50,42
India,Maharashtra,Mumbai,"Worli, Mumbai - MPCB",19-08-2024 20:00:00,18.9936162,72.8128113,PM10,40,77,60
India,Maharashtra,Mumbai,"Worli, Mumbai - MPCB",19-08-2024 20:00:00,18.9936162,72.8128113,NO2,2,4,3
India,Maharashtra,Mumbai,"Worli, Mumbai - MPCB",19-08-2024 20:00:00,18.9936162,72.8128113,SO2,13,14,13
India,Maharashtra,Mumbai,"Worli, Mumbai - MPCB",19-08-2024 20:00:00,18.9936162,72.8128113,CO,4,8,6
India,Maharashtra,Nagpur,"Ambazari, Nagpur - MPCB",19-08-2024 20:00:00,21.121801,79.04952,CO,11,49,28
India,Maharashtra,Nagpur,"Ambazari, Nagpur - MPCB",19-08-2024 20:00:00,21.121801,79.04952,OZONE,2,29,15
India,Maharashtra,Nagpur,"Mahal, Nagpur - MPCB",19-08-2024 20:00:00,21.14472,79.107595,PM2.5,8,51,30
India,Maharashtra,Nagpur,"Mahal, Nagpur - MPCB",19-08-2024 20:00:00,21.14472,79.107595,NO2,10,37,23
India,Maharashtra,Nagpur,"Mahal, Nagpur - MPCB",19-08-2024 20:00:00,21.14472,79.107595,SO2,5,23,13
India,Maharashtra,Nagpur,"Opp GPO Civil Lines, Nagpur - MPCB",19-08-2024 20:00:00,21.152875,79.0517531,PM10,NA,NA,NA
India,Maharashtra,Nagpur,"Opp GPO Civil Lines, Nagpur - MPCB",19-08-2024 20:00:00,21.152875,79.0517531,NO2,NA,NA,NA
India,Maharashtra,Nagpur,"Ram Nagar, Nagpur - MPCB",19-08-2024 20:00:00,21.143383,79.048912,NO2,NA,NA,NA
India,Maharashtra,Nanded,"Sneh Nagar, Nanded - MPCB",19-08-2024 20:00:00,19.173852,77.296291,SO2,NA,NA,NA
India,Maharashtra,Nashik,"Hirawadi, Nashik - MPCB",19-08-2024 20:00:00,20.021503,73.813844,PM2.5,25,76,50
India,Maharashtra,Nashik,"MIDC Ambad, Nashik - MPCB",19-08-2024 20:00:00,19.950220,73.731480,NH3,1,4,2
India,Maharashtra,Nashik,"MIDC Ambad, Nashik - MPCB",19-08-2024 20:00:00,19.950220,73.731480,OZONE,6,55,44
India,Maharashtra,Nashik,"Pandav Nagari, Nashik - MPCB",19-08-2024 20:00:00,19.9591346,73.7788008,NO2,18,130,65
India,Maharashtra,Navi Mumbai,"Kopripada-Vashi, Navi Mumbai - MPCB",19-08-2024 20:00:00,19.090337,73.014232,NO2,14,27,16
India,Maharashtra,Navi Mumbai,"Mahape, Navi Mumbai - MPCB",19-08-2024 20:00:00,19.1135051,73.008978,PM10,24,98,66
India,Maharashtra,Navi Mumbai,"Mahape, Navi Mumbai - MPCB",19-08-2024 20:00:00,19.1135051,73.008978,SO2,8,11,9
India,Maharashtra,Navi Mumbai,"Nerul, Navi Mumbai - MPCB",19-08-2024 20:00:00,19.008751,73.016620,CO,12,16,14
India,Maharashtra,Navi Mumbai,"Sanpada, Navi Mumbai - MPCB",19-08-2024 20:00:00,19.0575752,73.0151367,PM2.5,19,75,44
India,Maharashtra,Navi Mumbai,"Sanpada, Navi Mumbai - MPCB",19-08-2024 20:00:00,19.0575752,73.0151367,PM10,53,149,80
India,Maharashtra,Navi Mumbai,"Sanpada, Navi Mumbai - MPCB",19-08-2024 20:00:00,19.0575752,73.0151367,NO2,23,62,32
India,Maharashtra,Navi Mumbai,"Sector-2E Kalamboli, Navi Mumbai - MPCB",19-08-2024 20:00:00,19.02579,73.10297,PM2.5,7,357,51
India,Maharashtra,Navi Mumbai,"Sector-2E Kalamboli, Navi Mumbai - MPCB",19-08-2024 20:00:00,19.02579,73.10297,PM10,50,75,64
India,Maharashtra,Navi Mumbai,"Sector-2E Kalamboli, Navi Mumbai - MPCB",19-08-2024 20:00:00,19.02579,73.10297,CO,4,26,14
India,Maharashtra,Parbhani,"Masoom Colony, Parbhani - MPCB",19-08-2024 20:00:00,19.265594,76.761463,PM2.5,NA,NA,NA
India,Maharashtra,Pimpri-Chinchwad,"Gavalinagar, Pimpri Chinchwad - MPCB",19-08-2024 20:00:00,18.63673,73.82487,PM10,30,74,48
India,Maharashtra,Pimpri-Chinchwad,"Gavalinagar, Pimpri Chinchwad - MPCB",19-08-2024 20:00:00,18.63673,73.82487,NO2,NA,NA,NA
India,Maharashtra,Pimpri-Chinchwad,"Park Street Wakad, Pimpri Chinchwad - MPCB",19-08-2024 20:00:00,18.59051,73.77946,OZONE,1,39,20
India,Maharashtra,Pimpri-Chinchwad,"Savta Mali Nagar, Pimpri-Chinchwad - IITM",19-08-2024 20:00:00,18.614767,73.799516,OZONE,1,77,46
India,Maharashtra,Pimpri-Chinchwad,"Thergaon, Pimpri Chinchwad - MPCB",19-08-2024 20:00:00,18.616318,73.765797,CO,18,70,36
India,Maharashtra,Pune,"Bhumkar Nagar, Pune - IITM",19-08-2024 20:00:00,18.605770,73.749976,PM10,30,131,50
India,Maharashtra,Pune,"Bhumkar Nagar, Pune - IITM",19-08-2024 20:00:00,18.605770,73.749976,NO2,36,88,50
India,Maharashtra,Pune,"Bhumkar Nagar, Pune - IITM",19-08-2024 20:00:00,18.605770,73.749976,OZONE,1,80,41
India,Maharashtra,Pune,"Karve Road, Pune - MPCB",19-08-2024 20:00:00,18.5011743,73.8165527,PM2.5,22,54,32
India,Maharashtra,Pune,"Karve Road, Pune - MPCB",19-08-2024 20:00:00,18.5011743,73.8165527,NO2,4,10,6
India,Maharashtra,Pune,"Karve Road, Pune - MPCB",19-08-2024 20:00:00,18.5011743,73.8165527,OZONE,20,50,32
India,Maharashtra,Pune,"Katraj Dairy, Pune - MPCB",19-08-2024 20:00:00,18.454450,73.854155,PM2.5,21,23,22
India,Maharashtra,Pune,"Katraj Dairy, Pune - MPCB",19-08-2024 20:00:00,18.454450,73.854155,NH3,1,3,2
India,Maharashtra,Pune,"Mhada Colony, Pune - IITM",19-08-2024 20:00:00,18.573040,73.927715,NO2,29,58,41
India,Maharashtra,Pune,"Mhada Colony, Pune - IITM",19-08-2024 20:00:00,18.573040,73.927715,CO,54,100,84
India,Maharashtra,Pune,"Panchawati_Pashan, Pune - IITM",19-08-2024 20:00:00,18.536457,73.805454,PM10,10,35,21
India,Maharashtra,Pune,"Savitribai Phule Pune University, Pune - MPCB",19-08-2024 20:00:00,18.547056,73.826908,PM2.5,NA,NA,NA
India,Maharashtra,Pune,"Savitribai Phule Pune University, Pune - MPCB",19-08-2024 20:00:00,18.547056,73.826908,NH3,NA,NA,NA
India,Maharashtra,Pune,"Transport Nagar-Nigdi, Pune - IITM",19-08-2024 20:00:00,18.664282,73.763966,CO,44,102,87
India,Maharashtra,Pune,"Transport Nagar-Nigdi, Pune - IITM",19-08-2024 20:00:00,18.664282,73.763966,OZONE,2,87,40
India,Maharashtra,Solapur,"Dnyaneshwar Nagar, Solapur - MPCB",19-08-2024 20:00:00,17.6336264,75.9132495,NH3,NA,NA,NA
India,Maharashtra,Solapur,"Dnyaneshwar Nagar, Solapur - MPCB",19-08-2024 20:00:00,17.6336264,75.9132495,OZONE,12,32,23
India,Maharashtra,Solapur,"Ratandeep Housing Society, Solapur - MPCB",19-08-2024 20:00:00,17.65439,75.90649,PM2.5,15,50,34
India,Maharashtra,Solapur,"Ratandeep Housing Society, Solapur - MPCB",19-08-2024 20:00:00,17.65439,75.90649,NO2,1,4,2
India,Maharashtra,Solapur,"Solapur, Solapur - MPCB",19-08-2024 20:00:00,17.6599188,75.9063906,PM2.5,77,77,77
India,Maharashtra,Solapur,"Solapur, Solapur - MPCB",19-08-2024 20:00:00,17.6599188,75.9063906,PM10,112,112,112
India,Maharashtra,Thane,"Kasarvadavali, Thane - MPCB",19-08-2024 20:00:00,19.26777,72.97182,PM2.5,11,45,28
India,Manipur,Imphal,"DM College of Science, Imphal - Manipur PCB",19-08-2024 20:00:00,24.8207389,93.9423085,PM2.5,NA,NA,NA
India,Manipur,Imphal,"DM College of Science, Imphal - Manipur PCB",19-08-2024 20:00:00,24.8207389,93.9423085,NO2,NA,NA,NA
India,Manipur,Imphal,"DM College of Science, Imphal - Manipur PCB",19-08-2024 20:00:00,24.8207389,93.9423085,SO2,NA,NA,NA
India,Mizoram,Aizawl,"Sikulpuikawn, Aizawl - Mizoram PCB",19-08-2024 20:00:00,23.7176342,92.7192841,PM10,1,8,4
India,Mizoram,Aizawl,"Sikulpuikawn, Aizawl - Mizoram PCB",19-08-2024 20:00:00,23.7176342,92.7192841,NO2,1,2,1
India,Mizoram,Aizawl,"Sikulpuikawn, Aizawl - Mizoram PCB",19-08-2024 20:00:00,23.7176342,92.7192841,NH3,NA,NA,NA
India,Nagaland,Kohima,"PWD Juction, Kohima - NPCB",19-08-2024 20:00:00,25.6635413,94.0989878,PM2.5,1,50,15
India,Nagaland,Kohima,"PWD Juction, Kohima - NPCB",19-08-2024 20:00:00,25.6635413,94.0989878,NO2,3,7,3
India,Nagaland,Kohima,"PWD Juction, Kohima - NPCB",19-08-2024 20:00:00,25.6635413,94.0989878,NH3,1,1,1
India,Odisha,Angul,"Hakimapada, Angul - OSPCB",19-08-2024 20:00:00,20.832874,85.104082,NH3,1,2,2
India,Odisha,Balasore,"Kalidaspur, Balasore - OSPCB",19-08-2024 20:00:00,21.51161,86.89088,NO2,NA,NA,NA
India,Odisha,Balasore,"Kalidaspur, Balasore - OSPCB",19-08-2024 20:00:00,21.51161,86.89088,OZONE,8,58,42
India,Odisha,Barbil,"Forest Office, Barbil - OSPCB",19-08-2024 20:00:00,22.1166054,85.3945546,NO2,2,8,4
India,Odisha,Barbil,"Forest Office, Barbil - OSPCB",19-08-2024 20:00:00,22.1166054,85.3945546,NH3,2,3,3
India,Odisha,Barbil,"Forest Office, Barbil - OSPCB",19-08-2024 20:00:00,22.1166054,85.3945546,OZONE,10,51,35
India,Odisha,Baripada,"Meher Colony, Baripada - OSPCB",19-08-2024 20:00:00,21.941841,86.728318,PM2.5,16,30,22
India,Odisha,Bhubaneswar,"Lingraj Mandir, Bhubaneswar - OSPCB",19-08-2024 20:00:00,20.240790,85.836784,PM2.5,15,293,92
India,Odisha,Bhubaneswar,"Lingraj Mandir, Bhubaneswar - OSPCB",19-08-2024 20:00:00,20.240790,85.836784,OZONE,15,50,38
India,Odisha,Bhubaneswar,"Patia, Bhubaneswar - OSPCB",19-08-2024 20:00:00,20.34652,85.81630,PM2.5,8,73,35
India,Odisha,Bhubaneswar,"Patia, Bhubaneswar - OSPCB",19-08-2024 20:00:00,20.34652,85.81630,SO2,3,51,12
India,Odisha,Bileipada,"Tata Township, Bileipada - OSPCB",19-08-2024 20:00:00,22.06156703,85.47409613,PM10,57,143,80
India,Odisha,Bileipada,"Tata Township, Bileipada - OSPCB",19-08-2024 20:00:00,22.06156703,85.47409613,NO2,16,21,19
India,Odisha,Bileipada,"Tata Township, Bileipada - OSPCB",19-08-2024 20:00:00,22.06156703,85.47409613,NH3,7,8,7
India,Odisha,Bileipada,"Tata Township, Bileipada - OSPCB",19-08-2024 20:00:00,22.06156703,85.47409613,CO,14,32,15
India,Odisha,Bileipada,"Tata Township, Bileipada - OSPCB",19-08-2024 20:00:00,22.06156703,85.47409613,OZONE,9,12,11
India,Odisha,Byasanagar,"Ferro Chrome Colony, Byasanagar - OSPCB",19-08-2024 20:00:00,20.94185,86.11510,PM10,10,112,46
India,Odisha,Byasanagar,"Ferro Chrome Colony, Byasanagar - OSPCB",19-08-2024 20:00:00,20.94185,86.11510,NH3,1,2,1
India,Odisha,Byasanagar,"Ferro Chrome Colony, Byasanagar - OSPCB",19-08-2024 20:00:00,20.94185,86.11510,CO,17,34,22
India,Odisha,Cuttack,"CDA Area, Cuttack - OSPCB",19-08-2024 20:00:00,20.48891     ,85.84768     ,NO2,5,29,12
India,Odisha,Nayagarh,"Dabuna, Nayagarh - OSPCB",19-08-2024 20:00:00,21.847279,85.416905,PM2.5,20,36,28
India,Odisha,Nayagarh,"Dabuna, Nayagarh - OSPCB",19-08-2024 20:00:00,21.847279,85.416905,NH3,10,11,10
India,Odisha,Rairangpur,"Divisional Forest Office, Rairangpur - OSPCB",19-08-2024 20:00:00,22.265816,86.174829,PM10,24,47,32
India,Odisha,Rairangpur,"Divisional Forest Office, Rairangpur - OSPCB",19-08-2024 20:00:00,22.265816,86.174829,SO2,8,9,9
India,Odisha,Rairangpur,"Divisional Forest Office, Rairangpur - OSPCB",19-08-2024 20:00:00,22.265816,86.174829,CO,24,39,26
India,Odisha,Rourkela,"Fertilizer Township, Rourkela - OSPCB",19-08-2024 20:00:00,22.18972222,84.86277778,SO2,7,16,10
India,Odisha,Rourkela,"Fertilizer Township, Rourkela - OSPCB",19-08-2024 20:00:00,22.18972222,84.86277778,CO,18,22,20
India,Odisha,Rourkela,"Raghunathpali, Rourkela - OSPCB",19-08-2024 20:00:00,22.220833,84.809444,PM2.5,18,47,32
India,Odisha,Rourkela,"Raghunathpali, Rourkela - OSPCB",19-08-2024 20:00:00,22.220833,84.809444,NH3,2,3,3
India,Odisha,Rourkela,"Raghunathpali, Rourkela - OSPCB",19-08-2024 20:00:00,22.220833,84.809444,OZONE,5,14,9
India,Odisha,Rourkela,"Sector-2, Rourkela - OSPCB",19-08-2024 20:00:00,22.24500000,84.88111111,PM2.5,9,46,20
India,Odisha,Rourkela,"Sector-2, Rourkela - OSPCB",19-08-2024 20:00:00,22.24500000,84.88111111,PM10,17,53,36
India,Odisha,Suakati,"OMC Colony, Suakati - OSPCB",19-08-2024 20:00:00,21.606865,85.510538,NH3,7,13,8
India,Odisha,Suakati,"OMC Colony, Suakati - OSPCB",19-08-2024 20:00:00,21.606865,85.510538,OZONE,17,322,46
India,Odisha,Talcher,"Talcher Coalfields,Talcher - OSPCB",19-08-2024 20:00:00,20.9360711,85.1707021,CO,34,109,54
India,Puducherry,Puducherry,"Jawahar Nagar, Puducherry - PPCC",19-08-2024 20:00:00,11.9309,79.8027,NO2,NA,NA,NA
India,Puducherry,Puducherry,"Jawahar Nagar, Puducherry - PPCC",19-08-2024 20:00:00,11.9309,79.8027,NH3,NA,NA,NA
India,Puducherry,Puducherry,"Jawahar Nagar, Puducherry - PPCC",19-08-2024 20:00:00,11.9309,79.8027,OZONE,33,64,51
India,Punjab,Amritsar,"Golden Temple, Amritsar - PPCB",19-08-2024 20:00:00,31.620000,74.876512,SO2,NA,NA,NA
India,Punjab,Jalandhar,"Civil Line, Jalandhar - PPCB",19-08-2024 20:00:00,31.321907,75.578914,NH3,4,4,4
India,Punjab,Jalandhar,"Civil Line, Jalandhar - PPCB",19-08-2024 20:00:00,31.321907,75.578914,SO2,14,15,15
India,Punjab,Khanna,"Kalal Majra, Khanna - PPCB",19-08-2024 20:00:00,30.736056 ,76.209694,OZONE,29,40,35
India,Punjab,Mandi Gobindgarh,"RIMT University, Mandi Gobindgarh - PPCB",19-08-2024 20:00:00,30.649961,76.331442,SO2,NA,NA,NA
India,Punjab,Patiala,"Model Town, Patiala - PPCB",19-08-2024 20:00:00,30.349388,76.366642,NO2,15,21,18
India,Punjab,Patiala,"Model Town, Patiala - PPCB",19-08-2024 20:00:00,30.349388,76.366642,NH3,4,4,4
India,Punjab,Rupnagar,"Ratanpura, Rupnagar - Ambuja Cements",19-08-2024 20:00:00,31.0325454,76.5623046,PM10,16,194,82
India,Punjab,Rupnagar,"Ratanpura, Rupnagar - Ambuja Cements",19-08-2024 20:00:00,31.0325454,76.5623046,NO2,8,12,10
India,Rajasthan,Ajmer,"Civil Lines,  Ajmer - RSPCB",19-08-2024 20:00:00,26.470859,74.646594,PM10,44,84,65
India,Rajasthan,Ajmer,"Civil Lines,  Ajmer - RSPCB",19-08-2024 20:00:00,26.470859,74.646594,OZONE,4,6,5
India,Rajasthan,Alwar,"Moti Doongri, Alwar - RSPCB",19-08-2024 20:00:00,27.554793,76.611536,NH3,6,8,7
India,Rajasthan,Banswara,"Rati Talai, Banswara - RSPCB",19-08-2024 20:00:00,23.555190,74.440010,NH3,3,5,4
India,Rajasthan,Baran,"Bamboliya, Baran - RSPCB",19-08-2024 20:00:00,25.106006,76.469948,PM10,19,45,35
India,Rajasthan,Baran,"Bamboliya, Baran - RSPCB",19-08-2024 20:00:00,25.106006,76.469948,CO,12,28,16
India,Rajasthan,Barmer,"Railway Colony, Barmer - RSPCB",19-08-2024 20:00:00,25.747299,71.393989,CO,19,39,25
India,Rajasthan,Bhilwara,"Pratap Nagar, Bhilwara - RSPCB",19-08-2024 20:00:00,25.339605,74.618883,PM2.5,16,62,41
India,Rajasthan,Bhilwara,"Pratap Nagar, Bhilwara - RSPCB",19-08-2024 20:00:00,25.339605,74.618883,CO,4,38,16
India,Rajasthan,Bhiwadi,"Vasundhara Nagar_UIT, Bhiwadi - RSPCB",19-08-2024 20:00:00,28.207266,76.829265,NO2,9,13,11
India,Rajasthan,Bikaner,"MM Ground, Bikaner - RSPCB",19-08-2024 20:00:00,28.018792,73.292658,PM2.5,6,53,21
India,Rajasthan,Bikaner,"MM Ground, Bikaner - RSPCB",19-08-2024 20:00:00,28.018792,73.292658,NO2,14,37,26
India,Rajasthan,Bikaner,"MM Ground, Bikaner - RSPCB",19-08-2024 20:00:00,28.018792,73.292658,OZONE,4,13,7
India,Rajasthan,Bundi,"New Colony, Bundi - RSPCB",19-08-2024 20:00:00,25.435774,75.644272,NO2,4,18,8
India,Rajasthan,Chittorgarh,"Shastri Nagar, Chittorgarh - RSPCB",19-08-2024 20:00:00,24.892047,74.623527,PM10,50,125,86
India,Rajasthan,Dausa,"Khatikan Mohalla, Dausa - RSPCB",19-08-2024 20:00:00,26.895552,76.334753,PM10,11,500,133
India,Rajasthan,Dausa,"Khatikan Mohalla, Dausa - RSPCB",19-08-2024 20:00:00,26.895552,76.334753,NH3,3,7,5
India,Rajasthan,Dholpur,"Raja Ganj, Dholpur - RSPCB",19-08-2024 20:00:00,26.699557,77.898881,OZONE,1,45,25
India,Rajasthan,Dungarpur,"Bhoiwada, Dungarpur - RSPCB",19-08-2024 20:00:00,23.837789,73.714926,PM2.5,50,72,61
India,Rajasthan,Dungarpur,"Bhoiwada, Dungarpur - RSPCB",19-08-2024 20:00:00,23.837789,73.714926,OZONE,5,45,38
India,Rajasthan,Jaipur,"Adarsh Nagar, Jaipur - RSPCB",19-08-2024 20:00:00,26.902909,75.836858,NO2,14,51,26
India,Rajasthan,Jaipur,"Mansarovar Sector-12, Jaipur - RSPCB",19-08-2024 20:00:00,26.843698,75.766894,OZONE,32,85,76
India,Rajasthan,Jaipur,"Police Commissionerate, Jaipur - RSPCB",19-08-2024 20:00:00,26.9164092,75.7994901,OZONE,19,48,39
India,Rajasthan,Jaipur,"RIICO Sitapura, Jaipur - RSPCB",19-08-2024 20:00:00,26.786682,75.827928,NH3,2,5,3
India,Rajasthan,Jaipur,"Sector-2 Murlipura, Jaipur - RSPCB",19-08-2024 20:00:00,26.960669,75.771817,OZONE,16,33,29
India,Rajasthan,Jaipur,"Shastri Nagar, Jaipur - RSPCB",19-08-2024 20:00:00,26.9502929,75.730943,NO2,9,47,24
India,Rajasthan,Jaisalmer,"Sadar Bazar, Jaisalmer - RSPCB",19-08-2024 20:00:00,26.912329,70.909168,NH3,3,4,3
India,Rajasthan,Jaisalmer,"Sadar Bazar, Jaisalmer - RSPCB",19-08-2024 20:00:00,26.912329,70.909168,CO,7,38,20
India,Rajasthan,Jhalawar,"Rajlaxmi Nagar, Jhalawar - RSPCB",19-08-2024 20:00:00,24.588397,76.172782,PM10,32,110,60
India,Rajasthan,Jhalawar,"Rajlaxmi Nagar, Jhalawar - RSPCB",19-08-2024 20:00:00,24.588397,76.172782,NO2,4,8,5
India,Rajasthan,Jhalawar,"Rajlaxmi Nagar, Jhalawar - RSPCB",19-08-2024 20:00:00,24.588397,76.172782,CO,18,38,19
India,Rajasthan,Jodhpur,"Collectorate, Jodhpur - RSPCB",19-08-2024 20:00:00,26.268249,73.0193853,NO2,1,71,46
India,Rajasthan,Jodhpur,"Digari Kalan, Jodhpur - RSPCB",19-08-2024 20:00:00,26.295810,73.082283,SO2,NA,NA,NA
India,Rajasthan,Jodhpur,"Jhalamand, Jodhpur - RSPCB",19-08-2024 20:00:00,26.215415,73.070156,CO,15,39,19
India,Rajasthan,Jodhpur,"Samrat Ashok Udhyan, Jodhpur - RSPCB",19-08-2024 20:00:00,26.253384,72.976571,NO2,3,20,10
India,Rajasthan,Jodhpur,"Samrat Ashok Udhyan, Jodhpur - RSPCB",19-08-2024 20:00:00,26.253384,72.976571,SO2,5,6,5
India,Rajasthan,Kota,"Dhanmandi, Kota - RSPCB",19-08-2024 20:00:00,25.164090,75.858137,OZONE,6,42,35
India,Rajasthan,Kota,"Nayapura, Kota - RSPCB",19-08-2024 20:00:00,25.196024,75.855668,CO,15,64,20
India,Rajasthan,Kota,"Shrinath Puram, Kota - RSPCB",19-08-2024 20:00:00,25.14389,75.821256,PM10,30,379,83
India,Rajasthan,Kota,"Shrinath Puram, Kota - RSPCB",19-08-2024 20:00:00,25.14389,75.821256,NH3,2,2,2
India,Rajasthan,Pratapgarh,"Pragati Nagar, Pratapgarh - RSPCB",19-08-2024 20:00:00,24.041198,74.780702,PM2.5,30,45,38
India,Rajasthan,Rajsamand,"Dhoinda, Rajsamand - RSPCB",19-08-2024 20:00:00,25.036360,73.883502,NH3,6,10,8
India,Rajasthan,Rajsamand,"Dhoinda, Rajsamand - RSPCB",19-08-2024 20:00:00,25.036360,73.883502,CO,14,22,17
India,Rajasthan,Rajsamand,"Dhoinda, Rajsamand - RSPCB",19-08-2024 20:00:00,25.036360,73.883502,OZONE,2,67,56
India,Rajasthan,Sawai Madhopur,"Sahu Nagar, Sawai Madhopur - RSPCB",19-08-2024 20:00:00,26.031443,76.359327,PM2.5,24,65,33
India,Rajasthan,Sawai Madhopur,"Sahu Nagar, Sawai Madhopur - RSPCB",19-08-2024 20:00:00,26.031443,76.359327,NO2,3,20,9
India,Rajasthan,Sawai Madhopur,"Sahu Nagar, Sawai Madhopur - RSPCB",19-08-2024 20:00:00,26.031443,76.359327,SO2,4,9,6
India,Rajasthan,Sikar,"Radhakishan Pura, Sikar - RSPCB",19-08-2024 20:00:00,27.608912,75.153302,PM2.5,11,41,24
India,Rajasthan,Sikar,"Radhakishan Pura, Sikar - RSPCB",19-08-2024 20:00:00,27.608912,75.153302,PM10,24,91,50
India,Rajasthan,Sikar,"Radhakishan Pura, Sikar - RSPCB",19-08-2024 20:00:00,27.608912,75.153302,CO,14,34,18
India,Rajasthan,Sikar,"Radhakishan Pura, Sikar - RSPCB",19-08-2024 20:00:00,27.608912,75.153302,OZONE,15,28,23
India,Rajasthan,Sirohi,"Vedhaynath Colony, Sirohi - RSPCB",19-08-2024 20:00:00,24.885261,72.857549,NH3,2,3,3
India,Rajasthan,Sri Ganganagar,"Old City, Sri Ganganagar - RSPCB",19-08-2024 20:00:00,29.931624,73.864511,PM10,64,400,155
India,Rajasthan,Tonk,"Shastri Nagar, Tonk - RSPCB",19-08-2024 20:00:00,26.159933,75.780517,NO2,NA,NA,NA
India,Rajasthan,Tonk,"Shastri Nagar, Tonk - RSPCB",19-08-2024 20:00:00,26.159933,75.780517,NH3,NA,NA,NA
India,Rajasthan,Tonk,"Shastri Nagar, Tonk - RSPCB",19-08-2024 20:00:00,26.159933,75.780517,OZONE,4,14,10
India,Rajasthan,Udaipur,"Ashok Nagar, Udaipur - RSPCB",19-08-2024 20:00:00,24.5886166,73.6321397,SO2,4,16,8
India,Sikkim,Gangtok,"Zero Point GICI, Gangtok - SSPCB",19-08-2024 20:00:00,27.338530,88.614099,PM10,6,16,10
India,Sikkim,Gangtok,"Zero Point GICI, Gangtok - SSPCB",19-08-2024 20:00:00,27.338530,88.614099,SO2,12,13,12
India,TamilNadu,Ariyalur,"Keelapalur, Ariyalur - TNPCB",19-08-2024 20:00:00,11.06825,79.07033,NH3,1,4,2
India,TamilNadu,Chennai,"Alandur Bus Depot, Chennai - CPCB",19-08-2024 20:00:00,12.9099161,80.1076538,PM2.5,23,500,153
India,TamilNadu,Chennai,"Alandur Bus Depot, Chennai - CPCB",19-08-2024 20:00:00,12.9099161,80.1076538,OZONE,2,10,5
India,TamilNadu,Chennai,"Kodungaiyur, Chennai - TNPCB",19-08-2024 20:00:00,13.1278,80.2642,NO2,6,16,11
India,TamilNadu,Chennai,"Kodungaiyur, Chennai - TNPCB",19-08-2024 20:00:00,13.1278,80.2642,OZONE,28,63,49
India,TamilNadu,Chennai,"Manali, Chennai - CPCB",19-08-2024 20:00:00,13.164544,80.26285,PM10,11,42,26
India,TamilNadu,Chennai,"Manali, Chennai - CPCB",19-08-2024 20:00:00,13.164544,80.26285,OZONE,6,23,15
India,TamilNadu,Chennai,"Perungudi, Chennai - TNPCB",19-08-2024 20:00:00,12.9533,80.2357,NH3,2,3,2
India,TamilNadu,Chennai,"Perungudi, Chennai - TNPCB",19-08-2024 20:00:00,12.9533,80.2357,CO,24,33,30
India,TamilNadu,Chennai,"Royapuram, Chennai - TNPCB",19-08-2024 20:00:00,13.1036,80.2909,PM10,8,75,33
India,TamilNadu,Chennai,"Royapuram, Chennai - TNPCB",19-08-2024 20:00:00,13.1036,80.2909,NH3,2,3,2
India,TamilNadu,Chennai,"Velachery Res. Area, Chennai - CPCB",19-08-2024 20:00:00,13.0052189,80.2398125,OZONE,38,62,50
India,TamilNadu,Coimbatore,"PSG College of Arts and Science, Coimbatore - TNPCB",19-08-2024 20:00:00,11.0328,77.0349,SO2,NA,NA,NA
India,TamilNadu,Dindigul,"Mendonsa Colony, Dindigul - TNPCB",19-08-2024 20:00:00,10.358535,77.984321,PM2.5,NA,NA,NA
India,TamilNadu,Ooty,"Bombay Castel, Ooty - TNPCB",19-08-2024 20:00:00,11.4068288,76.7138973,NH3,8,16,13
India,TamilNadu,Ooty,"Bombay Castel, Ooty - TNPCB",19-08-2024 20:00:00,11.4068288,76.7138973,OZONE,5,6,5
India,TamilNadu,Palkalaiperur,"Bharathidasan University, Palkalaiperur - TNPCB",19-08-2024 20:00:00,10.681158,78.741746,PM10,NA,NA,NA
India,TamilNadu,Palkalaiperur,"Bharathidasan University, Palkalaiperur - TNPCB",19-08-2024 20:00:00,10.681158,78.741746,OZONE,1,1,1
India,TamilNadu,Ramanathapuram,"Chalai Bazaar, Ramanathapuram - TNPCB",19-08-2024 20:00:00,9.36399,78.831977,PM10,NA,NA,NA
India,TamilNadu,Thoothukudi,"Meelavittan, Thoothukudi - TNPCB",19-08-2024 20:00:00,8.816428 ,78.099039,CO,14,23,19
India,TamilNadu,Tirunelveli,"Municipal Corporation Office, Tirunelveli - TNPCB",19-08-2024 20:00:00,8.728442,77.6962,SO2,14,20,18
India,TamilNadu,Tirupur,"Kumaran College, Tirupur - TNPCB",19-08-2024 20:00:00,11.0973603,77.3228673,PM2.5,NA,NA,NA
India,Telangana,Hyderabad,"Bollaram Industrial Area, Hyderabad - TSPCB",19-08-2024 20:00:00,17.540891,78.358528,PM10,24,129,54
India,Telangana,Hyderabad,"Central University, Hyderabad - TSPCB",19-08-2024 20:00:00,17.460103,78.334361,SO2,2,7,5
India,Telangana,Hyderabad,"ECIL Kapra, Hyderabad - TSPCB",19-08-2024 20:00:00,17.470431,78.566959,NH3,6,10,9
India,Telangana,Hyderabad,"ECIL Kapra, Hyderabad - TSPCB",19-08-2024 20:00:00,17.470431,78.566959,CO,16,34,24
India,Telangana,Hyderabad,"ECIL Kapra, Hyderabad - TSPCB",19-08-2024 20:00:00,17.470431,78.566959,OZONE,24,35,32
India,Telangana,Hyderabad,"ICRISAT Patancheru, Hyderabad - TSPCB",19-08-2024 20:00:00,17.518400,78.278777,PM2.5,20,80,44
India,Telangana,Hyderabad,"ICRISAT Patancheru, Hyderabad - TSPCB",19-08-2024 20:00:00,17.518400,78.278777,CO,22,86,59
India,Telangana,Hyderabad,"IDA Pashamylaram, Hyderabad - TSPCB",19-08-2024 20:00:00,17.5316895,78.218939,CO,22,100,74
India,Telangana,Hyderabad,"Kokapet, Hyderabad - TSPCB",19-08-2024 20:00:00,17.393559,78.339194,CO,19,20,20
India,Telangana,Hyderabad,"Kokapet, Hyderabad - TSPCB",19-08-2024 20:00:00,17.393559,78.339194,OZONE,5,8,6
India,Telangana,Hyderabad,"Nacharam_TSIIC IALA, Hyderabad - TSPCB",19-08-2024 20:00:00,17.429398,78.569354,PM2.5,45,67,52
India,Telangana,Hyderabad,"New Malakpet, Hyderabad - TSPCB",19-08-2024 20:00:00,17.37206,78.50864,PM10,60,74,66
India,Telangana,Hyderabad,"New Malakpet, Hyderabad - TSPCB",19-08-2024 20:00:00,17.37206,78.50864,NO2,4,15,10
India,Telangana,Hyderabad,"New Malakpet, Hyderabad - TSPCB",19-08-2024 20:00:00,17.37206,78.50864,NH3,2,4,3
India,Telangana,Hyderabad,"New Malakpet, Hyderabad - TSPCB",19-08-2024 20:00:00,17.37206,78.50864,CO,23,68,48
India,Telangana,Hyderabad,"Sanathnagar, Hyderabad - TSPCB",19-08-2024 20:00:00,17.4559458,78.4332152,OZONE,14,18,16
India,Telangana,Hyderabad,"Zoo Park, Hyderabad - TSPCB",19-08-2024 20:00:00,17.349694,78.451437,NH3,NA,NA,NA
India,Telangana,Hyderabad,"Zoo Park, Hyderabad - TSPCB",19-08-2024 20:00:00,17.349694,78.451437,SO2,NA,NA,NA
India,Uttar_Pradesh,Agra,"Manoharpur, Agra - UPPCB",19-08-2024 20:00:00,27.23711,78.01936,PM2.5,14,39,26
India,Uttar_Pradesh,Agra,"Rohta, Agra - UPPCB",19-08-2024 20:00:00,27.106972,78.000111,OZONE,13,14,13
India,Uttar_Pradesh,Agra,"Sanjay Palace, Agra - UPPCB",19-08-2024 20:00:00,27.19865833,78.00598056,NO2,11,28,20
India,Uttar_Pradesh,Agra,"Sanjay Palace, Agra - UPPCB",19-08-2024 20:00:00,27.19865833,78.00598056,SO2,NA,NA,NA
India,Uttar_Pradesh,Agra,"Sector-3B Avas Vikas Colony, Agra - UPPCB",19-08-2024 20:00:00,27.19412,77.96237,PM2.5,3,17,10
India,Uttar_Pradesh,Agra,"Shahjahan Garden, Agra - UPPCB",19-08-2024 20:00:00,27.169338,78.03582,NH3,1,1,1
India,Uttar_Pradesh,Baghpat,"Sardar Patel Inter College, Baghpat - UPPCB",19-08-2024 20:00:00,28.964949,77.278761,PM2.5,2,31,14
India,Uttar_Pradesh,Firozabad,"Nagla Bhau, Firozabad - UPPCB",19-08-2024 20:00:00,27.168897,78.376960,CO,22,29,24
India,Uttar_Pradesh,Firozabad,"Vibhab Nagar, Firozabad - UPPCB",19-08-2024 20:00:00,27.1594,78.3953,PM2.5,NA,NA,NA
India,Uttar_Pradesh,Firozabad,"Vibhab Nagar, Firozabad - UPPCB",19-08-2024 20:00:00,27.1594,78.3953,PM10,32,47,41
India,Uttar_Pradesh,Firozabad,"Vibhab Nagar, Firozabad - UPPCB",19-08-2024 20:00:00,27.1594,78.3953,NO2,6,14,13
India,Uttar_Pradesh,Firozabad,"Vibhab Nagar, Firozabad - UPPCB",19-08-2024 20:00:00,27.1594,78.3953,NH3,1,2,2
India,Uttar_Pradesh,Firozabad,"Vibhab Nagar, Firozabad - UPPCB",19-08-2024 20:00:00,27.1594,78.3953,SO2,6,10,7
India,Uttar_Pradesh,Ghaziabad,"Indirapuram, Ghaziabad - UPPCB",19-08-2024 20:00:00,28.646233,77.358075,NO2,21,48,33
India,Uttar_Pradesh,Ghaziabad,"Indirapuram, Ghaziabad - UPPCB",19-08-2024 20:00:00,28.646233,77.358075,SO2,18,22,20
India,Uttar_Pradesh,Ghaziabad,"Loni, Ghaziabad - UPPCB",19-08-2024 20:00:00,28.757294,77.278792,PM2.5,16,157,71
India,Uttar_Pradesh,Ghaziabad,"Loni, Ghaziabad - UPPCB",19-08-2024 20:00:00,28.757294,77.278792,NO2,10,52,24
India,Uttar_Pradesh,Ghaziabad,"Sanjay Nagar, Ghaziabad - UPPCB",19-08-2024 20:00:00,28.685382,77.453839,PM10,NA,NA,NA
India,Uttar_Pradesh,Ghaziabad,"Sanjay Nagar, Ghaziabad - UPPCB",19-08-2024 20:00:00,28.685382,77.453839,NO2,NA,NA,NA
India,Uttar_Pradesh,Ghaziabad,"Sanjay Nagar, Ghaziabad - UPPCB",19-08-2024 20:00:00,28.685382,77.453839,OZONE,1,38,18
India,Uttar_Pradesh,Greater Noida,"Knowledge Park - III, Greater Noida - UPPCB",19-08-2024 20:00:00,28.47272,77.482000,NO2,15,68,32
India,Uttar_Pradesh,Greater Noida,"Knowledge Park - III, Greater Noida - UPPCB",19-08-2024 20:00:00,28.47272,77.482000,CO,24,55,27
India,Uttar_Pradesh,Greater Noida,"Knowledge Park - V, Greater Noida - UPPCB",19-08-2024 20:00:00,28.557054,77.453663,NO2,13,25,17
India,Uttar_Pradesh,Hapur,"Anand Vihar, Hapur - UPPCB",19-08-2024 20:00:00,28.725645,77.749675,CO,30,64,37
India,Uttar_Pradesh,Jhansi,"Shivaji Nagar, Jhansi - UPPCB",19-08-2024 20:00:00,25.4547,78.6039,NO2,12,49,24
India,Uttar_Pradesh,Jhansi,"Shivaji Nagar, Jhansi - UPPCB",19-08-2024 20:00:00,25.4547,78.6039,OZONE,41,119,75
India,Uttar_Pradesh,Kanpur,"NSI Kalyanpur, Kanpur - UPPCB",19-08-2024 20:00:00,26.509954,80.249612,PM2.5,13,99,36
India,Uttar_Pradesh,Kanpur,"NSI Kalyanpur, Kanpur - UPPCB",19-08-2024 20:00:00,26.509954,80.249612,CO,26,56,34
India,Uttar_Pradesh,Kanpur,"Nehru Nagar, Kanpur - UPPCB",19-08-2024 20:00:00,26.4703136,80.3229863,SO2,2,9,7
India,Uttar_Pradesh,Kanpur,"Nehru Nagar, Kanpur - UPPCB",19-08-2024 20:00:00,26.4703136,80.3229863,OZONE,12,36,18
India,Uttar_Pradesh,Khurja,"Kalindi Kunj, Khurja - UPPCB",19-08-2024 20:00:00,28.2348927,77.8683002,NO2,2,7,3
India,Uttar_Pradesh,Lucknow,"B R Ambedkar University, Lucknow - UPPCB",19-08-2024 20:00:00,26.766433,80.927299,PM10,28,61,44
India,Uttar_Pradesh,Lucknow,"B R Ambedkar University, Lucknow - UPPCB",19-08-2024 20:00:00,26.766433,80.927299,NH3,3,3,3
India,Uttar_Pradesh,Lucknow,"B R Ambedkar University, Lucknow - UPPCB",19-08-2024 20:00:00,26.766433,80.927299,OZONE,29,43,40
India,Uttar_Pradesh,Lucknow,"Gomti Nagar, Lucknow - UPPCB",19-08-2024 20:00:00,26.868120,81.005119,CO,37,42,40
India,Uttar_Pradesh,Lucknow,"Kendriya Vidyalaya, Lucknow - CPCB",19-08-2024 20:00:00,26.906111,80.948222,SO2,3,7,5
India,Uttar_Pradesh,Lucknow,"Kendriya Vidyalaya, Lucknow - CPCB",19-08-2024 20:00:00,26.906111,80.948222,CO,17,40,24
India,Uttar_Pradesh,Lucknow,"Kukrail Picnic Spot-1, Lucknow - UPPCB",19-08-2024 20:00:00,26.90723,80.98579,NO2,19,19,19
India,Uttar_Pradesh,Lucknow,"Lalbagh, Lucknow - CPCB",19-08-2024 20:00:00,26.8458805,80.9365541,PM2.5,7,67,32
India,Uttar_Pradesh,Lucknow,"Lalbagh, Lucknow - CPCB",19-08-2024 20:00:00,26.8458805,80.9365541,PM10,39,83,60
India,Uttar_Pradesh,Lucknow,"Lalbagh, Lucknow - CPCB",19-08-2024 20:00:00,26.8458805,80.9365541,NH3,11,24,16
India,Uttar_Pradesh,Meerut,"Ganga Nagar, Meerut - UPPCB",19-08-2024 20:00:00,28.999264,77.7590354,OZONE,1,54,33
India,Uttar_Pradesh,Meerut,"Jai Bhim Nagar, Meerut - UPPCB",19-08-2024 20:00:00,28.9535882,77.7622941,PM2.5,18,141,68
India,Uttar_Pradesh,Meerut,"Jai Bhim Nagar, Meerut - UPPCB",19-08-2024 20:00:00,28.9535882,77.7622941,SO2,4,6,5
India,Uttar_Pradesh,Meerut,"Pallavpuram Phase 2, Meerut - UPPCB",19-08-2024 20:00:00,29.063510,77.709723,PM10,39,112,82
India,Uttar_Pradesh,Meerut,"Pallavpuram Phase 2, Meerut - UPPCB",19-08-2024 20:00:00,29.063510,77.709723,NO2,19,57,32
India,Uttar_Pradesh,Meerut,"Pallavpuram Phase 2, Meerut - UPPCB",19-08-2024 20:00:00,29.063510,77.709723,SO2,9,22,13
India,Uttar_Pradesh,Moradabad,"Buddhi Vihar, Moradabad - UPPCB",19-08-2024 20:00:00,28.83526,78.74460,CO,22,29,24
India,Uttar_Pradesh,Moradabad,"Buddhi Vihar, Moradabad - UPPCB",19-08-2024 20:00:00,28.83526,78.74460,OZONE,7,12,9
India,Uttar_Pradesh,Moradabad,"Employment Office, Moradabad - UPPCB",19-08-2024 20:00:00,28.88528,78.73880,NO2,19,20,20
India,Uttar_Pradesh,Moradabad,"Employment Office, Moradabad - UPPCB",19-08-2024 20:00:00,28.88528,78.73880,CO,8,28,15
India,Uttar_Pradesh,Moradabad,"Jigar Colony, Moradabad - UPPCB",19-08-2024 20:00:00,28.856664,78.772638,NH3,4,6,4
India,Uttar_Pradesh,Moradabad,"Jigar Colony, Moradabad - UPPCB",19-08-2024 20:00:00,28.856664,78.772638,CO,10,91,39
India,Uttar_Pradesh,Moradabad,"Jigar Colony, Moradabad - UPPCB",19-08-2024 20:00:00,28.856664,78.772638,OZONE,7,13,9
India,Uttar_Pradesh,Moradabad,"Kashiram Nagar, Moradabad - UPPCB",19-08-2024 20:00:00,28.849399,78.742362,SO2,1,37,20
India,Uttar_Pradesh,Muzaffarnagar,"New Mandi, Muzaffarnagar - UPPCB",19-08-2024 20:00:00,29.4723508,77.7194031,OZONE,1,34,24
India,Uttar_Pradesh,Noida,"Sector - 125, Noida - UPPCB",19-08-2024 20:00:00,28.5447608,77.3231257,OZONE,17,18,18
India,Uttar_Pradesh,Prayagraj,"Jhunsi, Prayagraj - UPPCB",19-08-2024 20:00:00,25.425602,81.917152,NO2,6,6,6
India,Uttar_Pradesh,Prayagraj,"Jhunsi, Prayagraj - UPPCB",19-08-2024 20:00:00,25.425602,81.917152,OZONE,2,16,12
India,Uttar_Pradesh,Prayagraj,"Motilal Nehru NIT, Prayagraj - UPPCB",19-08-2024 20:00:00,25.494,81.863,SO2,12,26,15
India,Uttar_Pradesh,Prayagraj,"Motilal Nehru NIT, Prayagraj - UPPCB",19-08-2024 20:00:00,25.494,81.863,CO,16,32,18
India,Uttar_Pradesh,Prayagraj,"Nagar Nigam, Prayagraj - UPPCB",19-08-2024 20:00:00,25.44919916 ,81.82735986 ,SO2,58,120,89
India,Uttar_Pradesh,Varanasi,"Bhelupur, Varanasi - UPPCB",19-08-2024 20:00:00,25.301778,82.996789,NO2,8,8,8
India,Uttar_Pradesh,Varanasi,"IESD Banaras Hindu University, Varanasi - UPPCB",19-08-2024 20:00:00,25.262326,82.995408,NH3,4,4,4
India,Uttar_Pradesh,Vrindavan,"Omex Eternity, Vrindavan - UPPCB",19-08-2024 20:00:00,27.5714090,77.6557570,NH3,5,6,6
India,Uttarakhand,Kashipur,"Govt. Girls Inter College, Kashipur - UKPCB",19-08-2024 20:00:00,29.2124114,78.9611753,PM2.5,25,63,41
India,Uttarakhand,Kashipur,"Govt. Girls Inter College, Kashipur - UKPCB",19-08-2024 20:00:00,29.2124114,78.9611753,NH3,6,7,6
India,Uttarakhand,Rishikesh,"Shivaji Nagar, Rishikesh - UKPCB",19-08-2024 20:00:00,30.075911,78.2859547,PM10,11,34,24
India,West_Bengal,Asansol,"Asansol Court Area, Asansol - WBPCB",19-08-2024 20:00:00,23.685297,86.945968,SO2,9,17,12
India,West_Bengal,Asansol,"Asansol Court Area, Asansol - WBPCB",19-08-2024 20:00:00,23.685297,86.945968,OZONE,11,41,33
India,West_Bengal,Asansol,"Evelyn Lodge, Asansol - WBPCB",19-08-2024 20:00:00,23.6979360,86.9443950,PM2.5,14,70,30
India,West_Bengal,Asansol,"Trivenidevi Bhalotia College, Asansol - WBPCB",19-08-2024 20:00:00,23.616515,87.119133,PM2.5,1,106,42
India,West_Bengal,Asansol,"Trivenidevi Bhalotia College, Asansol - WBPCB",19-08-2024 20:00:00,23.616515,87.119133,SO2,23,41,30
India,West_Bengal,Asansol,"Trivenidevi Bhalotia College, Asansol - WBPCB",19-08-2024 20:00:00,23.616515,87.119133,CO,17,42,25
India,West_Bengal,Durgapur,"PCBL Residential Complex, Durgapur - WBPCB",19-08-2024 20:00:00,23.5087640,87.3544400,CO,6,20,11
India,West_Bengal,Durgapur,"Sidhu Kanhu Indoor Stadium, Durgapur - WBPCB",19-08-2024 20:00:00,23.5404352,87.2892225,PM10,29,60,47
India,West_Bengal,Durgapur,"Sidhu Kanhu Indoor Stadium, Durgapur - WBPCB",19-08-2024 20:00:00,23.5404352,87.2892225,NO2,15,34,19
India,West_Bengal,Haldia,"Priyambada Housing Estate, Haldia - WBPCB",19-08-2024 20:00:00,22.06047,88.109737,NH3,3,3,3
India,West_Bengal,Haldia,"Priyambada Housing Estate, Haldia - WBPCB",19-08-2024 20:00:00,22.06047,88.109737,OZONE,18,66,33
India,West_Bengal,Howrah,"Belur Math, Howrah - WBPCB",19-08-2024 20:00:00,22.629801,88.352017,PM2.5,17,48,33
India,West_Bengal,Howrah,"Belur Math, Howrah - WBPCB",19-08-2024 20:00:00,22.629801,88.352017,NH3,5,6,5
India,West_Bengal,Howrah,"Botanical Garden, Howrah - WBPCB",19-08-2024 20:00:00,22.554954,88.292568,PM10,30,83,52
India,West_Bengal,Howrah,"Botanical Garden, Howrah - WBPCB",19-08-2024 20:00:00,22.554954,88.292568,SO2,5,7,6
India,West_Bengal,Howrah,"Botanical Garden, Howrah - WBPCB",19-08-2024 20:00:00,22.554954,88.292568,CO,24,50,33
India,West_Bengal,Howrah,"Botanical Garden, Howrah - WBPCB",19-08-2024 20:00:00,22.554954,88.292568,OZONE,13,31,26
India,West_Bengal,Howrah,"Ghusuri, Howrah - WBPCB",19-08-2024 20:00:00,22.611968,88.347422,PM10,45,75,61
India,West_Bengal,Howrah,"Padmapukur, Howrah - WBPCB",19-08-2024 20:00:00,22.5687319,88.2797276,NH3,3,5,4
India,West_Bengal,Kolkata,"Bidhannagar, Kolkata - WBPCB",19-08-2024 20:00:00,22.58157048,88.41002457,PM2.5,NA,NA,NA
India,West_Bengal,Kolkata,"Bidhannagar, Kolkata - WBPCB",19-08-2024 20:00:00,22.58157048,88.41002457,OZONE,14,18,16
India,West_Bengal,Kolkata,"Fort William, Kolkata - WBPCB",19-08-2024 20:00:00,22.556640,88.342674,PM10,31,65,45
India,West_Bengal,Kolkata,"Fort William, Kolkata - WBPCB",19-08-2024 20:00:00,22.556640,88.342674,NO2,42,76,51
India,West_Bengal,Kolkata,"Fort William, Kolkata - WBPCB",19-08-2024 20:00:00,22.556640,88.342674,SO2,7,9,8
India,West_Bengal,Kolkata,"Fort William, Kolkata - WBPCB",19-08-2024 20:00:00,22.556640,88.342674,OZONE,30,45,41
India,West_Bengal,Kolkata,"Jadavpur, Kolkata - WBPCB",19-08-2024 20:00:00,22.49929,88.36917,PM10,NA,NA,NA
India,West_Bengal,Kolkata,"Rabindra Bharati University, Kolkata - WBPCB",19-08-2024 20:00:00,22.627847,88.380669,OZONE,14,22,20
India,West_Bengal,Kolkata,"Victoria, Kolkata - WBPCB",19-08-2024 20:00:00,22.5448082,88.3403691,OZONE,17,31,25
India,West_Bengal,Siliguri,"Ward-32 Bapupara, Siliguri - WBPCB",19-08-2024 20:00:00,26.6879226,88.4152495,NH3,7,8,7
India,West_Bengal,Siliguri,"Ward-32 Bapupara, Siliguri - WBPCB",19-08-2024 20:00:00,26.6879226,88.4152495,SO2,8,9,8
India,West_Bengal,Siliguri,"Ward-32 Bapupara, Siliguri - WBPCB",19-08-2024 20:00:00,26.6879226,88.4152495,CO,18,28,25
India,Andhra_Pradesh,Amaravati,"Secretariat, Amaravati - APPCB",19-08-2024 20:00:00,16.5150833,80.5181667,CO,8,66,43
India,Andhra_Pradesh,Anantapur,"Gulzarpet, Anantapur - APPCB",19-08-2024 20:00:00,14.675886,77.593027,NH3,5,5,5
India,Andhra_Pradesh,Kadapa,"Yerramukkapalli, Kadapa - APPCB",19-08-2024 20:00:00,14.465052,78.824187,PM10,NA,NA,NA
India,Andhra_Pradesh,Rajamahendravaram,"Anand Kala Kshetram, Rajamahendravaram - APPCB",19-08-2024 20:00:00,16.9872867,81.7363176,CO,6,101,35
India,Andhra_Pradesh,Tirupati,"Vaikuntapuram, Tirupati - APPCB",19-08-2024 20:00:00,13.615387,79.409230,PM2.5,42,45,42
India,Andhra_Pradesh,Tirupati,"Vaikuntapuram, Tirupati - APPCB",19-08-2024 20:00:00,13.615387,79.409230,PM10,42,45,42
India,Andhra_Pradesh,Tirupati,"Vaikuntapuram, Tirupati - APPCB",19-08-2024 20:00:00,13.615387,79.409230,CO,16,28,19
India,Andhra_Pradesh,Tirupati,"Vaikuntapuram, Tirupati - APPCB",19-08-2024 20:00:00,13.615387,79.409230,OZONE,29,50,46
India,Andhra_Pradesh,Vijayawada,"Kanuru, Vijayawada - APPCB",19-08-2024 20:00:00,16.486692,80.699436,OZONE,22,23,23
India,Andhra_Pradesh,Vijayawada,"Rajiv Gandhi Park, Vijayawada - APPCB",19-08-2024 20:00:00,16.509717,80.612222,PM2.5,35,82,56
India,Andhra_Pradesh,Vijayawada,"Rajiv Gandhi Park, Vijayawada - APPCB",19-08-2024 20:00:00,16.509717,80.612222,SO2,6,9,7
India,Andhra_Pradesh,Vijayawada,"Rajiv Nagar, Vijayawada - APPCB",19-08-2024 20:00:00,16.554731,80.649110,SO2,10,10,10
India,Andhra_Pradesh,Visakhapatnam,"GVM Corporation, Visakhapatnam - APPCB",19-08-2024 20:00:00,17.72,83.3,PM10,47,132,76
India,Assam,Byrnihat,"Central Academy for SFS, Byrnihat - PCBA",19-08-2024 20:00:00,26.071318,91.87488,NH3,10,19,14
India,Assam,Guwahati,"IITG, Guwahati - PCBA",19-08-2024 20:00:00,26.2028636,91.70046436,PM10,NA,NA,NA
India,Assam,Guwahati,"IITG, Guwahati - PCBA",19-08-2024 20:00:00,26.2028636,91.70046436,SO2,NA,NA,NA
India,Assam,Guwahati,"LGBI Airport, Guwahati - PCBA",19-08-2024 20:00:00,26.10887,91.589544,PM10,28,34,31
India,Assam,Guwahati,"LGBI Airport, Guwahati - PCBA",19-08-2024 20:00:00,26.10887,91.589544,NO2,9,43,15
India,Assam,Guwahati,"LGBI Airport, Guwahati - PCBA",19-08-2024 20:00:00,26.10887,91.589544,SO2,1,39,12
India,Assam,Guwahati,"LGBI Airport, Guwahati - PCBA",19-08-2024 20:00:00,26.10887,91.589544,OZONE,11,20,16
India,Assam,Nalbari,"Bata Chowk, Nalbari - PCBA",19-08-2024 20:00:00,26.446912,91.439057,OZONE,15,19,18
India,Assam,Silchar,"Tarapur, Silchar - PCBA",19-08-2024 20:00:00,24.82827,92.79525,PM10,39,54,50
India,Assam,Silchar,"Tarapur, Silchar - PCBA",19-08-2024 20:00:00,24.82827,92.79525,NH3,1,1,1
India,Assam,Sivasagar,"Girls College, Sivasagar - PCBA",19-08-2024 20:00:00,26.987634,94.636574,PM10,43,57,51
India,Assam,Sivasagar,"Girls College, Sivasagar - PCBA",19-08-2024 20:00:00,26.987634,94.636574,NO2,8,14,10
India,Assam,Sivasagar,"Girls College, Sivasagar - PCBA",19-08-2024 20:00:00,26.987634,94.636574,SO2,2,9,7
India,Bihar,Arrah,"New DM Office, Arrah - BSPCB",19-08-2024 20:00:00,25.5626095,84.663264,SO2,4,10,7
India,Bihar,Aurangabad,"Gurdeo Nagar, Aurangabad - BSPCB",19-08-2024 20:00:00,24.75746,84.366208,CO,10,42,40
India,Bihar,Begusarai,"Lohiyanagar, Begusarai - BSPCB (Formerly known as DRCC Anandpur)",19-08-2024 20:00:00,25.42742023,86.13886079,PM2.5,2,55,15
India,Bihar,Begusarai,"Lohiyanagar, Begusarai - BSPCB (Formerly known as DRCC Anandpur)",19-08-2024 20:00:00,25.42742023,86.13886079,NH3,12,12,12
India,Bihar,Bhagalpur,"DM Office_Kachari Chowk, Bhagalpur - BSPCB",19-08-2024 20:00:00,25.251013,86.989001,PM2.5,3,12,6
India,Bihar,Bhagalpur,"DM Office_Kachari Chowk, Bhagalpur - BSPCB",19-08-2024 20:00:00,25.251013,86.989001,NO2,16,37,26
India,Bihar,Bihar Sharif,"D M Colony, Bihar Sharif - BSPCB",19-08-2024 20:00:00,25.204762,85.514960,PM2.5,NA,NA,NA
India,Bihar,Buxar,"Charitra Van, Buxar - BSPCB (Formerly known as Central Jail)",19-08-2024 20:00:00,25.567520,83.966379,NO2,5,5,5
India,Bihar,Buxar,"Charitra Van, Buxar - BSPCB (Formerly known as Central Jail)",19-08-2024 20:00:00,25.567520,83.966379,CO,38,74,55
India,Bihar,Gaya,"SFTI Kusdihra, Gaya - BSPCB",19-08-2024 20:00:00,24.762518,84.982348,NH3,2,5,4
India,Bihar,Gaya,"SFTI Kusdihra, Gaya - BSPCB",19-08-2024 20:00:00,24.762518,84.982348,CO,16,33,25
India,Bihar,Gaya,"SFTI Kusdihra, Gaya - BSPCB",19-08-2024 20:00:00,24.762518,84.982348,OZONE,27,90,41
India,Bihar,Hajipur,"Industrial Area, Hajipur - BSPCB",19-08-2024 20:00:00,25.697189,85.245900,OZONE,37,76,61
India,Bihar,Katihar,"Mirchaibari, Katihar - BSPCB",19-08-2024 20:00:00,25.560083,87.553265,PM10,NA,NA,NA
India,Bihar,Manguraha,"Forest Rest House, Manguraha - BSPCB",19-08-2024 20:00:00,27.308328,84.531742,PM10,NA,NA,NA
India,Bihar,Manguraha,"Forest Rest House, Manguraha - BSPCB",19-08-2024 20:00:00,27.308328,84.531742,OZONE,1,7,2
India,Bihar,Munger,"Town Hall, Munger - BSPCB",19-08-2024 20:00:00,25.376776,86.471523,NH3,NA,NA,NA
India,Bihar,Muzaffarpur,"MIT-Daudpur Kothi, Muzaffarpur - BSPCB",19-08-2024 20:00:00,26.1403345,85.3650192,PM2.5,20,107,32
India,Bihar,Muzaffarpur,"MIT-Daudpur Kothi, Muzaffarpur - BSPCB",19-08-2024 20:00:00,26.1403345,85.3650192,PM10,17,21,18
India,Bihar,Muzaffarpur,"MIT-Daudpur Kothi, Muzaffarpur - BSPCB",19-08-2024 20:00:00,26.1403345,85.3650192,OZONE,33,43,37
India,Bihar,Muzaffarpur,"Muzaffarpur Collectorate, Muzaffarpur - BSPCB",19-08-2024 20:00:00,26.1209,85.3647,SO2,6,13,8
India,Bihar,Patna,"DRM Office Danapur, Patna - BSPCB",19-08-2024 20:00:00,25.586562,85.043586,PM2.5,3,67,22
India,Bihar,Patna,"DRM Office Danapur, Patna - BSPCB",19-08-2024 20:00:00,25.586562,85.043586,NO2,9,61,23
India,Bihar,Patna,"Govt. High School Shikarpur, Patna - BSPCB",19-08-2024 20:00:00,25.592539,85.227158,NO2,31,34,32
India,Bihar,Patna,"Govt. High School Shikarpur, Patna - BSPCB",19-08-2024 20:00:00,25.592539,85.227158,SO2,6,8,7
India,Bihar,Patna,"IGSC Planetarium Complex, Patna - BSPCB",19-08-2024 20:00:00,25.610369,85.132568,OZONE,6,64,43
India,Bihar,Patna,"Muradpur, Patna - BSPCB",19-08-2024 20:00:00,25.619651,85.147382,PM2.5,17,76,44
India,Bihar,Patna,"Muradpur, Patna - BSPCB",19-08-2024 20:00:00,25.619651,85.147382,PM10,33,99,65
India,Bihar,Patna,"Muradpur, Patna - BSPCB",19-08-2024 20:00:00,25.619651,85.147382,NH3,6,6,6
India,Bihar,Patna,"Rajbansi Nagar, Patna - BSPCB",19-08-2024 20:00:00,25.599486,85.113666,PM10,32,69,53
India,Bihar,Patna,"Samanpura, Patna - BSPCB",19-08-2024 20:00:00,25.596727,85.085624,SO2,2,3,2
India,Bihar,Patna,"Samanpura, Patna - BSPCB",19-08-2024 20:00:00,25.596727,85.085624,CO,24,102,31
India,Bihar,Purnia,"Mariam Nagar, Purnia - BSPCB",19-08-2024 20:00:00,25.366336,87.117468,NO2,29,52,49
India,Bihar,Rajgir,"Dangi Tola, Rajgir - BSPCB",19-08-2024 20:00:00,25.03280,85.41948,PM2.5,NA,NA,NA
India,Bihar,Rajgir,"Dangi Tola, Rajgir - BSPCB",19-08-2024 20:00:00,25.03280,85.41948,CO,38,38,38
India,Bihar,Samastipur,"DM Office_Kasipur, Samastipur - BSPCB",19-08-2024 20:00:00,25.859655,85.77944,PM10,3,78,23
India,Bihar,Samastipur,"DM Office_Kasipur, Samastipur - BSPCB",19-08-2024 20:00:00,25.859655,85.77944,NH3,1,1,1
India,Bihar,Sasaram,"Dada Peer, Sasaram - BSPCB",19-08-2024 20:00:00,24.952822,84.002396,PM2.5,3,15,8
India,Bihar,Sasaram,"Dada Peer, Sasaram - BSPCB",19-08-2024 20:00:00,24.952822,84.002396,CO,20,56,44
India,Chandigarh,Chandigarh,"Sector 22, Chandigarh - CPCC",19-08-2024 20:00:00,30.735567,76.775714,OZONE,8,37,27
India,Chandigarh,Chandigarh,"Sector-25, Chandigarh - CPCC",19-08-2024 20:00:00,30.751462,76.762879,PM2.5,NA,NA,NA
India,Chandigarh,Chandigarh,"Sector-25, Chandigarh - CPCC",19-08-2024 20:00:00,30.751462,76.762879,CO,19,21,20
India,Chandigarh,Chandigarh,"Sector-53, Chandigarh - CPCC",19-08-2024 20:00:00,30.719859,76.738637,OZONE,6,33,23
India,Chhattisgarh,Bhilai,"32Bungalows, Bhilai - CECB",19-08-2024 20:00:00,21.194815,81.314770,CO,8,28,10
India,Chhattisgarh,Bhilai,"32Bungalows, Bhilai - CECB",19-08-2024 20:00:00,21.194815,81.314770,OZONE,6,11,8
India,Chhattisgarh,Bhilai,"Civic Center, Bhilai - Bhilai Steel Plant",19-08-2024 20:00:00,21.185571,81.343175,NO2,7,8,8
India,Chhattisgarh,Bhilai,"Hathkhoj, Bhilai - CECB",19-08-2024 20:00:00,21.224231,81.408350,PM2.5,4,55,38
India,Chhattisgarh,Bilaspur,"Mangala, Bilaspur - NTPC",19-08-2024 20:00:00,22.08815,82.13737,NO2,5,8,6
India,Chhattisgarh,Chhal,"Nawapara SECL Colony, Chhal - CECB",19-08-2024 20:00:00,22.118125,83.140608,SO2,10,15,12
India,Chhattisgarh,Korba,"Rampur, Korba - CECB",19-08-2024 20:00:00,22.368195,82.746431,NH3,1,1,1
India,Chhattisgarh,Kunjemura,"OP Jindal School, Kunjemura - CECB",19-08-2024 20:00:00,22.126650,83.483212,CO,20,42,29
India,Chhattisgarh,Raipur,"AIIMS, Raipur - CECB",19-08-2024 20:00:00,21.258815,81.578979,NO2,7,14,10
India,Chhattisgarh,Raipur,"Krishak Nagar, Raipur - CECB",19-08-2024 20:00:00,21.237755,81.705301,CO,22,33,27
India,Chhattisgarh,Raipur,"Krishak Nagar, Raipur - CECB",19-08-2024 20:00:00,21.237755,81.705301,OZONE,5,27,19
India,Chhattisgarh,Raipur,"Siltara Phase-II, Raipur - CECB",19-08-2024 20:00:00,21.371751,81.664929,PM10,28,112,80
India,Delhi,Delhi,"Alipur, Delhi - DPCC",19-08-2024 20:00:00,28.815329,77.153010,NH3,6,8,7
India,Delhi,Delhi,"Alipur, Delhi - DPCC",19-08-2024 20:00:00,28.815329,77.153010,CO,24,42,29
India,Delhi,Delhi,"Ashok Vihar, Delhi - DPCC",19-08-2024 20:00:00,28.695381,77.181665,PM10,38,157,81
India,Delhi,Delhi,"Ashok Vihar, Delhi - DPCC",19-08-2024 20:00:00,28.695381,77.181665,NO2,9,59,28
India,Delhi,Delhi,"Ashok Vihar, Delhi - DPCC",19-08-2024 20:00:00,28.695381,77.181665,CO,26,102,51
India,Delhi,Delhi,"Bawana, Delhi - DPCC",19-08-2024 20:00:00,28.776200,77.051074,NO2,4,32,14
India,Delhi,Delhi,"Bawana, Delhi - DPCC",19-08-2024 20:00:00,28.776200,77.051074,OZONE,1,43,15
India,Delhi,Delhi,"Burari Crossing, Delhi - IMD",19-08-2024 20:00:00,28.7256504,77.2011573,NO2,8,19,17
India,Delhi,Delhi,"Chandni Chowk, Delhi - IITM",19-08-2024 20:00:00,28.656756,77.227234,NH3,10,11,11
India,Delhi,Delhi,"Chandni Chowk, Delhi - IITM",19-08-2024 20:00:00,28.656756,77.227234,CO,6,99,45
India,Delhi,Delhi,"Dr. Karni Singh Shooting Range, Delhi - DPCC",19-08-2024 20:00:00,28.498571,77.264840,SO2,4,7,5
India,Delhi,Delhi,"Dwarka-Sector 8, Delhi - DPCC ",19-08-2024 20:00:00,28.5710274,77.0719006,PM10,86,454,165
India,Delhi,Delhi,"Dwarka-Sector 8, Delhi - DPCC ",19-08-2024 20:00:00,28.5710274,77.0719006,NH3,7,10,9
India,Delhi,Delhi,"IGI Airport (T3), Delhi - IMD",19-08-2024 20:00:00,28.5627763,77.1180053,OZONE,5,13,11
India,Delhi,Delhi,"IHBAS, Dilshad Garden, Delhi - CPCB",19-08-2024 20:00:00,28.6811736,77.3025234,SO2,14,19,16
India,Delhi,Delhi,"ITO, Delhi - CPCB",19-08-2024 20:00:00,28.628624,77.241060,CO,50,124,60
India,Delhi,Delhi,"Jahangirpuri, Delhi - DPCC",19-08-2024 20:00:00,28.732820,77.170633,SO2,2,23,10
India,Delhi,Delhi,"Jawaharlal Nehru Stadium, Delhi - DPCC",19-08-2024 20:00:00,28.580280,77.233829,PM10,22,75,50
India,Delhi,Delhi,"Jawaharlal Nehru Stadium, Delhi - DPCC",19-08-2024 20:00:00,28.580280,77.233829,OZONE,2,82,17
India,Delhi,Delhi,"Lodhi Road, Delhi - IMD",19-08-2024 20:00:00,28.5918245,77.2273074,PM2.5,15,56,37
India,Delhi,Delhi,"Lodhi Road, Delhi - IMD",19-08-2024 20:00:00,28.5918245,77.2273074,CO,20,38,21
India,Delhi,Delhi,"Lodhi Road, Delhi - IMD",19-08-2024 20:00:00,28.5918245,77.2273074,OZONE,25,53,42
India,Delhi,Delhi,"Major Dhyan Chand National Stadium, Delhi - DPCC",19-08-2024 20:00:00,28.611281,77.237738,PM10,42,106,66
India,Delhi,Delhi,"Mundka, Delhi - DPCC",19-08-2024 20:00:00,28.684678,77.076574,PM2.5,10,85,44
India,Delhi,Delhi,"Mundka, Delhi - DPCC",19-08-2024 20:00:00,28.684678,77.076574,PM10,17,205,79
India,Delhi,Delhi,"Mundka, Delhi - DPCC",19-08-2024 20:00:00,28.684678,77.076574,SO2,13,17,14
India,Delhi,Delhi,"Mundka, Delhi - DPCC",19-08-2024 20:00:00,28.684678,77.076574,OZONE,20,71,47
India,Delhi,Delhi,"NSIT Dwarka, Delhi - CPCB",19-08-2024 20:00:00,28.60909,77.0325413,PM2.5,26,63,36
India,Delhi,Delhi,"Najafgarh, Delhi - DPCC",19-08-2024 20:00:00,28.570173,76.933762,NO2,8,12,10
India,Delhi,Delhi,"Najafgarh, Delhi - DPCC",19-08-2024 20:00:00,28.570173,76.933762,NH3,8,12,9
India,Delhi,Delhi,"Narela, Delhi - DPCC",19-08-2024 20:00:00,28.822836,77.101981,NO2,7,39,20
India,Delhi,Delhi,"Nehru Nagar, Delhi - DPCC",19-08-2024 20:00:00,28.567890,77.250515,NO2,9,48,26
India,Delhi,Delhi,"Nehru Nagar, Delhi - DPCC",19-08-2024 20:00:00,28.567890,77.250515,OZONE,8,71,52
India,Delhi,Delhi,"North Campus, DU, Delhi - IMD",19-08-2024 20:00:00,28.6573814,77.1585447,CO,18,60,22
India,Delhi,Delhi,"Okhla Phase-2, Delhi - DPCC",19-08-2024 20:00:00,28.530785,77.271255,NH3,9,17,13
India,Delhi,Delhi,"Patparganj, Delhi - DPCC",19-08-2024 20:00:00,28.623763,77.287209,OZONE,1,46,19
India,Delhi,Delhi,"Pusa, Delhi - DPCC",19-08-2024 20:00:00,28.639652,77.146275,PM2.5,10,95,37
India,Delhi,Delhi,"Pusa, Delhi - DPCC",19-08-2024 20:00:00,28.639652,77.146275,OZONE,6,7,7
India,Delhi,Delhi,"Pusa, Delhi - IMD",19-08-2024 20:00:00,28.636110,77.173332,PM10,29,87,53
India,Delhi,Delhi,"Rohini, Delhi - DPCC",19-08-2024 20:00:00,28.732528,77.119920,PM2.5,18,87,49
India,Delhi,Delhi,"Rohini, Delhi - DPCC",19-08-2024 20:00:00,28.732528,77.119920,CO,14,86,19
India,Delhi,Delhi,"Shadipur, Delhi - CPCB",19-08-2024 20:00:00,28.6514781,77.1473105,OZONE,22,23,22
India,Delhi,Delhi,"Sirifort, Delhi - CPCB",19-08-2024 20:00:00,28.5504249,77.2159377,OZONE,41,82,47
India,Delhi,Delhi,"Sri Aurobindo Marg, Delhi - DPCC",19-08-2024 20:00:00,28.531346,77.190156,PM2.5,20,55,32
India,Delhi,Delhi,"Sri Aurobindo Marg, Delhi - DPCC",19-08-2024 20:00:00,28.531346,77.190156,NO2,8,32,15
India,Delhi,Delhi,"Sri Aurobindo Marg, Delhi - DPCC",19-08-2024 20:00:00,28.531346,77.190156,CO,40,80,49
India,Delhi,Delhi,"Sri Aurobindo Marg, Delhi - DPCC",19-08-2024 20:00:00,28.531346,77.190156,OZONE,13,22,18
India,Delhi,Delhi,"Vivek Vihar, Delhi - DPCC",19-08-2024 20:00:00,28.672342,77.315260,NH3,14,18,17
India,Delhi,Delhi,"Wazirpur, Delhi - DPCC",19-08-2024 20:00:00,28.699793,77.165453,PM10,49,184,109
India,Delhi,Delhi,"Wazirpur, Delhi - DPCC",19-08-2024 20:00:00,28.699793,77.165453,SO2,3,10,6
India,Gujarat,Ahmedabad,"Chandkheda, Ahmedabad - IITM",19-08-2024 20:00:00,23.107969,72.574648,NO2,24,47,34
India,Gujarat,Ahmedabad,"Chandkheda, Ahmedabad - IITM",19-08-2024 20:00:00,23.107969,72.574648,NH3,7,10,9
India,Gujarat,Ahmedabad,"Gyaspur, Ahmedabad - IITM",19-08-2024 20:00:00,22.977134,72.553024,OZONE,21,35,28
India,Gujarat,Ahmedabad,"Maninagar, Ahmedabad - GPCB",19-08-2024 20:00:00,23.002657,72.591912,OZONE,10,13,12
India,Gujarat,Ahmedabad,"Raikhad, Ahmedabad - IITM",19-08-2024 20:00:00,23.020509,72.579261,SO2,11,14,12
India,Gujarat,Ahmedabad,"SVPI Airport Hansol, Ahmedabad - IITM",19-08-2024 20:00:00,23.076793,72.627874,PM2.5,41,63,51
India,Gujarat,Ahmedabad,"Sardar Vallabhbhai Patel Stadium, Ahmedabad - IITM",19-08-2024 20:00:00,23.043070,72.562968,OZONE,11,38,30
India,Gujarat,Ankleshwar,"GIDC, Ankleshwar - GPCB",19-08-2024 20:00:00,21.613267,73.010555,PM2.5,20,52,36
India,Gujarat,Ankleshwar,"GIDC, Ankleshwar - GPCB",19-08-2024 20:00:00,21.613267,73.010555,NH3,4,5,5
India,Gujarat,Gandhinagar,"GIFT City, Gandhinagar - IITM",19-08-2024 20:00:00,23.163798,72.677768,PM2.5,26,80,47
India,Gujarat,Gandhinagar,"GIFT City, Gandhinagar - IITM",19-08-2024 20:00:00,23.163798,72.677768,OZONE,7,28,24
India,Gujarat,Surat,"Science Center, Surat - SMC",19-08-2024 20:00:00,21.170046,72.795405,PM2.5,10,73,34
India,Gujarat,Vatva,"Phase-4 GIDC, Vatva - GPCB",19-08-2024 20:00:00,22.969611,72.643500,OZONE,8,14,14
India,Haryana,Bahadurgarh,"Arya Nagar, Bahadurgarh - HSPCB",19-08-2024 20:00:00,28.6701,76.9254,PM10,NA,NA,NA
India,Haryana,Ballabgarh,"Nathu Colony, Ballabgarh - HSPCB",19-08-2024 20:00:00,28.3419248,77.319699,NO2,11,12,11
India,Haryana,Ballabgarh,"Nathu Colony, Ballabgarh - HSPCB",19-08-2024 20:00:00,28.3419248,77.319699,CO,15,39,20
India,Haryana,Bhiwani,"H.B. Colony, Bhiwani - HSPCB",19-08-2024 20:00:00,28.806223,76.141105,PM2.5,50,86,68
India,Haryana,Bhiwani,"H.B. Colony, Bhiwani - HSPCB",19-08-2024 20:00:00,28.806223,76.141105,PM10,69,72,70
India,Haryana,Bhiwani,"H.B. Colony, Bhiwani - HSPCB",19-08-2024 20:00:00,28.806223,76.141105,NH3,5,6,6
India,Haryana,Bhiwani,"H.B. Colony, Bhiwani - HSPCB",19-08-2024 20:00:00,28.806223,76.141105,OZONE,1,30,24
India,Haryana,Dharuhera,"Municipal Corporation Office, Dharuhera -  HSPCB",19-08-2024 20:00:00,28.206800,76.799700,CO,8,18,11
India,Haryana,Faridabad,"New Industrial Town, Faridabad - HSPCB",19-08-2024 20:00:00,28.39072,77.30059,OZONE,14,15,15
India,Haryana,Faridabad,"Sector 11, Faridabad - HSPCB",19-08-2024 20:00:00,28.376058,77.315741,SO2,4,86,10
India,Haryana,Faridabad,"Sector 30, Faridabad - HSPCB",19-08-2024 20:00:00,28.4417,77.3217,SO2,NA,NA,NA
India,Haryana,Faridabad,"Sector 30, Faridabad - HSPCB",19-08-2024 20:00:00,28.4417,77.3217,OZONE,7,8,8
India,Haryana,Gurugram,"Sector-51, Gurugram - HSPCB",19-08-2024 20:00:00,28.4227,77.0667,OZONE,29,31,31
India,Haryana,Gurugram,"Vikas Sadan, Gurugram - HSPCB",19-08-2024 20:00:00,28.4501238,77.0263051,NO2,5,25,14
India,Haryana,Gurugram,"Vikas Sadan, Gurugram - HSPCB",19-08-2024 20:00:00,28.4501238,77.0263051,SO2,NA,NA,NA
India,Haryana,Hisar,"Urban Estate-II, Hisar - HSPCB",19-08-2024 20:00:00,29.140560,75.744941,NH3,NA,NA,NA
India,Haryana,Hisar,"Urban Estate-II, Hisar - HSPCB",19-08-2024 20:00:00,29.140560,75.744941,SO2,NA,NA,NA
India,Haryana,Kaithal,"Rishi Nagar, Kaithal - HSPCB",19-08-2024 20:00:00,29.8006,76.4155,PM2.5,25,48,32
India,Haryana,Karnal,"Sector-12, Karnal - HSPCB",19-08-2024 20:00:00,29.695300,77.002700,NO2,7,12,10
India,Haryana,Karnal,"Sector-12, Karnal - HSPCB",19-08-2024 20:00:00,29.695300,77.002700,SO2,12,13,13
India,Haryana,Karnal,"Sector-12, Karnal - HSPCB",19-08-2024 20:00:00,29.695300,77.002700,CO,17,39,27
India,Haryana,Kurukshetra,"Sector-7, Kurukshetra - HSPCB",19-08-2024 20:00:00,29.966942,76.875879,PM2.5,18,40,30
India,Haryana,Kurukshetra,"Sector-7, Kurukshetra - HSPCB",19-08-2024 20:00:00,29.966942,76.875879,SO2,2,3,2
India,Haryana,Manesar,"Sector-2 IMT, Manesar - HSPCB",19-08-2024 20:00:00,28.360699,76.936090,CO,26,44,28
India,Haryana,Narnaul,"Shastri Nagar, Narnaul - HSPCB",19-08-2024 20:00:00,28.060249,76.113115,NO2,15,48,27
India,Haryana,Palwal,"Shyam Nagar, Palwal - HSPCB",19-08-2024 20:00:00,28.1485564,77.3320667,PM2.5,20,116,37
India,Haryana,Palwal,"Shyam Nagar, Palwal - HSPCB",19-08-2024 20:00:00,28.1485564,77.3320667,PM10,20,57,47
India,Haryana,Palwal,"Shyam Nagar, Palwal - HSPCB",19-08-2024 20:00:00,28.1485564,77.3320667,NO2,23,24,24
India,Haryana,Panchkula,"Sector-6, Panchkula - HSPCB ",19-08-2024 20:00:00,30.7057778,76.8531805555555,PM2.5,16,108,51
India,Haryana,Panchkula,"Sector-6, Panchkula - HSPCB ",19-08-2024 20:00:00,30.7057778,76.8531805555555,SO2,2,2,2
India,Haryana,Panchkula,"Sector-6, Panchkula - HSPCB ",19-08-2024 20:00:00,30.7057778,76.8531805555555,CO,2,10,5
India,Haryana,Panipat,"Sector-18, Panipat - HSPCB",19-08-2024 20:00:00,29.432304,76.972765,PM2.5,80,85,82
India,Haryana,Panipat,"Sector-18, Panipat - HSPCB",19-08-2024 20:00:00,29.432304,76.972765,OZONE,30,30,30
India,Haryana,Sonipat,"Murthal, Sonipat - HSPCB",19-08-2024 20:00:00,29.027200,77.062100,PM2.5,33,34,34
India,Haryana,Sonipat,"Murthal, Sonipat - HSPCB",19-08-2024 20:00:00,29.027200,77.062100,NH3,7,10,9
India,Haryana,Sonipat,"Murthal, Sonipat - HSPCB",19-08-2024 20:00:00,29.027200,77.062100,OZONE,16,36,33
India,Himachal Pradesh,Baddi,"HIMUDA Complex Phase-1, Baddi - HPPCB",19-08-2024 20:00:00,30.943887,76.801991,PM2.5,15,87,45
India,Jammu_and_Kashmir,Srinagar,"Rajbagh, Srinagar - JKSPCB",19-08-2024 20:00:00,34.066206,74.819820,PM2.5,28,60,43
India,Jammu_and_Kashmir,Srinagar,"Rajbagh, Srinagar - JKSPCB",19-08-2024 20:00:00,34.066206,74.819820,NH3,1,2,1
India,Jammu_and_Kashmir,Srinagar,"Rajbagh, Srinagar - JKSPCB",19-08-2024 20:00:00,34.066206,74.819820,SO2,12,96,25
India,Jammu_and_Kashmir,Srinagar,"Rajbagh, Srinagar - JKSPCB",19-08-2024 20:00:00,34.066206,74.819820,OZONE,12,20,16
India,Jharkhand,Pathardih,"Mohalbani Ghat, Pathardih - DMC",19-08-2024 20:00:00,23.669880,86.411725,PM10,NA,NA,NA
India,Karnataka,Bagalkot,"Vidayagiri, Bagalkot - KSPCB",19-08-2024 20:00:00,16.172806,75.659694,PM2.5,27,40,39
India,Karnataka,Bagalkot,"Vidayagiri, Bagalkot - KSPCB",19-08-2024 20:00:00,16.172806,75.659694,CO,18,48,31
India,Karnataka,Belgaum,"Ramteerth Nagar, Belgaum - KSPCB",19-08-2024 20:00:00,15.888653,74.541751,PM2.5,7,42,13
India,Karnataka,Belgaum,"Ramteerth Nagar, Belgaum - KSPCB",19-08-2024 20:00:00,15.888653,74.541751,OZONE,20,21,21
India,Karnataka,Bengaluru,"BTM Layout, Bengaluru - CPCB",19-08-2024 20:00:00,12.9135218,77.5950804,NO2,NA,NA,NA
India,Karnataka,Bengaluru,"BTM Layout, Bengaluru - CPCB",19-08-2024 20:00:00,12.9135218,77.5950804,NH3,NA,NA,NA
India,Karnataka,Bengaluru,"Bapuji Nagar, Bengaluru - KSPCB",19-08-2024 20:00:00,12.951913,77.539784,PM2.5,NA,NA,NA
India,Karnataka,Bengaluru,"Bapuji Nagar, Bengaluru - KSPCB",19-08-2024 20:00:00,12.951913,77.539784,SO2,6,7,6
India,Karnataka,Bengaluru,"Bapuji Nagar, Bengaluru - KSPCB",19-08-2024 20:00:00,12.951913,77.539784,OZONE,27,59,40
India,Karnataka,Bengaluru,"City Railway Station, Bengaluru - KSPCB",19-08-2024 20:00:00,12.9756843,77.5660749,SO2,16,19,18
India,Karnataka,Bengaluru,"Hebbal, Bengaluru - KSPCB",19-08-2024 20:00:00,13.029152,77.585901,NH3,1,1,1
India,Karnataka,Bengaluru,"Hebbal, Bengaluru - KSPCB",19-08-2024 20:00:00,13.029152,77.585901,CO,8,52,20
India,Karnataka,Bengaluru,"Hombegowda Nagar, Bengaluru - KSPCB",19-08-2024 20:00:00,12.938539,77.590100,PM2.5,8,53,22
India,Karnataka,Bengaluru,"Jayanagar 5th Block, Bengaluru - KSPCB",19-08-2024 20:00:00,12.920984,77.584908,NO2,16,32,21
India,Karnataka,Bengaluru,"Kasturi Nagar, Bengaluru - KSPCB",19-08-2024 20:00:00,13.003872,77.664217,NH3,3,3,3
India,Karnataka,Bengaluru,"Kasturi Nagar, Bengaluru - KSPCB",19-08-2024 20:00:00,13.003872,77.664217,SO2,20,21,20
India,Karnataka,Bengaluru,"Peenya, Bengaluru - CPCB",19-08-2024 20:00:00,13.0270199,77.494094,PM2.5,40,58,52
India,Karnataka,Bengaluru,"Peenya, Bengaluru - CPCB",19-08-2024 20:00:00,13.0270199,77.494094,OZONE,2,38,28
India,Karnataka,Bengaluru,"Shivapura_Peenya, Bengaluru - KSPCB",19-08-2024 20:00:00,13.0246342,77.5080115,PM10,34,86,51
India,Karnataka,Bengaluru,"Silk Board, Bengaluru - KSPCB",19-08-2024 20:00:00,12.917348,77.622813,PM10,83,148,110
India,Karnataka,Chamarajanagar,"Urban, Chamarajanagar - KSPCB",19-08-2024 20:00:00,11.55358,76.55521,NO2,NA,NA,NA
India,Karnataka,Chamarajanagar,"Urban, Chamarajanagar - KSPCB",19-08-2024 20:00:00,11.55358,76.55521,SO2,NA,NA,NA
India,Karnataka,Chikkaballapur,"Chikkaballapur Rural, Chikkaballapur - KSPCB",19-08-2024 20:00:00,13.428828,77.731418,CO,1,34,9
India,Karnataka,Chikkamagaluru,"Kalyana Nagara, Chikkamagaluru - KSPCB",19-08-2024 20:00:00,13.328028,75.797056,NO2,19,30,25
India,Karnataka,Chikkamagaluru,"Kalyana Nagara, Chikkamagaluru - KSPCB",19-08-2024 20:00:00,13.328028,75.797056,OZONE,21,65,53
India,Karnataka,Hassan,"B.Katihalli, Hassan - KSPCB",19-08-2024 20:00:00,13.008556,76.125258,CO,12,32,22
India,Karnataka,Haveri,"Ashwini Nagar, Haveri - KSPCB",19-08-2024 20:00:00,14.791800,75.389600,CO,NA,NA,NA
India,Karnataka,Hubballi,"Lingaraj Nagar, Hubballi - KSPCB",19-08-2024 20:00:00,15.3714823,75.1160168,PM2.5,26,49,35
India,Karnataka,Kalaburagi,"Lal Bahadur Shastri Nagar, Kalaburagi - KSPCB",19-08-2024 20:00:00,17.321993,76.822628,PM2.5,NA,NA,NA
India,Karnataka,Kalaburagi,"Lal Bahadur Shastri Nagar, Kalaburagi - KSPCB",19-08-2024 20:00:00,17.321993,76.822628,NH3,1,3,2
India,Karnataka,Kalaburagi,"Mahatma Basaveswar Colony, Kalaburgi - KSPCB",19-08-2024 20:00:00,17.336318,76.847397,PM2.5,NA,NA,NA
India,Karnataka,Kalaburagi,"Mahatma Basaveswar Colony, Kalaburgi - KSPCB",19-08-2024 20:00:00,17.336318,76.847397,PM10,NA,NA,NA
India,Karnataka,Kalaburagi,"Mahatma Basaveswar Colony, Kalaburgi - KSPCB",19-08-2024 20:00:00,17.336318,76.847397,NO2,NA,NA,NA
India,Karnataka,Karwar,"KHB Colony, Karwar - KSPCB",19-08-2024 20:00:00,14.816666,74.141003,NO2,NA,NA,NA
India,Karnataka,Kolar,"Tamaka Ind. Area, Kolar - KSPCB",19-08-2024 20:00:00,13.1276288,78.1570122,PM10,14,57,32
India,Karnataka,Madikeri,"Stuart Hill, Madikeri - KSPCB",19-08-2024 20:00:00,12.415911,75.735050,NO2,1,3,2
India,Karnataka,Madikeri,"Stuart Hill, Madikeri - KSPCB",19-08-2024 20:00:00,12.415911,75.735050,CO,8,22,17
India,Karnataka,Madikeri,"Stuart Hill, Madikeri - KSPCB",19-08-2024 20:00:00,12.415911,75.735050,OZONE,11,17,14
India,Karnataka,Mangalore,"Kadri, Mangalore - KSPCB",19-08-2024 20:00:00,12.889250,74.853000,PM2.5,10,34,24
India,Karnataka,Mangalore,"Kadri, Mangalore - KSPCB",19-08-2024 20:00:00,12.889250,74.853000,PM10,28,45,35
India,Karnataka,Mangalore,"Kadri, Mangalore - KSPCB",19-08-2024 20:00:00,12.889250,74.853000,SO2,14,34,16
India,Karnataka,Mysuru,"Hebbal 1st Stage, Mysuru - KSPCB",19-08-2024 20:00:00,12.21041,76.37376,PM2.5,13,36,22
India,Karnataka,Ramanagara,"Vijay Nagar, Ramanagara - KSPCB",19-08-2024 20:00:00,12.733409,77.298051,PM10,16,36,26
India,Karnataka,Tumakuru,"Thimmalapura, Tumakuru - KSPCB",19-08-2024 20:00:00,13.377516,77.099072,PM10,28,257,121
India,Karnataka,Vijayapura,"Ibrahimpur, Vijayapura - KSPCB",19-08-2024 20:00:00,16.802639,75.722694,NH3,2,2,2
India,Karnataka,Yadgir,"Collector Office, Yadgir - KSPCB",19-08-2024 20:00:00,16.7602,77.1428,PM10,31,81,45
India,Kerala,Eloor,"Udyogamandal, Eloor - Kerala PCB",19-08-2024 20:00:00,10.073232,76.302765,SO2,1,2,1
India,Kerala,Thiruvananthapuram,"Kariavattom, Thiruvananthapuram - Kerala PCB",19-08-2024 20:00:00,8.563700,76.886500,NO2,5,7,6
India,Kerala,Thiruvananthapuram,"Kariavattom, Thiruvananthapuram - Kerala PCB",19-08-2024 20:00:00,8.563700,76.886500,OZONE,36,36,36
India,Kerala,Thiruvananthapuram,"Plammoodu, Thiruvananthapuram - Kerala PCB",19-08-2024 20:00:00,8.5149093,76.9435879,NH3,3,6,4
India,Kerala,Thrissur,"Corporation Ground, Thrissur - Kerala PCB",19-08-2024 20:00:00,10.532400,76.215900,CO,39,44,42
India,Madhya Pradesh,Bhopal,"Idgah Hills, Bhopal - MPPCB",19-08-2024 20:00:00,23.264759,77.381568,PM2.5,55,157,76
India,Madhya Pradesh,Bhopal,"Idgah Hills, Bhopal - MPPCB",19-08-2024 20:00:00,23.264759,77.381568,SO2,4,7,6
India,Madhya Pradesh,Bhopal,"Idgah Hills, Bhopal - MPPCB",19-08-2024 20:00:00,23.264759,77.381568,OZONE,4,34,31
India,Madhya Pradesh,Bhopal,"Paryavaran Parisar, Bhopal - MPPCB",19-08-2024 20:00:00,23.210494,77.425409,PM2.5,38,83,52
India,Madhya Pradesh,Gwalior,"City Center, Gwalior - MPPCB",19-08-2024 20:00:00,26.203442,78.193251,PM10,38,59,47
India,Madhya Pradesh,Gwalior,"City Center, Gwalior - MPPCB",19-08-2024 20:00:00,26.203442,78.193251,NH3,3,6,5
India,Madhya Pradesh,Gwalior,"City Center, Gwalior - MPPCB",19-08-2024 20:00:00,26.203442,78.193251,OZONE,26,35,31
India,Madhya Pradesh,Gwalior,"Deen Dayal Nagar, Gwalior - MPPCB",19-08-2024 20:00:00,26.259242,78.216432,SO2,13,15,14
India,Madhya Pradesh,Gwalior,"Phool Bagh, Gwalior - Mondelez Ind. Food",19-08-2024 20:00:00,26.210536,78.171,PM10,NA,NA,NA
India,Madhya Pradesh,Gwalior,"Phool Bagh, Gwalior - Mondelez Ind. Food",19-08-2024 20:00:00,26.210536,78.171,NO2,3,5,4
India,Madhya Pradesh,Gwalior,"Phool Bagh, Gwalior - Mondelez Ind. Food",19-08-2024 20:00:00,26.210536,78.171,SO2,17,24,21
India,Madhya Pradesh,Indore,"Chhoti Gwaltoli, Indore - MPPCB",19-08-2024 20:00:00,22.4310,75.5213,PM2.5,46,78,61
India,Madhya Pradesh,Indore,"Chhoti Gwaltoli, Indore - MPPCB",19-08-2024 20:00:00,22.4310,75.5213,PM10,76,130,99
India,Madhya Pradesh,Indore,"Chhoti Gwaltoli, Indore - MPPCB",19-08-2024 20:00:00,22.4310,75.5213,NH3,2,3,3
India,Madhya Pradesh,Indore,"Chhoti Gwaltoli, Indore - MPPCB",19-08-2024 20:00:00,22.4310,75.5213,CO,28,107,83
India,Madhya Pradesh,Indore,"Chhoti Gwaltoli, Indore - MPPCB",19-08-2024 20:00:00,22.4310,75.5213,OZONE,12,49,39
India,Madhya Pradesh,Indore,"Maguda Nagar, Indore - IMC",19-08-2024 20:00:00,22.7524,75.8872,PM10,NA,NA,NA
India,Madhya Pradesh,Indore,"Maguda Nagar, Indore - IMC",19-08-2024 20:00:00,22.7524,75.8872,NO2,3,3,3
India,Madhya Pradesh,Indore,"Maguda Nagar, Indore - IMC",19-08-2024 20:00:00,22.7524,75.8872,CO,16,20,16
India,Madhya Pradesh,Indore,"Regional Park, Indore - IMC",19-08-2024 20:00:00,22.6780,75.8559,SO2,34,36,35
India,Madhya Pradesh,Indore,"Regional Park, Indore - IMC",19-08-2024 20:00:00,22.6780,75.8559,CO,16,29,17
India,Madhya Pradesh,Indore,"Residency Area, Indore - IMC",19-08-2024 20:00:00,22.7084,75.8815,NO2,21,31,25
India,Madhya Pradesh,Jabalpur,"Gupteshwar, Jabalpur - JMC",19-08-2024 20:00:00,23.142888,79.916147,OZONE,13,73,56
India,Madhya Pradesh,Jabalpur,"Marhatal, Jabalpur - MPPCB",19-08-2024 20:00:00,23.168606,79.932247,PM10,16,30,21
India,Madhya Pradesh,Jabalpur,"Marhatal, Jabalpur - MPPCB",19-08-2024 20:00:00,23.168606,79.932247,NH3,3,4,3
India,Madhya Pradesh,Jabalpur,"Suhagi, Jabalpur - JMC",19-08-2024 20:00:00,23.218135,79.957770,OZONE,4,5,4
India,Madhya Pradesh,Katni,"Gole Bazar, Katni - MPPCB",19-08-2024 20:00:00,23.50016,80.23284,OZONE,11,29,22
India,Madhya Pradesh,Maihar,"Sahilara, Maihar - KJS Cements",19-08-2024 20:00:00,24.2613009,80.7231783,PM10,NA,NA,NA
India,Madhya Pradesh,Maihar,"Sahilara, Maihar - KJS Cements",19-08-2024 20:00:00,24.2613009,80.7231783,SO2,9,10,10
India,Madhya Pradesh,Maihar,"Sahilara, Maihar - KJS Cements",19-08-2024 20:00:00,24.2613009,80.7231783,CO,40,45,42
India,Madhya Pradesh,Pithampur,"Sector-2 Industrial Area, Pithampur - MPPCB",19-08-2024 20:00:00,22.624758,75.675238,PM2.5,38,82,60
India,Madhya Pradesh,Pithampur,"Sector-2 Industrial Area, Pithampur - MPPCB",19-08-2024 20:00:00,22.624758,75.675238,CO,12,23,19
India,Madhya Pradesh,Sagar,"Civil Lines, Sagar - MPPCB",19-08-2024 20:00:00,23.838586,78.759431,SO2,1,6,4
India,Madhya Pradesh,Satna,"Bandhavgar Colony, Satna - Birla Cement",19-08-2024 20:00:00,24.58434363,80.8549414,PM2.5,2,8,3
India,Madhya Pradesh,Satna,"Bandhavgar Colony, Satna - Birla Cement",19-08-2024 20:00:00,24.58434363,80.8549414,PM10,57,64,60
India,Madhya Pradesh,Satna,"Bandhavgar Colony, Satna - Birla Cement",19-08-2024 20:00:00,24.58434363,80.8549414,NO2,32,60,43
India,Madhya Pradesh,Satna,"Bandhavgar Colony, Satna - Birla Cement",19-08-2024 20:00:00,24.58434363,80.8549414,SO2,2,3,2
India,Madhya Pradesh,Singrauli,"Suryakiran Bhawan NCL, Singrauli - MPPCB",19-08-2024 20:00:00,24.108970,82.645580,CO,75,82,78
India,Madhya Pradesh,Ujjain,"Mahakaleshwar Temple, Ujjain - MPPCB",19-08-2024 20:00:00,23.182719 ,75.768218 ,PM2.5,48,68,59
India,Madhya Pradesh,Ujjain,"Mahakaleshwar Temple, Ujjain - MPPCB",19-08-2024 20:00:00,23.182719 ,75.768218 ,NO2,10,18,13
India,Maharashtra,Ahmednagar,"Tarakpur, Ahmednagar - MPCB",19-08-2024 20:00:00,19.10122,74.73339,SO2,3,34,10
India,Maharashtra,Ahmednagar,"Tarakpur, Ahmednagar - MPCB",19-08-2024 20:00:00,19.10122,74.73339,OZONE,17,44,32
India,Maharashtra,Amravati,"Shivneri Colony, Amravati - MPCB",19-08-2024 20:00:00,20.9402359,77.7895248,NO2,3,14,8
India,Maharashtra,Aurangabad,"MIDC Chilkalthana, Aurangabad - MPCB",19-08-2024 20:00:00,19.875620,75.387310,PM2.5,4,66,41
India,Maharashtra,Aurangabad,"More Chowk Waluj, Aurangabad - MPCB",19-08-2024 20:00:00,19.8389439,75.244448,SO2,7,20,15
India,Maharashtra,Belapur,"CBD Belapur, Belapur - MPCB",19-08-2024 20:00:00,19.0243902,73.0406721,NH3,2,3,2
India,Maharashtra,Boisar,"Khaira, Boisar - MPCB",19-08-2024 20:00:00,19.786089,72.757971,PM2.5,34,70,50
India,Maharashtra,Dhule,"Deopur, Dhule - MPCB",19-08-2024 20:00:00,20.918946,74.776388,CO,12,24,17
India,Maharashtra,Jalgaon,"Prabhat Colony, Jalgaon - MPCB",19-08-2024 20:00:00,21.001264,75.565602,NO2,6,16,10
India,Maharashtra,Jalna,"Old MIDC, Jalna - MPCB",19-08-2024 20:00:00,19.854616,75.905894,PM2.5,57,269,136
India,Maharashtra,Jalna,"Old MIDC, Jalna - MPCB",19-08-2024 20:00:00,19.854616,75.905894,PM10,58,157,108
India,Maharashtra,Kalyan,"Khadakpada, Kalyan - MPCB",19-08-2024 20:00:00,19.25292,73.142019,PM10,12,159,71
India,Maharashtra,Kolhapur,"Sinchan Bhavan, Kolhapur - MPCB",19-08-2024 20:00:00,16.7143745,74.2426398,PM10,23,83,46
India,Maharashtra,Kolhapur,"Sinchan Bhavan, Kolhapur - MPCB",19-08-2024 20:00:00,16.7143745,74.2426398,OZONE,3,68,43
India,Maharashtra,Latur,"Sawe Wadi, Latur - MPCB",19-08-2024 20:00:00,18.39963,76.57452,PM10,17,46,27
India,Maharashtra,Latur,"Sawe Wadi, Latur - MPCB",19-08-2024 20:00:00,18.39963,76.57452,NH3,9,16,10
India,Maharashtra,Mahad,"Kamble Tarf Birwadi, Mahad - MPCB",19-08-2024 20:00:00,18.1023399,73.4783687,OZONE,21,71,56
India,Maharashtra,Mira-Bhayandar,"Bhayandar West, Mira-Bhayandar - MPCB",19-08-2024 20:00:00,19.296481,72.840923,OZONE,1,23,18
India,Maharashtra,Mumbai,"Bandra Kurla Complex, Mumbai - MPCB",19-08-2024 20:00:00,19.065931,72.862131,PM2.5,16,48,27
India,Maharashtra,Mumbai,"Borivali East, Mumbai - IITM",19-08-2024 20:00:00,19.23241,72.86895,PM10,NA,NA,NA
India,Maharashtra,Mumbai,"Borivali East, Mumbai - IITM",19-08-2024 20:00:00,19.23241,72.86895,NH3,NA,NA,NA
India,Maharashtra,Mumbai,"Borivali East, Mumbai - MPCB",19-08-2024 20:00:00,19.2243333,72.8658113,PM2.5,8,31,19
India,Maharashtra,Mumbai,"Borivali East, Mumbai - MPCB",19-08-2024 20:00:00,19.2243333,72.8658113,NO2,1,8,4
India,Maharashtra,Mumbai,"Borivali East, Mumbai - MPCB",19-08-2024 20:00:00,19.2243333,72.8658113,SO2,8,11,10
India,Maharashtra,Mumbai,"Byculla, Mumbai - BMC",19-08-2024 20:00:00,18.9767,72.8380,PM2.5,5,21,11
India,Maharashtra,Mumbai,"Byculla, Mumbai - BMC",19-08-2024 20:00:00,18.9767,72.8380,OZONE,7,21,18
India,Maharashtra,Mumbai,"Chhatrapati Shivaji Intl. Airport (T2), Mumbai - MPCB",19-08-2024 20:00:00,19.10078,72.87462,CO,12,19,16
India,Maharashtra,Mumbai,"Chhatrapati Shivaji Intl. Airport (T2), Mumbai - MPCB",19-08-2024 20:00:00,19.10078,72.87462,OZONE,22,22,22
India,Maharashtra,Mumbai,"Colaba, Mumbai - MPCB",19-08-2024 20:00:00,18.910000,72.820000,PM2.5,15,51,32
India,Maharashtra,Mumbai,"Deonar, Mumbai - IITM",19-08-2024 20:00:00,19.04946,72.9230,OZONE,10,31,24
India,Maharashtra,Mumbai,"Kherwadi_Bandra East, Mumbai - MPCB",19-08-2024 20:00:00,19.0632143,72.8456324,NH3,1,8,4
India,Maharashtra,Mumbai,"Khindipada-Bhandup West, Mumbai - IITM",19-08-2024 20:00:00,19.1653323,72.922099,PM2.5,11,25,18
India,Maharashtra,Mumbai,"Khindipada-Bhandup West, Mumbai - IITM",19-08-2024 20:00:00,19.1653323,72.922099,PM10,15,41,27
India,Maharashtra,Mumbai,"Khindipada-Bhandup West, Mumbai - IITM",19-08-2024 20:00:00,19.1653323,72.922099,SO2,1,3,1
India,Maharashtra,Mumbai,"Khindipada-Bhandup West, Mumbai - IITM",19-08-2024 20:00:00,19.1653323,72.922099,OZONE,4,16,12
India,Maharashtra,Mumbai,"Kurla, Mumbai - MPCB",19-08-2024 20:00:00,19.0863,72.8888,NO2,14,17,15
India,Maharashtra,Mumbai,"Kurla, Mumbai - MPCB",19-08-2024 20:00:00,19.0863,72.8888,OZONE,14,15,14
India,Maharashtra,Mumbai,"Mindspace-Malad West, Mumbai - MPCB",19-08-2024 20:00:00,19.1878657,72.8304069,NO2,7,18,12
India,Maharashtra,Mumbai,"Navy Nagar-Colaba, Mumbai - IITM",19-08-2024 20:00:00,18.897756,72.813320,NO2,43,57,48
India,Maharashtra,Mumbai,"Sewri, Mumbai - BMC",19-08-2024 20:00:00,19.000084,72.856730,PM2.5,8,25,15
India,Maharashtra,Mumbai,"Sewri, Mumbai - BMC",19-08-2024 20:00:00,19.000084,72.856730,CO,50,51,50
India,Maharashtra,Mumbai,"Shivaji Nagar, Mumbai - BMC",19-08-2024 20:00:00,19.060498,72.923356,NO2,6,21,14
India,Maharashtra,Mumbai,"Vasai West, Mumbai - MPCB",19-08-2024 20:00:00,19.383200,72.820400,PM2.5,10,40,24
India,Maharashtra,Mumbai,"Vasai West, Mumbai - MPCB",19-08-2024 20:00:00,19.383200,72.820400,PM10,39,85,64
India,Maharashtra,Mumbai,"Vasai West, Mumbai - MPCB",19-08-2024 20:00:00,19.383200,72.820400,CO,12,36,19
India,Maharashtra,Mumbai,"Vile Parle West, Mumbai - MPCB",19-08-2024 20:00:00,19.10861,72.83622,NO2,30,36,31
India,Maharashtra,Mumbai,"Vile Parle West, Mumbai - MPCB",19-08-2024 20:00:00,19.10861,72.83622,CO,33,34,34
India,Maharashtra,Nagpur,"Ambazari, Nagpur - MPCB",19-08-2024 20:00:00,21.121801,79.04952,NH3,1,2,2
India,Maharashtra,Nagpur,"Mahal, Nagpur - MPCB",19-08-2024 20:00:00,21.14472,79.107595,PM10,27,78,51
India,Maharashtra,Nagpur,"Mahal, Nagpur - MPCB",19-08-2024 20:00:00,21.14472,79.107595,OZONE,2,27,14
India,Maharashtra,Nagpur,"Ram Nagar, Nagpur - MPCB",19-08-2024 20:00:00,21.143383,79.048912,PM2.5,NA,NA,NA
India,Maharashtra,Nagpur,"Ram Nagar, Nagpur - MPCB",19-08-2024 20:00:00,21.143383,79.048912,NH3,NA,NA,NA
India,Maharashtra,Nagpur,"Ram Nagar, Nagpur - MPCB",19-08-2024 20:00:00,21.143383,79.048912,SO2,NA,NA,NA
India,Maharashtra,Nagpur,"Ram Nagar, Nagpur - MPCB",19-08-2024 20:00:00,21.143383,79.048912,OZONE,4,9,7
India,Maharashtra,Nanded,"Sneh Nagar, Nanded - MPCB",19-08-2024 20:00:00,19.173852,77.296291,CO,16,28,22
India,Maharashtra,Nashik,"Gangapur Road, Nashik - MPCB",19-08-2024 20:00:00,20.0073285,73.7762427,SO2,4,12,8
India,Maharashtra,Nashik,"Hirawadi, Nashik - MPCB",19-08-2024 20:00:00,20.021503,73.813844,SO2,1,6,4
India,Maharashtra,Nashik,"MIDC Ambad, Nashik - MPCB",19-08-2024 20:00:00,19.950220,73.731480,PM2.5,20,98,50
India,Maharashtra,Nashik,"Pandav Nagari, Nashik - MPCB",19-08-2024 20:00:00,19.9591346,73.7788008,NH3,3,9,5
India,Maharashtra,Navi Mumbai,"Kopripada-Vashi, Navi Mumbai - MPCB",19-08-2024 20:00:00,19.090337,73.014232,PM2.5,20,129,58
India,Maharashtra,Navi Mumbai,"Kopripada-Vashi, Navi Mumbai - MPCB",19-08-2024 20:00:00,19.090337,73.014232,OZONE,3,31,17
India,Maharashtra,Navi Mumbai,"Mahape, Navi Mumbai - MPCB",19-08-2024 20:00:00,19.1135051,73.008978,PM2.5,14,45,29
India,Maharashtra,Navi Mumbai,"Nerul, Navi Mumbai - MPCB",19-08-2024 20:00:00,19.008751,73.016620,SO2,6,10,8
India,Maharashtra,Navi Mumbai,"Sanpada, Navi Mumbai - MPCB",19-08-2024 20:00:00,19.0575752,73.0151367,OZONE,1,90,49
India,Maharashtra,Parbhani,"Masoom Colony, Parbhani - MPCB",19-08-2024 20:00:00,19.265594,76.761463,NH3,NA,NA,NA
India,Maharashtra,Pimpri-Chinchwad,"Gavalinagar, Pimpri Chinchwad - MPCB",19-08-2024 20:00:00,18.63673,73.82487,PM2.5,26,56,37
India,Maharashtra,Pimpri-Chinchwad,"Park Street Wakad, Pimpri Chinchwad - MPCB",19-08-2024 20:00:00,18.59051,73.77946,PM10,27,69,43
India,Maharashtra,Pimpri-Chinchwad,"Park Street Wakad, Pimpri Chinchwad - MPCB",19-08-2024 20:00:00,18.59051,73.77946,SO2,NA,NA,NA
India,Maharashtra,Pimpri-Chinchwad,"Thergaon, Pimpri Chinchwad - MPCB",19-08-2024 20:00:00,18.616318,73.765797,NO2,19,62,35
India,Maharashtra,Pune,"Karve Road, Pune - MPCB",19-08-2024 20:00:00,18.5011743,73.8165527,PM10,38,94,56
India,Maharashtra,Pune,"Karve Road, Pune - MPCB",19-08-2024 20:00:00,18.5011743,73.8165527,CO,18,46,30
India,Maharashtra,Pune,"Katraj Dairy, Pune - MPCB",19-08-2024 20:00:00,18.454450,73.854155,NO2,13,26,19
India,Maharashtra,Pune,"Panchawati_Pashan, Pune - IITM",19-08-2024 20:00:00,18.536457,73.805454,PM2.5,8,16,11
India,Maharashtra,Pune,"Revenue Colony-Shivajinagar, Pune - IITM",19-08-2024 20:00:00,18.530085,73.849598,NO2,30,122,75
India,Maharashtra,Pune,"Revenue Colony-Shivajinagar, Pune - IITM",19-08-2024 20:00:00,18.530085,73.849598,OZONE,15,161,78
India,Maharashtra,Pune,"Transport Nagar-Nigdi, Pune - IITM",19-08-2024 20:00:00,18.664282,73.763966,NO2,NA,NA,NA
India,Maharashtra,Sangli,"Vijay Nagar, Sangli - MPCB",19-08-2024 20:00:00, 16.5038,74.3623,SO2,NA,NA,NA
India,Maharashtra,Sangli,"Vijay Nagar, Sangli - MPCB",19-08-2024 20:00:00, 16.5038,74.3623,CO,5,24,11
India,Maharashtra,Solapur,"Dnyaneshwar Nagar, Solapur - MPCB",19-08-2024 20:00:00,17.6336264,75.9132495,PM10,NA,NA,NA
India,Maharashtra,Solapur,"Dnyaneshwar Nagar, Solapur - MPCB",19-08-2024 20:00:00,17.6336264,75.9132495,SO2,NA,NA,NA
India,Maharashtra,Solapur,"Dnyaneshwar Nagar, Solapur - MPCB",19-08-2024 20:00:00,17.6336264,75.9132495,CO,20,32,24
India,Maharashtra,Solapur,"Ratandeep Housing Society, Solapur - MPCB",19-08-2024 20:00:00,17.65439,75.90649,SO2,4,5,4
India,Maharashtra,Thane,"Kasarvadavali, Thane - MPCB",19-08-2024 20:00:00,19.26777,72.97182,CO,3,23,9
India,Maharashtra,Thane,"Pimpleshwar Mandir, Thane - MPCB",19-08-2024 20:00:00,19.192056,72.9585188,NO2,3,24,7
India,Maharashtra,Thane,"Upvan Fort, Thane - MPCB",19-08-2024 20:00:00,19.222279,72.957979,NO2,5,18,9
India,Maharashtra,Virar,"Bolinj, Virar - MPCB",19-08-2024 20:00:00,19.4458210,72.7988231,NO2,3,10,5
India,Maharashtra,Virar,"Bolinj, Virar - MPCB",19-08-2024 20:00:00,19.4458210,72.7988231,NH3,3,4,4
India,Maharashtra,Virar,"Bolinj, Virar - MPCB",19-08-2024 20:00:00,19.4458210,72.7988231,SO2,1,4,3
India,Manipur,Imphal,"DM College of Science, Imphal - Manipur PCB",19-08-2024 20:00:00,24.8207389,93.9423085,NH3,NA,NA,NA
India,Manipur,Imphal,"DM College of Science, Imphal - Manipur PCB",19-08-2024 20:00:00,24.8207389,93.9423085,CO,6,6,6
India,Meghalaya,Shillong,"Lumpyngngad, Shillong - Meghalaya PCB",19-08-2024 20:00:00,25.5586,91.8985,PM10,NA,NA,NA
India,Nagaland,Kohima,"PWD Juction, Kohima - NPCB",19-08-2024 20:00:00,25.6635413,94.0989878,PM10,1,53,16
India,Odisha,Angul,"Hakimapada, Angul - OSPCB",19-08-2024 20:00:00,20.832874,85.104082,PM2.5,32,177,61
India,Odisha,Angul,"Hakimapada, Angul - OSPCB",19-08-2024 20:00:00,20.832874,85.104082,NO2,3,21,10
India,Odisha,Angul,"Hakimapada, Angul - OSPCB",19-08-2024 20:00:00,20.832874,85.104082,SO2,10,104,30
India,Odisha,Baripada,"Meher Colony, Baripada - OSPCB",19-08-2024 20:00:00,21.941841,86.728318,PM10,23,66,39
India,Odisha,Bhubaneswar,"Lingraj Mandir, Bhubaneswar - OSPCB",19-08-2024 20:00:00,20.240790,85.836784,PM10,27,129,75
India,Odisha,Bhubaneswar,"Lingraj Mandir, Bhubaneswar - OSPCB",19-08-2024 20:00:00,20.240790,85.836784,SO2,11,66,28
India,Odisha,Bhubaneswar,"Lingraj Mandir, Bhubaneswar - OSPCB",19-08-2024 20:00:00,20.240790,85.836784,CO,4,95,36
India,Odisha,Bhubaneswar,"Patia, Bhubaneswar - OSPCB",19-08-2024 20:00:00,20.34652,85.81630,CO,15,32,20
India,Odisha,Brajrajnagar,"GM Office, Brajrajnagar - OSPCB",19-08-2024 20:00:00,21.8004996,83.8396977,PM2.5,1,52,21
India,Odisha,Byasanagar,"Ferro Chrome Colony, Byasanagar - OSPCB",19-08-2024 20:00:00,20.94185,86.11510,PM2.5,5,65,26
India,Odisha,Byasanagar,"Ferro Chrome Colony, Byasanagar - OSPCB",19-08-2024 20:00:00,20.94185,86.11510,NO2,3,24,8
India,Odisha,Cuttack,"CDA Area, Cuttack - OSPCB",19-08-2024 20:00:00,20.48891     ,85.84768     ,PM10,25,153,76
India,Odisha,Keonjhar,"Jagamohanpur, Keonjhar - OSPCB",19-08-2024 20:00:00,21.643900,85.599355,CO,110,151,150
India,Odisha,Nayagarh,"Dabuna, Nayagarh - OSPCB",19-08-2024 20:00:00,21.847279,85.416905,CO,10,18,11
India,Odisha,Rairangpur,"Divisional Forest Office, Rairangpur - OSPCB",19-08-2024 20:00:00,22.265816,86.174829,PM2.5,25,46,32
India,Odisha,Rourkela,"Fertilizer Township, Rourkela - OSPCB",19-08-2024 20:00:00,22.18972222,84.86277778,NO2,NA,NA,NA
India,Odisha,Suakati,"OMC Colony, Suakati - OSPCB",19-08-2024 20:00:00,21.606865,85.510538,SO2,5,11,9
India,Odisha,Suakati,"OMC Colony, Suakati - OSPCB",19-08-2024 20:00:00,21.606865,85.510538,CO,12,32,18
India,Odisha,Talcher,"Talcher Coalfields,Talcher - OSPCB",19-08-2024 20:00:00,20.9360711,85.1707021,NH3,4,4,4
India,Odisha,Tensa,"Barsua Iron Ore Mines, Tensa - OSPCB",19-08-2024 20:00:00,21.869985,85.167016,PM2.5,26,45,29
India,Puducherry,Puducherry,"Jawahar Nagar, Puducherry - PPCC",19-08-2024 20:00:00,11.9309,79.8027,PM10,NA,NA,NA
India,Punjab,Amritsar,"Golden Temple, Amritsar - PPCB",19-08-2024 20:00:00,31.620000,74.876512,NO2,NA,NA,NA
India,Punjab,Amritsar,"Golden Temple, Amritsar - PPCB",19-08-2024 20:00:00,31.620000,74.876512,CO,17,23,20
India,Punjab,Amritsar,"Golden Temple, Amritsar - PPCB",19-08-2024 20:00:00,31.620000,74.876512,OZONE,46,60,52
India,Punjab,Bathinda,"Hardev Nagar, Bathinda - PPCB",19-08-2024 20:00:00,30.233011,74.907758,CO,8,108,53
India,Punjab,Jalandhar,"Civil Line, Jalandhar - PPCB",19-08-2024 20:00:00,31.321907,75.578914,CO,10,40,25
India,Punjab,Khanna,"Kalal Majra, Khanna - PPCB",19-08-2024 20:00:00,30.736056 ,76.209694,PM2.5,36,74,55
India,Punjab,Khanna,"Kalal Majra, Khanna - PPCB",19-08-2024 20:00:00,30.736056 ,76.209694,CO,15,22,17
India,Punjab,Ludhiana,"Punjab Agricultural University, Ludhiana - PPCB",19-08-2024 20:00:00,30.9028,75.8086,NO2,20,24,22
India,Punjab,Patiala,"Model Town, Patiala - PPCB",19-08-2024 20:00:00,30.349388,76.366642,CO,25,38,29
India,Punjab,Rupnagar,"Ratanpura, Rupnagar - Ambuja Cements",19-08-2024 20:00:00,31.0325454,76.5623046,PM2.5,17,20,18
India,Rajasthan,Alwar,"Moti Doongri, Alwar - RSPCB",19-08-2024 20:00:00,27.554793,76.611536,PM2.5,18,75,31
India,Rajasthan,Banswara,"Rati Talai, Banswara - RSPCB",19-08-2024 20:00:00,23.555190,74.440010,CO,1,16,9
India,Rajasthan,Baran,"Bamboliya, Baran - RSPCB",19-08-2024 20:00:00,25.106006,76.469948,NH3,3,6,4
India,Rajasthan,Baran,"Bamboliya, Baran - RSPCB",19-08-2024 20:00:00,25.106006,76.469948,SO2,3,4,4
India,Rajasthan,Bharatpur,"Krishna Nagar, Bharatpur - RSPCB",19-08-2024 20:00:00,27.215415,77.50873,NO2,NA,NA,NA
India,Rajasthan,Bharatpur,"Krishna Nagar, Bharatpur - RSPCB",19-08-2024 20:00:00,27.215415,77.50873,NH3,NA,NA,NA
India,Rajasthan,Bharatpur,"Krishna Nagar, Bharatpur - RSPCB",19-08-2024 20:00:00,27.215415,77.50873,OZONE,NA,NA,NA
India,Rajasthan,Bhilwara,"Pratap Nagar, Bhilwara - RSPCB",19-08-2024 20:00:00,25.339605,74.618883,NH3,2,6,4
India,Rajasthan,Bhilwara,"Pratap Nagar, Bhilwara - RSPCB",19-08-2024 20:00:00,25.339605,74.618883,OZONE,24,45,40
India,Rajasthan,Bhiwadi,"RIICO Ind. Area III, Bhiwadi - RSPCB",19-08-2024 20:00:00,28.194909,76.862296,PM2.5,33,65,44
India,Rajasthan,Bhiwadi,"RIICO Ind. Area III, Bhiwadi - RSPCB",19-08-2024 20:00:00,28.194909,76.862296,PM10,31,77,56
India,Rajasthan,Bhiwadi,"RIICO Ind. Area III, Bhiwadi - RSPCB",19-08-2024 20:00:00,28.194909,76.862296,SO2,8,19,13
India,Rajasthan,Bhiwadi,"RIICO Ind. Area III, Bhiwadi - RSPCB",19-08-2024 20:00:00,28.194909,76.862296,CO,42,100,68
India,Rajasthan,Bhiwadi,"RIICO Ind. Area III, Bhiwadi - RSPCB",19-08-2024 20:00:00,28.194909,76.862296,OZONE,10,56,44
India,Rajasthan,Bikaner,"MM Ground, Bikaner - RSPCB",19-08-2024 20:00:00,28.018792,73.292658,NH3,1,2,2
India,Rajasthan,Bundi,"New Colony, Bundi - RSPCB",19-08-2024 20:00:00,25.435774,75.644272,NH3,1,3,1
India,Rajasthan,Chittorgarh,"Shastri Nagar, Chittorgarh - RSPCB",19-08-2024 20:00:00,24.892047,74.623527,NO2,8,30,14
India,Rajasthan,Chittorgarh,"Shastri Nagar, Chittorgarh - RSPCB",19-08-2024 20:00:00,24.892047,74.623527,OZONE,18,57,49
India,Rajasthan,Churu,"Subash Chowk, Churu - RSPCB",19-08-2024 20:00:00,28.296139,74.961696,PM2.5,22,88,44
India,Rajasthan,Churu,"Subash Chowk, Churu - RSPCB",19-08-2024 20:00:00,28.296139,74.961696,NH3,17,20,17
India,Rajasthan,Churu,"Subash Chowk, Churu - RSPCB",19-08-2024 20:00:00,28.296139,74.961696,CO,36,52,43
India,Rajasthan,Dungarpur,"Bhoiwada, Dungarpur - RSPCB",19-08-2024 20:00:00,23.837789,73.714926,NO2,2,12,5
India,Rajasthan,Dungarpur,"Bhoiwada, Dungarpur - RSPCB",19-08-2024 20:00:00,23.837789,73.714926,CO,14,56,28
India,Rajasthan,Hanumangarh,"Housing Board, Hanumangarh - RSPCB",19-08-2024 20:00:00,29.610750,74.283608,PM10,NA,NA,NA
India,Rajasthan,Jaipur,"Adarsh Nagar, Jaipur - RSPCB",19-08-2024 20:00:00,26.902909,75.836858,NH3,3,8,5
India,Rajasthan,Jaipur,"Police Commissionerate, Jaipur - RSPCB",19-08-2024 20:00:00,26.9164092,75.7994901,SO2,6,54,16
India,Rajasthan,Jaipur,"RIICO Sitapura, Jaipur - RSPCB",19-08-2024 20:00:00,26.786682,75.827928,PM10,39,68,53
India,Rajasthan,Jaipur,"RIICO Sitapura, Jaipur - RSPCB",19-08-2024 20:00:00,26.786682,75.827928,NO2,8,25,14
India,Rajasthan,Jhunjhunu,"Indra Nagar, Jhunjhunu - RSPCB",19-08-2024 20:00:00,28.108988,75.386577,SO2,4,5,4
India,Rajasthan,Jodhpur,"Collectorate, Jodhpur - RSPCB",19-08-2024 20:00:00,26.268249,73.0193853,SO2,1,24,7
India,Rajasthan,Jodhpur,"Collectorate, Jodhpur - RSPCB",19-08-2024 20:00:00,26.268249,73.0193853,CO,2,108,70
India,Rajasthan,Jodhpur,"Digari Kalan, Jodhpur - RSPCB",19-08-2024 20:00:00,26.295810,73.082283,CO,14,46,17
India,Rajasthan,Jodhpur,"Digari Kalan, Jodhpur - RSPCB",19-08-2024 20:00:00,26.295810,73.082283,OZONE,1,3,1
India,Rajasthan,Jodhpur,"Jhalamand, Jodhpur - RSPCB",19-08-2024 20:00:00,26.215415,73.070156,NO2,8,32,18
India,Rajasthan,Jodhpur,"Samrat Ashok Udhyan, Jodhpur - RSPCB",19-08-2024 20:00:00,26.253384,72.976571,PM10,65,114,90
India,Rajasthan,Jodhpur,"Samrat Ashok Udhyan, Jodhpur - RSPCB",19-08-2024 20:00:00,26.253384,72.976571,CO,8,20,9
India,Rajasthan,Karauli,"Satyawati Vihar, Karauli - RSPCB",19-08-2024 20:00:00,26.506177,77.025989,PM10,8,26,17
India,Rajasthan,Karauli,"Satyawati Vihar, Karauli - RSPCB",19-08-2024 20:00:00,26.506177,77.025989,NH3,6,7,6
India,Rajasthan,Karauli,"Satyawati Vihar, Karauli - RSPCB",19-08-2024 20:00:00,26.506177,77.025989,SO2,2,7,5
India,Rajasthan,Kota,"Dhanmandi, Kota - RSPCB",19-08-2024 20:00:00,25.164090,75.858137,NO2,22,65,32
India,Rajasthan,Kota,"Nayapura, Kota - RSPCB",19-08-2024 20:00:00,25.196024,75.855668,PM2.5,16,48,27
India,Rajasthan,Kota,"Nayapura, Kota - RSPCB",19-08-2024 20:00:00,25.196024,75.855668,NO2,8,50,17
India,Rajasthan,Nagaur,"Karni Colony, Nagaur - RSPCB",19-08-2024 20:00:00,27.213494,73.734444,NH3,3,5,5
India,Rajasthan,Pratapgarh,"Pragati Nagar, Pratapgarh - RSPCB",19-08-2024 20:00:00,24.041198,74.780702,CO,8,18,11
India,Rajasthan,Rajsamand,"Dhoinda, Rajsamand - RSPCB",19-08-2024 20:00:00,25.036360,73.883502,PM10,25,71,45
India,Rajasthan,Rajsamand,"Dhoinda, Rajsamand - RSPCB",19-08-2024 20:00:00,25.036360,73.883502,SO2,6,10,7
India,Rajasthan,Sikar,"Radhakishan Pura, Sikar - RSPCB",19-08-2024 20:00:00,27.608912,75.153302,SO2,2,4,2
India,Rajasthan,Sirohi,"Vedhaynath Colony, Sirohi - RSPCB",19-08-2024 20:00:00,24.885261,72.857549,PM10,34,68,46
India,Rajasthan,Sirohi,"Vedhaynath Colony, Sirohi - RSPCB",19-08-2024 20:00:00,24.885261,72.857549,NO2,6,29,13
India,Rajasthan,Sirohi,"Vedhaynath Colony, Sirohi - RSPCB",19-08-2024 20:00:00,24.885261,72.857549,CO,6,42,20
India,Rajasthan,Sri Ganganagar,"Old City, Sri Ganganagar - RSPCB",19-08-2024 20:00:00,29.931624,73.864511,NO2,4,29,14
India,Rajasthan,Sri Ganganagar,"Old City, Sri Ganganagar - RSPCB",19-08-2024 20:00:00,29.931624,73.864511,OZONE,27,38,33
India,Rajasthan,Tonk,"Shastri Nagar, Tonk - RSPCB",19-08-2024 20:00:00,26.159933,75.780517,CO,2,8,4
India,Rajasthan,Udaipur,"Ashok Nagar, Udaipur - RSPCB",19-08-2024 20:00:00,24.5886166,73.6321397,PM2.5,40,95,60
India,Sikkim,Gangtok,"Zero Point GICI, Gangtok - SSPCB",19-08-2024 20:00:00,27.338530,88.614099,PM2.5,7,14,11
India,Sikkim,Gangtok,"Zero Point GICI, Gangtok - SSPCB",19-08-2024 20:00:00,27.338530,88.614099,NH3,1,1,1
India,TamilNadu,Ariyalur,"Keelapalur, Ariyalur - TNPCB",19-08-2024 20:00:00,11.06825,79.07033,SO2,9,9,9
India,TamilNadu,Chennai,"Kodungaiyur, Chennai - TNPCB",19-08-2024 20:00:00,13.1278,80.2642,PM2.5,4,18,9
India,TamilNadu,Chennai,"Kodungaiyur, Chennai - TNPCB",19-08-2024 20:00:00,13.1278,80.2642,CO,21,44,33
India,TamilNadu,Chennai,"Manali Village, Chennai - TNPCB",19-08-2024 20:00:00,13.1662,80.2584,PM10,28,72,46
India,TamilNadu,Chennai,"Manali Village, Chennai - TNPCB",19-08-2024 20:00:00,13.1662,80.2584,OZONE,35,53,36
India,TamilNadu,Chennai,"Manali, Chennai - CPCB",19-08-2024 20:00:00,13.164544,80.26285,CO,41,107,100
India,TamilNadu,Chennai,"Velachery Res. Area, Chennai - CPCB",19-08-2024 20:00:00,13.0052189,80.2398125,PM2.5,9,500,61
India,TamilNadu,Coimbatore,"PSG College of Arts and Science, Coimbatore - TNPCB",19-08-2024 20:00:00,11.0328,77.0349,NO2,NA,NA,NA
India,TamilNadu,Dindigul,"Mendonsa Colony, Dindigul - TNPCB",19-08-2024 20:00:00,10.358535,77.984321,PM10,NA,NA,NA
India,TamilNadu,Dindigul,"Mendonsa Colony, Dindigul - TNPCB",19-08-2024 20:00:00,10.358535,77.984321,SO2,22,23,23
India,TamilNadu,Ooty,"Bombay Castel, Ooty - TNPCB",19-08-2024 20:00:00,11.4068288,76.7138973,PM2.5,17,55,32
India,TamilNadu,Ooty,"Bombay Castel, Ooty - TNPCB",19-08-2024 20:00:00,11.4068288,76.7138973,CO,24,24,24
India,TamilNadu,Palkalaiperur,"Bharathidasan University, Palkalaiperur - TNPCB",19-08-2024 20:00:00,10.681158,78.741746,PM2.5,NA,NA,NA
India,TamilNadu,Ramanathapuram,"Chalai Bazaar, Ramanathapuram - TNPCB",19-08-2024 20:00:00,9.36399,78.831977,PM2.5,NA,NA,NA
India,TamilNadu,Ramanathapuram,"Chalai Bazaar, Ramanathapuram - TNPCB",19-08-2024 20:00:00,9.36399,78.831977,OZONE,13,14,14
India,TamilNadu,Thoothukudi,"Meelavittan, Thoothukudi - TNPCB",19-08-2024 20:00:00,8.816428 ,78.099039,PM10,NA,NA,NA
India,TamilNadu,Thoothukudi,"Meelavittan, Thoothukudi - TNPCB",19-08-2024 20:00:00,8.816428 ,78.099039,NO2,NA,NA,NA
India,TamilNadu,Thoothukudi,"Meelavittan, Thoothukudi - TNPCB",19-08-2024 20:00:00,8.816428 ,78.099039,SO2,NA,NA,NA
India,TamilNadu,Thoothukudi,"Meelavittan, Thoothukudi - TNPCB",19-08-2024 20:00:00,8.816428 ,78.099039,OZONE,14,116,62
India,TamilNadu,Tirunelveli,"Municipal Corporation Office, Tirunelveli - TNPCB",19-08-2024 20:00:00,8.728442,77.6962,NH3,1,3,2
India,Telangana,Hyderabad,"Bollaram Industrial Area, Hyderabad - TSPCB",19-08-2024 20:00:00,17.540891,78.358528,NO2,41,76,59
India,Telangana,Hyderabad,"Central University, Hyderabad - TSPCB",19-08-2024 20:00:00,17.460103,78.334361,PM2.5,12,51,27
India,Telangana,Hyderabad,"ECIL Kapra, Hyderabad - TSPCB",19-08-2024 20:00:00,17.470431,78.566959,PM2.5,38,58,44
India,Telangana,Hyderabad,"ICRISAT Patancheru, Hyderabad - TSPCB",19-08-2024 20:00:00,17.518400,78.278777,NO2,NA,NA,NA
India,Telangana,Hyderabad,"IDA Pashamylaram, Hyderabad - TSPCB",19-08-2024 20:00:00,17.5316895,78.218939,SO2,1,46,10
India,Telangana,Hyderabad,"IDA Pashamylaram, Hyderabad - TSPCB",19-08-2024 20:00:00,17.5316895,78.218939,OZONE,1,31,6
India,Telangana,Hyderabad,"IITH Kandi, Hyderabad - TSPCB",19-08-2024 20:00:00,17.585705,78.126199,NH3,NA,NA,NA
India,Telangana,Hyderabad,"IITH Kandi, Hyderabad - TSPCB",19-08-2024 20:00:00,17.585705,78.126199,CO,16,34,34
India,Telangana,Hyderabad,"Kokapet, Hyderabad - TSPCB",19-08-2024 20:00:00,17.393559,78.339194,NO2,9,9,9
India,Telangana,Hyderabad,"Kompally Municipal Office, Hyderabad - TSPCB",19-08-2024 20:00:00,17.544899,78.486949,PM10,NA,NA,NA
India,Telangana,Hyderabad,"Kompally Municipal Office, Hyderabad - TSPCB",19-08-2024 20:00:00,17.544899,78.486949,NO2,NA,NA,NA
India,Telangana,Hyderabad,"New Malakpet, Hyderabad - TSPCB",19-08-2024 20:00:00,17.37206,78.50864,SO2,7,53,19
India,Telangana,Hyderabad,"Ramachandrapuram, Hyderabad - TSPCB",19-08-2024 20:00:00,17.528544,78.286195,PM10,NA,NA,NA
India,Telangana,Hyderabad,"Ramachandrapuram, Hyderabad - TSPCB",19-08-2024 20:00:00,17.528544,78.286195,OZONE,18,54,31
India,Telangana,Hyderabad,"Sanathnagar, Hyderabad - TSPCB",19-08-2024 20:00:00,17.4559458,78.4332152,PM2.5,24,68,46
India,Telangana,Hyderabad,"Zoo Park, Hyderabad - TSPCB",19-08-2024 20:00:00,17.349694,78.451437,PM10,NA,NA,NA
India,Telangana,Hyderabad,"Zoo Park, Hyderabad - TSPCB",19-08-2024 20:00:00,17.349694,78.451437,CO,NA,NA,NA
India,Tripura,Agartala,"Bardowali, Agartala - Tripura SPCB",19-08-2024 20:00:00,23.8175497,91.2726974,SO2,27,27,27
India,Tripura,Agartala,"Bardowali, Agartala - Tripura SPCB",19-08-2024 20:00:00,23.8175497,91.2726974,CO,4,12,7
India,Tripura,Agartala,"Bardowali, Agartala - Tripura SPCB",19-08-2024 20:00:00,23.8175497,91.2726974,OZONE,6,16,11
India,Uttar_Pradesh,Agra,"Manoharpur, Agra - UPPCB",19-08-2024 20:00:00,27.23711,78.01936,NO2,17,18,18
India,Uttar_Pradesh,Agra,"Rohta, Agra - UPPCB",19-08-2024 20:00:00,27.106972,78.000111,PM2.5,7,28,17
India,Uttar_Pradesh,Agra,"Rohta, Agra - UPPCB",19-08-2024 20:00:00,27.106972,78.000111,NO2,5,5,5
India,Uttar_Pradesh,Agra,"Sector-3B Avas Vikas Colony, Agra - UPPCB",19-08-2024 20:00:00,27.19412,77.96237,NO2,15,16,16
India,Uttar_Pradesh,Agra,"Shastripuram, Agra - UPPCB",19-08-2024 20:00:00,27.19862,77.92066,PM2.5,1,27,13
India,Uttar_Pradesh,Agra,"Shastripuram, Agra - UPPCB",19-08-2024 20:00:00,27.19862,77.92066,PM10,14,37,25
India,Uttar_Pradesh,Agra,"Shastripuram, Agra - UPPCB",19-08-2024 20:00:00,27.19862,77.92066,SO2,15,19,18
India,Uttar_Pradesh,Baghpat,"Sardar Patel Inter College, Baghpat - UPPCB",19-08-2024 20:00:00,28.964949,77.278761,NO2,8,10,9
India,Uttar_Pradesh,Bareilly,"Civil Lines, Bareilly - UPPCB",19-08-2024 20:00:00,28.359581,79.414455,PM2.5,3,11,7
India,Uttar_Pradesh,Bareilly,"Civil Lines, Bareilly - UPPCB",19-08-2024 20:00:00,28.359581,79.414455,SO2,26,29,27
India,Uttar_Pradesh,Bulandshahr,"Yamunapuram, Bulandshahr - UPPCB",19-08-2024 20:00:00,28.406963,77.849831,PM2.5,27,72,53
India,Uttar_Pradesh,Bulandshahr,"Yamunapuram, Bulandshahr - UPPCB",19-08-2024 20:00:00,28.406963,77.849831,PM10,27,105,75
India,Uttar_Pradesh,Bulandshahr,"Yamunapuram, Bulandshahr - UPPCB",19-08-2024 20:00:00,28.406963,77.849831,SO2,1,21,11
India,Uttar_Pradesh,Firozabad,"Nagla Bhau, Firozabad - UPPCB",19-08-2024 20:00:00,27.168897,78.376960,NO2,17,17,17
India,Uttar_Pradesh,Ghaziabad,"Indirapuram, Ghaziabad - UPPCB",19-08-2024 20:00:00,28.646233,77.358075,NH3,5,22,11
India,Uttar_Pradesh,Ghaziabad,"Vasundhara, Ghaziabad - UPPCB",19-08-2024 20:00:00,28.6603346,77.3572563,NO2,13,40,27
India,Uttar_Pradesh,Gorakhpur,"Madan Mohan Malaviya University of Technology, Gorakhpur - UPPCB",19-08-2024 20:00:00,26.730136,83.433859,NO2,11,11,11
India,Uttar_Pradesh,Greater Noida,"Knowledge Park - V, Greater Noida - UPPCB",19-08-2024 20:00:00,28.557054,77.453663,PM2.5,33,134,64
India,Uttar_Pradesh,Greater Noida,"Knowledge Park - V, Greater Noida - UPPCB",19-08-2024 20:00:00,28.557054,77.453663,NH3,3,4,3
India,Uttar_Pradesh,Hapur,"Anand Vihar, Hapur - UPPCB",19-08-2024 20:00:00,28.725645,77.749675,PM10,23,105,54
India,Uttar_Pradesh,Jhansi,"Shivaji Nagar, Jhansi - UPPCB",19-08-2024 20:00:00,25.4547,78.6039,PM2.5,23,177,62
India,Uttar_Pradesh,Jhansi,"Shivaji Nagar, Jhansi - UPPCB",19-08-2024 20:00:00,25.4547,78.6039,CO,6,52,15
India,Uttar_Pradesh,Kanpur,"FTI Kidwai Nagar, Kanpur - UPPCB",19-08-2024 20:00:00,26.428282,80.327067,SO2,19,20,20
India,Uttar_Pradesh,Kanpur,"NSI Kalyanpur, Kanpur - UPPCB",19-08-2024 20:00:00,26.509954,80.249612,NO2,12,15,14
India,Uttar_Pradesh,Kanpur,"Nehru Nagar, Kanpur - UPPCB",19-08-2024 20:00:00,26.4703136,80.3229863,PM2.5,14,65,42
India,Uttar_Pradesh,Kanpur,"Nehru Nagar, Kanpur - UPPCB",19-08-2024 20:00:00,26.4703136,80.3229863,PM10,13,59,38
India,Uttar_Pradesh,Khurja,"Kalindi Kunj, Khurja - UPPCB",19-08-2024 20:00:00,28.2348927,77.8683002,PM2.5,23,307,81
India,Uttar_Pradesh,Lucknow,"Gomti Nagar, Lucknow - UPPCB",19-08-2024 20:00:00,26.868120,81.005119,PM10,NA,NA,NA
India,Uttar_Pradesh,Lucknow,"Kendriya Vidyalaya, Lucknow - CPCB",19-08-2024 20:00:00,26.906111,80.948222,PM10,35,51,43
India,Uttar_Pradesh,Lucknow,"Kendriya Vidyalaya, Lucknow - CPCB",19-08-2024 20:00:00,26.906111,80.948222,NH3,3,18,12
India,Uttar_Pradesh,Lucknow,"Kukrail Picnic Spot-1, Lucknow - UPPCB",19-08-2024 20:00:00,26.90723,80.98579,PM2.5,20,49,31
India,Uttar_Pradesh,Lucknow,"Kukrail Picnic Spot-1, Lucknow - UPPCB",19-08-2024 20:00:00,26.90723,80.98579,SO2,32,34,33
India,Uttar_Pradesh,Lucknow,"Lalbagh, Lucknow - CPCB",19-08-2024 20:00:00,26.8458805,80.9365541,CO,1,142,17
India,Uttar_Pradesh,Lucknow,"Talkatora District Industries Center, Lucknow - CPCB",19-08-2024 20:00:00,26.83399722,80.8917361,NO2,4,11,7
India,Uttar_Pradesh,Meerut,"Ganga Nagar, Meerut - UPPCB",19-08-2024 20:00:00,28.999264,77.7590354,NO2,6,17,12
India,Uttar_Pradesh,Meerut,"Jai Bhim Nagar, Meerut - UPPCB",19-08-2024 20:00:00,28.9535882,77.7622941,NH3,6,9,7
India,Uttar_Pradesh,Meerut,"Jai Bhim Nagar, Meerut - UPPCB",19-08-2024 20:00:00,28.9535882,77.7622941,OZONE,9,66,51
India,Uttar_Pradesh,Meerut,"Pallavpuram Phase 2, Meerut - UPPCB",19-08-2024 20:00:00,29.063510,77.709723,CO,24,72,41
India,Uttar_Pradesh,Meerut,"Pallavpuram Phase 2, Meerut - UPPCB",19-08-2024 20:00:00,29.063510,77.709723,OZONE,2,55,27
India,Uttar_Pradesh,Moradabad,"Eco Herbal Park, Moradabad - UPPCB",19-08-2024 20:00:00,28.840739,78.697531,PM2.5,9,113,40
India,Uttar_Pradesh,Moradabad,"Employment Office, Moradabad - UPPCB",19-08-2024 20:00:00,28.88528,78.73880,SO2,18,19,18
India,Uttar_Pradesh,Moradabad,"Kashiram Nagar, Moradabad - UPPCB",19-08-2024 20:00:00,28.849399,78.742362,PM2.5,18,74,39
India,Uttar_Pradesh,Moradabad,"Kashiram Nagar, Moradabad - UPPCB",19-08-2024 20:00:00,28.849399,78.742362,PM10,21,72,37
India,Uttar_Pradesh,Moradabad,"Transport Nagar, Moradabad - UPPCB",19-08-2024 20:00:00,28.802625,78.753728,NO2,4,4,4
India,Uttar_Pradesh,Moradabad,"Transport Nagar, Moradabad - UPPCB",19-08-2024 20:00:00,28.802625,78.753728,NH3,5,6,5
India,Uttar_Pradesh,Muzaffarnagar,"New Mandi, Muzaffarnagar - UPPCB",19-08-2024 20:00:00,29.4723508,77.7194031,SO2,7,28,18
India,Uttar_Pradesh,Noida,"Sector - 125, Noida - UPPCB",19-08-2024 20:00:00,28.5447608,77.3231257,NO2,4,34,15
India,Uttar_Pradesh,Noida,"Sector - 125, Noida - UPPCB",19-08-2024 20:00:00,28.5447608,77.3231257,NH3,4,8,7
India,Uttar_Pradesh,Noida,"Sector - 125, Noida - UPPCB",19-08-2024 20:00:00,28.5447608,77.3231257,SO2,5,18,12
India,Uttar_Pradesh,Noida,"Sector-1, Noida - UPPCB",19-08-2024 20:00:00,28.5898,77.3101,PM2.5,22,129,61
India,Uttar_Pradesh,Noida,"Sector-1, Noida - UPPCB",19-08-2024 20:00:00,28.5898,77.3101,PM10,28,131,85
India,Uttar_Pradesh,Noida,"Sector-1, Noida - UPPCB",19-08-2024 20:00:00,28.5898,77.3101,NO2,13,76,38
India,Uttar_Pradesh,Noida,"Sector-1, Noida - UPPCB",19-08-2024 20:00:00,28.5898,77.3101,NH3,6,10,8
India,Uttar_Pradesh,Noida,"Sector-1, Noida - UPPCB",19-08-2024 20:00:00,28.5898,77.3101,OZONE,4,41,27
India,Uttar_Pradesh,Noida,"Sector-116, Noida - UPPCB",19-08-2024 20:00:00,28.569230,77.393848,PM2.5,34,106,61
India,Uttar_Pradesh,Noida,"Sector-116, Noida - UPPCB",19-08-2024 20:00:00,28.569230,77.393848,NO2,12,77,36
India,Uttar_Pradesh,Noida,"Sector-116, Noida - UPPCB",19-08-2024 20:00:00,28.569230,77.393848,NH3,9,13,10
India,Uttar_Pradesh,Prayagraj,"Jhunsi, Prayagraj - UPPCB",19-08-2024 20:00:00,25.425602,81.917152,PM10,8,42,21
India,Uttar_Pradesh,Prayagraj,"Jhunsi, Prayagraj - UPPCB",19-08-2024 20:00:00,25.425602,81.917152,CO,8,16,11
India,Uttar_Pradesh,Prayagraj,"Motilal Nehru NIT, Prayagraj - UPPCB",19-08-2024 20:00:00,25.494,81.863,NO2,11,12,12
India,Uttar_Pradesh,Prayagraj,"Motilal Nehru NIT, Prayagraj - UPPCB",19-08-2024 20:00:00,25.494,81.863,NH3,6,7,7
India,Uttar_Pradesh,Prayagraj,"Nagar Nigam, Prayagraj - UPPCB",19-08-2024 20:00:00,25.44919916 ,81.82735986 ,NO2,5,27,6
India,Uttar_Pradesh,Varanasi,"Ardhali Bazar, Varanasi - UPPCB",19-08-2024 20:00:00,25.3505986,82.9083074,OZONE,NA,NA,NA
India,Uttar_Pradesh,Varanasi,"Bhelupur, Varanasi - UPPCB",19-08-2024 20:00:00,25.301778,82.996789,PM2.5,5,370,36
India,Uttar_Pradesh,Varanasi,"IESD Banaras Hindu University, Varanasi - UPPCB",19-08-2024 20:00:00,25.262326,82.995408,NO2,2,2,2
India,Uttar_Pradesh,Varanasi,"Maldahiya, Varanasi - UPPCB",19-08-2024 20:00:00,25.32393,82.99687,PM10,16,56,37
India,Uttar_Pradesh,Varanasi,"Maldahiya, Varanasi - UPPCB",19-08-2024 20:00:00,25.32393,82.99687,SO2,29,30,29
India,Uttar_Pradesh,Vrindavan,"Omex Eternity, Vrindavan - UPPCB",19-08-2024 20:00:00,27.5714090,77.6557570,PM10,18,225,98
India,Uttar_Pradesh,Vrindavan,"Omex Eternity, Vrindavan - UPPCB",19-08-2024 20:00:00,27.5714090,77.6557570,OZONE,12,13,12
India,Uttarakhand,Kashipur,"Govt. Girls Inter College, Kashipur - UKPCB",19-08-2024 20:00:00,29.2124114,78.9611753,PM10,25,54,37
India,Uttarakhand,Kashipur,"Govt. Girls Inter College, Kashipur - UKPCB",19-08-2024 20:00:00,29.2124114,78.9611753,CO,14,45,32
India,West_Bengal,Asansol,"Asansol Court Area, Asansol - WBPCB",19-08-2024 20:00:00,23.685297,86.945968,NH3,6,10,7
India,West_Bengal,Asansol,"Asansol Court Area, Asansol - WBPCB",19-08-2024 20:00:00,23.685297,86.945968,CO,2,40,29
India,West_Bengal,Asansol,"Evelyn Lodge, Asansol - WBPCB",19-08-2024 20:00:00,23.6979360,86.9443950,NH3,2,4,3
India,West_Bengal,Asansol,"Mahabir Colliery, Asansol - WBPCB",19-08-2024 20:00:00,23.6181830,87.1057180,PM2.5,5,87,39
India,West_Bengal,Asansol,"Trivenidevi Bhalotia College, Asansol - WBPCB",19-08-2024 20:00:00,23.616515,87.119133,PM10,30,97,57
India,West_Bengal,Barrackpore,"SVSPA Campus, Barrackpore - WBPCB",19-08-2024 20:00:00,22.7605581,88.3617589,NO2,3,9,6
India,West_Bengal,Barrackpore,"SVSPA Campus, Barrackpore - WBPCB",19-08-2024 20:00:00,22.7605581,88.3617589,SO2,6,8,7
India,West_Bengal,Durgapur,"Sidhu Kanhu Indoor Stadium, Durgapur - WBPCB",19-08-2024 20:00:00,23.5404352,87.2892225,PM2.5,19,37,28
India,West_Bengal,Durgapur,"Sidhu Kanhu Indoor Stadium, Durgapur - WBPCB",19-08-2024 20:00:00,23.5404352,87.2892225,NH3,3,5,4
India,West_Bengal,Durgapur,"Sidhu Kanhu Indoor Stadium, Durgapur - WBPCB",19-08-2024 20:00:00,23.5404352,87.2892225,OZONE,7,30,22
India,West_Bengal,Haldia,"Priyambada Housing Estate, Haldia - WBPCB",19-08-2024 20:00:00,22.06047,88.109737,PM2.5,10,37,22
India,West_Bengal,Howrah,"Ghusuri, Howrah - WBPCB",19-08-2024 20:00:00,22.611968,88.347422,PM2.5,32,103,58
India,West_Bengal,Howrah,"Ghusuri, Howrah - WBPCB",19-08-2024 20:00:00,22.611968,88.347422,NH3,4,4,4
India,West_Bengal,Howrah,"Ghusuri, Howrah - WBPCB",19-08-2024 20:00:00,22.611968,88.347422,OZONE,6,15,11
India,West_Bengal,Howrah,"Padmapukur, Howrah - WBPCB",19-08-2024 20:00:00,22.5687319,88.2797276,PM10,41,104,55
India,West_Bengal,Howrah,"Padmapukur, Howrah - WBPCB",19-08-2024 20:00:00,22.5687319,88.2797276,SO2,5,7,6
India,West_Bengal,Howrah,"Padmapukur, Howrah - WBPCB",19-08-2024 20:00:00,22.5687319,88.2797276,OZONE,12,17,17
India,West_Bengal,Kolkata,"Ballygunge, Kolkata - WBPCB",19-08-2024 20:00:00,22.5367507,88.3638022,OZONE,14,39,32
India,West_Bengal,Kolkata,"Bidhannagar, Kolkata - WBPCB",19-08-2024 20:00:00,22.58157048,88.41002457,PM10,36,54,47
India,West_Bengal,Kolkata,"Jadavpur, Kolkata - WBPCB",19-08-2024 20:00:00,22.49929,88.36917,CO,28,36,32
India,West_Bengal,Kolkata,"Jadavpur, Kolkata - WBPCB",19-08-2024 20:00:00,22.49929,88.36917,OZONE,11,31,20
India,West_Bengal,Kolkata,"Rabindra Bharati University, Kolkata - WBPCB",19-08-2024 20:00:00,22.627847,88.380669,PM10,33,45,38
India,West_Bengal,Kolkata,"Rabindra Bharati University, Kolkata - WBPCB",19-08-2024 20:00:00,22.627847,88.380669,SO2,7,13,10
India,West_Bengal,Kolkata,"Rabindra Sarobar, Kolkata - WBPCB",19-08-2024 20:00:00,22.51106,88.35142,NO2,7,15,10
India,West_Bengal,Kolkata,"Rabindra Sarobar, Kolkata - WBPCB",19-08-2024 20:00:00,22.51106,88.35142,CO,18,34,28
India,West_Bengal,Kolkata,"Victoria, Kolkata - WBPCB",19-08-2024 20:00:00,22.5448082,88.3403691,NH3,5,11,5
India,West_Bengal,Siliguri,"Ward-32 Bapupara, Siliguri - WBPCB",19-08-2024 20:00:00,26.6879226,88.4152495,PM2.5,27,36,32
India,Andhra_Pradesh,Amaravati,"Secretariat, Amaravati - APPCB",19-08-2024 20:00:00,16.5150833,80.5181667,PM2.5,6,37,20
India,Andhra_Pradesh,Rajamahendravaram,"Anand Kala Kshetram, Rajamahendravaram - APPCB",19-08-2024 20:00:00,16.9872867,81.7363176,PM10,12,40,24
India,Andhra_Pradesh,Rajamahendravaram,"Anand Kala Kshetram, Rajamahendravaram - APPCB",19-08-2024 20:00:00,16.9872867,81.7363176,OZONE,9,29,21
India,Andhra_Pradesh,Tirupati,"Tirumala, Tirupati - APPCB",19-08-2024 20:00:00,13.67,79.35,PM2.5,17,49,33
India,Andhra_Pradesh,Tirupati,"Tirumala, Tirupati - APPCB",19-08-2024 20:00:00,13.67,79.35,NO2,17,33,23
India,Andhra_Pradesh,Tirupati,"Vaikuntapuram, Tirupati - APPCB",19-08-2024 20:00:00,13.615387,79.409230,NH3,2,3,2
India,Andhra_Pradesh,Vijayawada,"HB Colony, Vijayawada - APPCB",19-08-2024 20:00:00,16.536107,80.594233,PM2.5,39,67,46
India,Andhra_Pradesh,Vijayawada,"HB Colony, Vijayawada - APPCB",19-08-2024 20:00:00,16.536107,80.594233,NH3,4,5,4
India,Andhra_Pradesh,Vijayawada,"HB Colony, Vijayawada - APPCB",19-08-2024 20:00:00,16.536107,80.594233,SO2,5,6,6
India,Andhra_Pradesh,Vijayawada,"Kanuru, Vijayawada - APPCB",19-08-2024 20:00:00,16.486692,80.699436,PM10,41,53,45
India,Andhra_Pradesh,Vijayawada,"Kanuru, Vijayawada - APPCB",19-08-2024 20:00:00,16.486692,80.699436,NH3,4,4,4
India,Andhra_Pradesh,Vijayawada,"Rajiv Gandhi Park, Vijayawada - APPCB",19-08-2024 20:00:00,16.509717,80.612222,NO2,15,42,27
India,Andhra_Pradesh,Vijayawada,"Rajiv Gandhi Park, Vijayawada - APPCB",19-08-2024 20:00:00,16.509717,80.612222,NH3,4,7,6
India,Andhra_Pradesh,Vijayawada,"Rajiv Nagar, Vijayawada - APPCB",19-08-2024 20:00:00,16.554731,80.649110,PM10,31,34,32
India,Andhra_Pradesh,Vijayawada,"Rajiv Nagar, Vijayawada - APPCB",19-08-2024 20:00:00,16.554731,80.649110,NH3,2,2,2
India,Andhra_Pradesh,Visakhapatnam,"GVM Corporation, Visakhapatnam - APPCB",19-08-2024 20:00:00,17.72,83.3,PM2.5,11,71,37
India,Andhra_Pradesh,Visakhapatnam,"GVM Corporation, Visakhapatnam - APPCB",19-08-2024 20:00:00,17.72,83.3,NH3,3,5,3
India,Arunachal_Pradesh,Naharlagun,"Naharlagun, Naharlagun - APSPCB",19-08-2024 20:00:00,27.103358,93.679645,PM2.5,NA,NA,NA
India,Arunachal_Pradesh,Naharlagun,"Naharlagun, Naharlagun - APSPCB",19-08-2024 20:00:00,27.103358,93.679645,NO2,NA,NA,NA
India,Assam,Guwahati,"IITG, Guwahati - PCBA",19-08-2024 20:00:00,26.2028636,91.70046436,PM2.5,NA,NA,NA
India,Assam,Guwahati,"LGBI Airport, Guwahati - PCBA",19-08-2024 20:00:00,26.10887,91.589544,NH3,1,6,2
India,Assam,Guwahati,"LGBI Airport, Guwahati - PCBA",19-08-2024 20:00:00,26.10887,91.589544,CO,40,57,47
India,Assam,Guwahati,"Railway Colony, Guwahati - PCBA",19-08-2024 20:00:00,26.181742,91.78063,PM2.5,9,68,33
India,Assam,Guwahati,"Railway Colony, Guwahati - PCBA",19-08-2024 20:00:00,26.181742,91.78063,NO2,3,3,3
India,Assam,Nagaon,"Christianpatty, Nagaon - PCBA",19-08-2024 20:00:00,26.349082,92.68449,PM2.5,17,21,18
India,Assam,Nagaon,"Christianpatty, Nagaon - PCBA",19-08-2024 20:00:00,26.349082,92.68449,NO2,1,10,3
India,Assam,Nagaon,"Christianpatty, Nagaon - PCBA",19-08-2024 20:00:00,26.349082,92.68449,NH3,1,1,1
India,Assam,Sivasagar,"Girls College, Sivasagar - PCBA",19-08-2024 20:00:00,26.987634,94.636574,NH3,1,1,1
India,Assam,Sivasagar,"Girls College, Sivasagar - PCBA",19-08-2024 20:00:00,26.987634,94.636574,OZONE,1,5,2
India,Bihar,Araria,"Kharahiya Basti, Araria - BSPCB",19-08-2024 20:00:00,26.146529,87.454184,NH3,5,5,5
India,Bihar,Arrah,"New DM Office, Arrah - BSPCB",19-08-2024 20:00:00,25.5626095,84.663264,PM2.5,NA,NA,NA
India,Bihar,Arrah,"New DM Office, Arrah - BSPCB",19-08-2024 20:00:00,25.5626095,84.663264,NO2,6,9,7
India,Bihar,Aurangabad,"Gurdeo Nagar, Aurangabad - BSPCB",19-08-2024 20:00:00,24.75746,84.366208,SO2,1,12,5
India,Bihar,Begusarai,"Lohiyanagar, Begusarai - BSPCB (Formerly known as DRCC Anandpur)",19-08-2024 20:00:00,25.42742023,86.13886079,CO,44,68,47
India,Bihar,Bhagalpur,"DM Office_Kachari Chowk, Bhagalpur - BSPCB",19-08-2024 20:00:00,25.251013,86.989001,SO2,5,66,24
India,Bihar,Bhagalpur,"DM Office_Kachari Chowk, Bhagalpur - BSPCB",19-08-2024 20:00:00,25.251013,86.989001,OZONE,43,52,47
India,Bihar,Bhagalpur,"Mayaganj, Bhagalpur - BSPCB",19-08-2024 20:00:00,25.265194,87.012947,NO2,4,11,9
India,Bihar,Bihar Sharif,"D M Colony, Bihar Sharif - BSPCB",19-08-2024 20:00:00,25.204762,85.514960,PM10,1,171,58
India,Bihar,Bihar Sharif,"D M Colony, Bihar Sharif - BSPCB",19-08-2024 20:00:00,25.204762,85.514960,OZONE,16,71,41
India,Bihar,Chhapra,"Darshan Nagar, Chhapra - BSPCB",19-08-2024 20:00:00,25.7808257,84.7446768,CO,16,26,22
India,Bihar,Chhapra,"Darshan Nagar, Chhapra - BSPCB",19-08-2024 20:00:00,25.7808257,84.7446768,OZONE,1,6,3
India,Bihar,Hajipur,"Industrial Area, Hajipur - BSPCB",19-08-2024 20:00:00,25.697189,85.245900,PM2.5,19,61,42
India,Bihar,Kishanganj,"SDM Office_Khagra, Kishanganj - BSPCB",19-08-2024 20:00:00,26.0881305,87.93840336,PM10,NA,NA,NA
India,Bihar,Kishanganj,"SDM Office_Khagra, Kishanganj - BSPCB",19-08-2024 20:00:00,26.0881305,87.93840336,NH3,7,11,8
India,Bihar,Kishanganj,"SDM Office_Khagra, Kishanganj - BSPCB",19-08-2024 20:00:00,26.0881305,87.93840336,OZONE,57,65,59
India,Bihar,Manguraha,"Forest Rest House, Manguraha - BSPCB",19-08-2024 20:00:00,27.308328,84.531742,CO,28,30,29
India,Bihar,Motihari,"Gandak Colony, Motihari - BSPCB",19-08-2024 20:00:00,26.63086,84.90051,NO2,1,5,3
India,Bihar,Muzaffarpur,"Buddha Colony, Muzaffarpur - BSPCB",19-08-2024 20:00:00,26.11442,85.39813,OZONE,24,44,37
India,Bihar,Patna,"DRM Office Danapur, Patna - BSPCB",19-08-2024 20:00:00,25.586562,85.043586,PM10,23,74,40
India,Bihar,Patna,"Govt. High School Shikarpur, Patna - BSPCB",19-08-2024 20:00:00,25.592539,85.227158,NH3,4,5,5
India,Bihar,Patna,"IGSC Planetarium Complex, Patna - BSPCB",19-08-2024 20:00:00,25.610369,85.132568,PM2.5,29,82,49
India,Bihar,Patna,"IGSC Planetarium Complex, Patna - BSPCB",19-08-2024 20:00:00,25.610369,85.132568,CO,20,26,23
India,Bihar,Patna,"Muradpur, Patna - BSPCB",19-08-2024 20:00:00,25.619651,85.147382,CO,2,119,41
India,Bihar,Patna,"Rajbansi Nagar, Patna - BSPCB",19-08-2024 20:00:00,25.599486,85.113666,NH3,3,6,4
India,Bihar,Patna,"Rajbansi Nagar, Patna - BSPCB",19-08-2024 20:00:00,25.599486,85.113666,SO2,2,13,6
India,Bihar,Purnia,"Mariam Nagar, Purnia - BSPCB",19-08-2024 20:00:00,25.366336,87.117468,NH3,1,5,3
India,Bihar,Saharsa,"Police Line, Saharsa - BSPCB",19-08-2024 20:00:00,25.892357,86.590325,NO2,5,8,7
India,Bihar,Saharsa,"Police Line, Saharsa - BSPCB",19-08-2024 20:00:00,25.892357,86.590325,CO,52,61,55
India,Bihar,Samastipur,"DM Office_Kasipur, Samastipur - BSPCB",19-08-2024 20:00:00,25.859655,85.77944,CO,48,119,102
India,Bihar,Sasaram,"Dada Peer, Sasaram - BSPCB",19-08-2024 20:00:00,24.952822,84.002396,PM10,3,18,10
India,Chandigarh,Chandigarh,"Sector 22, Chandigarh - CPCC",19-08-2024 20:00:00,30.735567,76.775714,NH3,2,42,12
India,Chandigarh,Chandigarh,"Sector-25, Chandigarh - CPCC",19-08-2024 20:00:00,30.751462,76.762879,NO2,NA,NA,NA
India,Chandigarh,Chandigarh,"Sector-53, Chandigarh - CPCC",19-08-2024 20:00:00,30.719859,76.738637,PM2.5,7,48,27
India,Chhattisgarh,Bhilai,"Civic Center, Bhilai - Bhilai Steel Plant",19-08-2024 20:00:00,21.185571,81.343175,NH3,3,4,4
India,Chhattisgarh,Bhilai,"Hathkhoj, Bhilai - CECB",19-08-2024 20:00:00,21.224231,81.408350,PM10,5,74,42
India,Chhattisgarh,Bhilai,"Hathkhoj, Bhilai - CECB",19-08-2024 20:00:00,21.224231,81.408350,NO2,6,36,17
India,Chhattisgarh,Bhilai,"Hathkhoj, Bhilai - CECB",19-08-2024 20:00:00,21.224231,81.408350,CO,6,40,11
India,Chhattisgarh,Bilaspur,"Mangala, Bilaspur - NTPC",19-08-2024 20:00:00,22.08815,82.13737,PM2.5,6,38,16
India,Chhattisgarh,Chhal,"Nawapara SECL Colony, Chhal - CECB",19-08-2024 20:00:00,22.118125,83.140608,CO,26,47,34
India,Chhattisgarh,Chhal,"Nawapara SECL Colony, Chhal - CECB",19-08-2024 20:00:00,22.118125,83.140608,OZONE,5,67,52
India,Chhattisgarh,Korba,"Rampur, Korba - CECB",19-08-2024 20:00:00,22.368195,82.746431,PM2.5,5,72,22
India,Chhattisgarh,Korba,"Rampur, Korba - CECB",19-08-2024 20:00:00,22.368195,82.746431,SO2,8,41,13
India,Chhattisgarh,Korba,"Urja Nagar, Korba - CECB",19-08-2024 20:00:00,22.348441,82.549611,PM10,14,20,16
India,Chhattisgarh,Korba,"Urja Nagar, Korba - CECB",19-08-2024 20:00:00,22.348441,82.549611,CO,12,21,15
India,Chhattisgarh,Kunjemura,"OP Jindal School, Kunjemura - CECB",19-08-2024 20:00:00,22.126650,83.483212,NH3,2,2,2
India,Chhattisgarh,Raipur,"AIIMS, Raipur - CECB",19-08-2024 20:00:00,21.258815,81.578979,PM10,26,64,40
India,Chhattisgarh,Raipur,"AIIMS, Raipur - CECB",19-08-2024 20:00:00,21.258815,81.578979,NH3,6,6,6
India,Chhattisgarh,Raipur,"AIIMS, Raipur - CECB",19-08-2024 20:00:00,21.258815,81.578979,CO,19,32,23
India,Chhattisgarh,Raipur,"Bhatagaon New ISBT, Raipur - CECB",19-08-2024 20:00:00,21.219665,81.630094,SO2,4,8,6
India,Chhattisgarh,Raipur,"Krishak Nagar, Raipur - CECB",19-08-2024 20:00:00,21.237755,81.705301,SO2,10,25,14
India,Chhattisgarh,Raipur,"Siltara Phase-II, Raipur - CECB",19-08-2024 20:00:00,21.371751,81.664929,NO2,7,14,9
India,Chhattisgarh,Raipur,"Siltara Phase-II, Raipur - CECB",19-08-2024 20:00:00,21.371751,81.664929,SO2,8,11,10
India,Delhi,Delhi,"Alipur, Delhi - DPCC",19-08-2024 20:00:00,28.815329,77.153010,PM2.5,10,78,41
India,Delhi,Delhi,"Alipur, Delhi - DPCC",19-08-2024 20:00:00,28.815329,77.153010,SO2,4,9,5
India,Delhi,Delhi,"Anand Vihar, Delhi - DPCC",19-08-2024 20:00:00,28.647622,77.3158090,CO,29,107,34
India,Delhi,Delhi,"Anand Vihar, Delhi - DPCC",19-08-2024 20:00:00,28.647622,77.3158090,OZONE,86,101,93
India,Delhi,Delhi,"Ashok Vihar, Delhi - DPCC",19-08-2024 20:00:00,28.695381,77.181665,PM2.5,15,75,47
India,Delhi,Delhi,"Ashok Vihar, Delhi - DPCC",19-08-2024 20:00:00,28.695381,77.181665,SO2,7,13,11
India,Delhi,Delhi,"Aya Nagar, Delhi - IMD",19-08-2024 20:00:00,28.4706914,77.1099364,OZONE,6,10,9
India,Delhi,Delhi,"Bawana, Delhi - DPCC",19-08-2024 20:00:00,28.776200,77.051074,PM2.5,29,87,59
India,Delhi,Delhi,"Bawana, Delhi - DPCC",19-08-2024 20:00:00,28.776200,77.051074,CO,60,102,63
India,Delhi,Delhi,"Burari Crossing, Delhi - IMD",19-08-2024 20:00:00,28.7256504,77.2011573,CO,58,80,64
India,Delhi,Delhi,"DTU, Delhi - CPCB",19-08-2024 20:00:00,28.7500499,77.1112615,CO,18,40,25
India,Delhi,Delhi,"DTU, Delhi - CPCB",19-08-2024 20:00:00,28.7500499,77.1112615,OZONE,19,30,26
India,Delhi,Delhi,"Dr. Karni Singh Shooting Range, Delhi - DPCC",19-08-2024 20:00:00,28.498571,77.264840,NH3,6,8,7
India,Delhi,Delhi,"Dwarka-Sector 8, Delhi - DPCC ",19-08-2024 20:00:00,28.5710274,77.0719006,PM2.5,20,220,63
India,Delhi,Delhi,"IGI Airport (T3), Delhi - IMD",19-08-2024 20:00:00,28.5627763,77.1180053,PM10,41,424,89
India,Delhi,Delhi,"IGI Airport (T3), Delhi - IMD",19-08-2024 20:00:00,28.5627763,77.1180053,CO,18,30,20
India,Delhi,Delhi,"IHBAS, Dilshad Garden, Delhi - CPCB",19-08-2024 20:00:00,28.6811736,77.3025234,PM10,48,80,66
India,Delhi,Delhi,"IHBAS, Dilshad Garden, Delhi - CPCB",19-08-2024 20:00:00,28.6811736,77.3025234,NH3,1,4,3
India,Delhi,Delhi,"IHBAS, Dilshad Garden, Delhi - CPCB",19-08-2024 20:00:00,28.6811736,77.3025234,OZONE,10,19,16
India,Delhi,Delhi,"ITO, Delhi - CPCB",19-08-2024 20:00:00,28.628624,77.241060,NO2,11,271,96
India,Delhi,Delhi,"ITO, Delhi - CPCB",19-08-2024 20:00:00,28.628624,77.241060,NH3,1,85,13
India,Delhi,Delhi,"Jawaharlal Nehru Stadium, Delhi - DPCC",19-08-2024 20:00:00,28.580280,77.233829,NO2,16,66,33
India,Delhi,Delhi,"Lodhi Road, Delhi - IMD",19-08-2024 20:00:00,28.5918245,77.2273074,NO2,3,8,5
India,Delhi,Delhi,"Major Dhyan Chand National Stadium, Delhi - DPCC",19-08-2024 20:00:00,28.611281,77.237738,PM2.5,32,67,51
India,Delhi,Delhi,"Major Dhyan Chand National Stadium, Delhi - DPCC",19-08-2024 20:00:00,28.611281,77.237738,SO2,1,11,6
India,Delhi,Delhi,"Major Dhyan Chand National Stadium, Delhi - DPCC",19-08-2024 20:00:00,28.611281,77.237738,CO,22,98,29
India,Delhi,Delhi,"Mandir Marg, Delhi - DPCC",19-08-2024 20:00:00,28.636429,77.201067,SO2,NA,NA,NA
India,Delhi,Delhi,"Najafgarh, Delhi - DPCC",19-08-2024 20:00:00,28.570173,76.933762,PM2.5,2,47,25
India,Delhi,Delhi,"Najafgarh, Delhi - DPCC",19-08-2024 20:00:00,28.570173,76.933762,PM10,20,62,34
India,Delhi,Delhi,"Najafgarh, Delhi - DPCC",19-08-2024 20:00:00,28.570173,76.933762,CO,11,40,16
India,Delhi,Delhi,"Nehru Nagar, Delhi - DPCC",19-08-2024 20:00:00,28.567890,77.250515,PM10,46,99,70
India,Delhi,Delhi,"Nehru Nagar, Delhi - DPCC",19-08-2024 20:00:00,28.567890,77.250515,CO,53,90,64
India,Delhi,Delhi,"North Campus, DU, Delhi - IMD",19-08-2024 20:00:00,28.6573814,77.1585447,PM10,12,107,71
India,Delhi,Delhi,"Okhla Phase-2, Delhi - DPCC",19-08-2024 20:00:00,28.530785,77.271255,PM10,47,213,95
India,Delhi,Delhi,"Okhla Phase-2, Delhi - DPCC",19-08-2024 20:00:00,28.530785,77.271255,CO,12,119,50
India,Delhi,Delhi,"Patparganj, Delhi - DPCC",19-08-2024 20:00:00,28.623763,77.287209,NO2,15,83,38
India,Delhi,Delhi,"Patparganj, Delhi - DPCC",19-08-2024 20:00:00,28.623763,77.287209,SO2,1,4,2
India,Delhi,Delhi,"Patparganj, Delhi - DPCC",19-08-2024 20:00:00,28.623763,77.287209,CO,16,82,26
India,Delhi,Delhi,"Punjabi Bagh, Delhi - DPCC",19-08-2024 20:00:00,28.674045,77.131023,PM2.5,20,163,67
India,Delhi,Delhi,"Punjabi Bagh, Delhi - DPCC",19-08-2024 20:00:00,28.674045,77.131023,PM10,46,155,92
India,Delhi,Delhi,"Punjabi Bagh, Delhi - DPCC",19-08-2024 20:00:00,28.674045,77.131023,SO2,NA,NA,NA
India,Delhi,Delhi,"Pusa, Delhi - DPCC",19-08-2024 20:00:00,28.639652,77.146275,NO2,23,162,58
India,Delhi,Delhi,"Pusa, Delhi - IMD",19-08-2024 20:00:00,28.636110,77.173332,OZONE,15,182,61
India,Delhi,Delhi,"R K Puram, Delhi - DPCC",19-08-2024 20:00:00,28.563262,77.186937,PM2.5,32,76,56
India,Delhi,Delhi,"R K Puram, Delhi - DPCC",19-08-2024 20:00:00,28.563262,77.186937,PM10,33,103,65
India,Delhi,Delhi,"Rohini, Delhi - DPCC",19-08-2024 20:00:00,28.732528,77.119920,NO2,7,63,25
India,Delhi,Delhi,"Shadipur, Delhi - CPCB",19-08-2024 20:00:00,28.6514781,77.1473105,PM10,59,156,99
India,Delhi,Delhi,"Shadipur, Delhi - CPCB",19-08-2024 20:00:00,28.6514781,77.1473105,NH3,7,10,9
India,Delhi,Delhi,"Sirifort, Delhi - CPCB",19-08-2024 20:00:00,28.5504249,77.2159377,PM2.5,34,55,44
India,Delhi,Delhi,"Sirifort, Delhi - CPCB",19-08-2024 20:00:00,28.5504249,77.2159377,CO,14,52,17
India,Delhi,Delhi,"Sonia Vihar, Delhi - DPCC",19-08-2024 20:00:00,28.710508,77.249485,PM10,35,160,86
India,Delhi,Delhi,"Vivek Vihar, Delhi - DPCC",19-08-2024 20:00:00,28.672342,77.315260,PM10,24,115,71
India,Delhi,Delhi,"Vivek Vihar, Delhi - DPCC",19-08-2024 20:00:00,28.672342,77.315260,NO2,5,121,30
India,Delhi,Delhi,"Vivek Vihar, Delhi - DPCC",19-08-2024 20:00:00,28.672342,77.315260,SO2,3,11,7
India,Gujarat,Ahmedabad,"Chandkheda, Ahmedabad - IITM",19-08-2024 20:00:00,23.107969,72.574648,SO2,10,17,13
India,Gujarat,Ahmedabad,"Gyaspur, Ahmedabad - IITM",19-08-2024 20:00:00,22.977134,72.553024,PM2.5,NA,NA,NA
India,Gujarat,Ahmedabad,"Gyaspur, Ahmedabad - IITM",19-08-2024 20:00:00,22.977134,72.553024,CO,24,40,31
India,Gujarat,Ahmedabad,"Maninagar, Ahmedabad - GPCB",19-08-2024 20:00:00,23.002657,72.591912,PM2.5,21,87,47
India,Gujarat,Ahmedabad,"Maninagar, Ahmedabad - GPCB",19-08-2024 20:00:00,23.002657,72.591912,CO,8,30,20
India,Gujarat,Ahmedabad,"Raikhad, Ahmedabad - IITM",19-08-2024 20:00:00,23.020509,72.579261,PM2.5,21,61,42
India,Gujarat,Ahmedabad,"SAC ISRO Satellite, Ahmedabad - IITM",19-08-2024 20:00:00,23.023389,72.515201,PM2.5,23,51,35
India,Gujarat,Ahmedabad,"SAC ISRO Satellite, Ahmedabad - IITM",19-08-2024 20:00:00,23.023389,72.515201,PM10,29,63,43
India,Gujarat,Ahmedabad,"SAC ISRO Satellite, Ahmedabad - IITM",19-08-2024 20:00:00,23.023389,72.515201,NO2,9,15,11
India,Gujarat,Ahmedabad,"SVPI Airport Hansol, Ahmedabad - IITM",19-08-2024 20:00:00,23.076793,72.627874,PM10,66,93,78
India,Gujarat,Ahmedabad,"SVPI Airport Hansol, Ahmedabad - IITM",19-08-2024 20:00:00,23.076793,72.627874,SO2,18,28,22
India,Gujarat,Ahmedabad,"Sardar Vallabhbhai Patel Stadium, Ahmedabad - IITM",19-08-2024 20:00:00,23.043070,72.562968,NO2,11,45,19
India,Gujarat,Gandhinagar,"GIFT City, Gandhinagar - IITM",19-08-2024 20:00:00,23.163798,72.677768,CO,28,49,40
India,Gujarat,Gandhinagar,"Sector-10, Gandhinagar - GPCB",19-08-2024 20:00:00,23.221714,72.654328,PM10,24,74,48
India,Gujarat,Gandhinagar,"Sector-10, Gandhinagar - GPCB",19-08-2024 20:00:00,23.221714,72.654328,SO2,4,5,5
India,Gujarat,Gandhinagar,"Sector-10, Gandhinagar - GPCB",19-08-2024 20:00:00,23.221714,72.654328,CO,16,37,18
India,Gujarat,Surat,"Science Center, Surat - SMC",19-08-2024 20:00:00,21.170046,72.795405,NO2,30,38,34
India,Gujarat,Surat,"Science Center, Surat - SMC",19-08-2024 20:00:00,21.170046,72.795405,SO2,11,14,13
India,Gujarat,Vatva,"Phase-4 GIDC, Vatva - GPCB",19-08-2024 20:00:00,22.969611,72.643500,NO2,1,4,2
India,Gujarat,Vatva,"Phase-4 GIDC, Vatva - GPCB",19-08-2024 20:00:00,22.969611,72.643500,SO2,9,15,12
India,Haryana,Ambala,"Patti Mehar, Ambala - HSPCB",19-08-2024 20:00:00,30.379589,76.778328,NO2,7,21,14
India,Haryana,Ambala,"Patti Mehar, Ambala - HSPCB",19-08-2024 20:00:00,30.379589,76.778328,SO2,1,30,8
India,Haryana,Bahadurgarh,"Arya Nagar, Bahadurgarh - HSPCB",19-08-2024 20:00:00,28.6701,76.9254,OZONE,NA,NA,NA
India,Haryana,Ballabgarh,"Nathu Colony, Ballabgarh - HSPCB",19-08-2024 20:00:00,28.3419248,77.319699,NH3,1,2,2
India,Haryana,Ballabgarh,"Nathu Colony, Ballabgarh - HSPCB",19-08-2024 20:00:00,28.3419248,77.319699,SO2,3,4,4
India,Haryana,Bhiwani,"H.B. Colony, Bhiwani - HSPCB",19-08-2024 20:00:00,28.806223,76.141105,CO,26,108,34
India,Haryana,Charkhi Dadri,"Mini Secretariat, Charkhi Dadri - HSPCB",19-08-2024 20:00:00,28.593883,76.270653,NO2,14,23,18
India,Haryana,Charkhi Dadri,"Mini Secretariat, Charkhi Dadri - HSPCB",19-08-2024 20:00:00,28.593883,76.270653,SO2,11,14,13
India,Haryana,Dharuhera,"Municipal Corporation Office, Dharuhera -  HSPCB",19-08-2024 20:00:00,28.206800,76.799700,NO2,14,52,37
India,Haryana,Dharuhera,"Municipal Corporation Office, Dharuhera -  HSPCB",19-08-2024 20:00:00,28.206800,76.799700,NH3,9,26,19
India,Haryana,Faridabad,"New Industrial Town, Faridabad - HSPCB",19-08-2024 20:00:00,28.39072,77.30059,PM2.5,29,31,30
India,Haryana,Faridabad,"New Industrial Town, Faridabad - HSPCB",19-08-2024 20:00:00,28.39072,77.30059,NH3,10,11,10
India,Haryana,Faridabad,"New Industrial Town, Faridabad - HSPCB",19-08-2024 20:00:00,28.39072,77.30059,CO,26,27,26
India,Haryana,Faridabad,"Sector 11, Faridabad - HSPCB",19-08-2024 20:00:00,28.376058,77.315741,PM2.5,60,66,62
India,Haryana,Faridabad,"Sector 30, Faridabad - HSPCB",19-08-2024 20:00:00,28.4417,77.3217,PM2.5,NA,NA,NA
India,Haryana,Faridabad,"Sector 30, Faridabad - HSPCB",19-08-2024 20:00:00,28.4417,77.3217,NH3,NA,NA,NA
India,Haryana,Fatehabad,"Huda Sector, Fatehabad - HSPCB",19-08-2024 20:00:00,29.503664,75.467934,PM10,39,93,62
India,Haryana,Fatehabad,"Huda Sector, Fatehabad - HSPCB",19-08-2024 20:00:00,29.503664,75.467934,NO2,37,38,38
India,Haryana,Fatehabad,"Huda Sector, Fatehabad - HSPCB",19-08-2024 20:00:00,29.503664,75.467934,CO,32,34,32
India,Haryana,Gurugram,"Sector-51, Gurugram - HSPCB",19-08-2024 20:00:00,28.4227,77.0667,PM2.5,54,338,166
India,Haryana,Gurugram,"Sector-51, Gurugram - HSPCB",19-08-2024 20:00:00,28.4227,77.0667,NH3,6,14,9
India,Haryana,Gurugram,"Sector-51, Gurugram - HSPCB",19-08-2024 20:00:00,28.4227,77.0667,SO2,10,12,11
India,Haryana,Gurugram,"Sector-51, Gurugram - HSPCB",19-08-2024 20:00:00,28.4227,77.0667,CO,23,46,29
India,Haryana,Gurugram,"Teri Gram, Gurugram - HSPCB",19-08-2024 20:00:00,28.4275,77.1465,NO2,3,8,8
India,Haryana,Gurugram,"Teri Gram, Gurugram - HSPCB",19-08-2024 20:00:00,28.4275,77.1465,OZONE,9,11,11
India,Haryana,Gurugram,"Vikas Sadan, Gurugram - HSPCB",19-08-2024 20:00:00,28.4501238,77.0263051,CO,49,130,107
India,Haryana,Gurugram,"Vikas Sadan, Gurugram - HSPCB",19-08-2024 20:00:00,28.4501238,77.0263051,OZONE,8,68,50
India,Haryana,Karnal,"Sector-12, Karnal - HSPCB",19-08-2024 20:00:00,29.695300,77.002700,PM10,20,49,32
India,Haryana,Karnal,"Sector-12, Karnal - HSPCB",19-08-2024 20:00:00,29.695300,77.002700,OZONE,28,32,31
India,Haryana,Kurukshetra,"Sector-7, Kurukshetra - HSPCB",19-08-2024 20:00:00,29.966942,76.875879,PM10,21,45,34
India,Haryana,Manesar,"Sector-2 IMT, Manesar - HSPCB",19-08-2024 20:00:00,28.360699,76.936090,PM10,54,59,56
India,Haryana,Narnaul,"Shastri Nagar, Narnaul - HSPCB",19-08-2024 20:00:00,28.060249,76.113115,SO2,12,139,18
India,Haryana,Palwal,"Shyam Nagar, Palwal - HSPCB",19-08-2024 20:00:00,28.1485564,77.3320667,CO,28,30,28
India,Haryana,Panchkula,"Sector-6, Panchkula - HSPCB ",19-08-2024 20:00:00,30.7057778,76.8531805555555,OZONE,26,44,30
India,Haryana,Panipat,"Sector-18, Panipat - HSPCB",19-08-2024 20:00:00,29.432304,76.972765,NH3,2,3,2
India,Haryana,Panipat,"Sector-18, Panipat - HSPCB",19-08-2024 20:00:00,29.432304,76.972765,CO,24,26,25
India,Haryana,Rohtak,"MD University, Rohtak - HSPCB",19-08-2024 20:00:00,28.52123,76.37138,OZONE,46,53,50
India,Haryana,Sirsa,"F-Block, Sirsa - HSPCB",19-08-2024 20:00:00,29.536400,75.015800,NH3,7,10,8
India,Haryana,Sonipat,"Murthal, Sonipat - HSPCB",19-08-2024 20:00:00,29.027200,77.062100,PM10,86,88,87
India,Himachal Pradesh,Baddi,"HIMUDA Complex Phase-1, Baddi - HPPCB",19-08-2024 20:00:00,30.943887,76.801991,NO2,8,26,15
India,Karnataka,Bagalkot,"Vidayagiri, Bagalkot - KSPCB",19-08-2024 20:00:00,16.172806,75.659694,NO2,10,11,11
India,Karnataka,Bagalkot,"Vidayagiri, Bagalkot - KSPCB",19-08-2024 20:00:00,16.172806,75.659694,NH3,2,2,2
India,Karnataka,Belgaum,"Ramteerth Nagar, Belgaum - KSPCB",19-08-2024 20:00:00,15.888653,74.541751,PM10,6,38,12
India,Karnataka,Belgaum,"Ramteerth Nagar, Belgaum - KSPCB",19-08-2024 20:00:00,15.888653,74.541751,NO2,4,70,21
India,Karnataka,Bengaluru,"City Railway Station, Bengaluru - KSPCB",19-08-2024 20:00:00,12.9756843,77.5660749,PM10,54,108,86
India,Karnataka,Bengaluru,"Hombegowda Nagar, Bengaluru - KSPCB",19-08-2024 20:00:00,12.938539,77.590100,NO2,9,30,18
India,Karnataka,Bengaluru,"Hombegowda Nagar, Bengaluru - KSPCB",19-08-2024 20:00:00,12.938539,77.590100,OZONE,1,39,29
India,Karnataka,Bengaluru,"Jayanagar 5th Block, Bengaluru - KSPCB",19-08-2024 20:00:00,12.920984,77.584908,NH3,1,2,1
India,Karnataka,Bengaluru,"Jayanagar 5th Block, Bengaluru - KSPCB",19-08-2024 20:00:00,12.920984,77.584908,OZONE,21,29,24
India,Karnataka,Bengaluru,"Jigani, Bengaluru - KSPCB",19-08-2024 20:00:00,12.7816279,77.6299145,PM10,34,119,69
India,Karnataka,Bengaluru,"Kasturi Nagar, Bengaluru - KSPCB",19-08-2024 20:00:00,13.003872,77.664217,PM10,56,62,59
India,Karnataka,Bengaluru,"Kasturi Nagar, Bengaluru - KSPCB",19-08-2024 20:00:00,13.003872,77.664217,CO,24,26,26
India,Karnataka,Bengaluru,"Peenya, Bengaluru - CPCB",19-08-2024 20:00:00,13.0270199,77.494094,NH3,4,7,6
India,Karnataka,Bengaluru,"RVCE-Mailasandra, Bengaluru - KSPCB",19-08-2024 20:00:00,12.921418,77.502466,CO,32,43,37
India,Karnataka,Bengaluru,"Sanegurava Halli, Bengaluru - KSPCB",19-08-2024 20:00:00,12.990328,77.5431385,PM10,33,63,38
India,Karnataka,Bengaluru,"Sanegurava Halli, Bengaluru - KSPCB",19-08-2024 20:00:00,12.990328,77.5431385,SO2,1,5,3
India,Karnataka,Bengaluru,"Sanegurava Halli, Bengaluru - KSPCB",19-08-2024 20:00:00,12.990328,77.5431385,CO,5,65,24
India,Karnataka,Bengaluru,"Shivapura_Peenya, Bengaluru - KSPCB",19-08-2024 20:00:00,13.0246342,77.5080115,NO2,15,16,15
India,Karnataka,Bengaluru,"Shivapura_Peenya, Bengaluru - KSPCB",19-08-2024 20:00:00,13.0246342,77.5080115,SO2,NA,NA,NA
India,Karnataka,Chikkaballapur,"Chikkaballapur Rural, Chikkaballapur - KSPCB",19-08-2024 20:00:00,13.428828,77.731418,PM2.5,17,62,31
India,Karnataka,Chikkaballapur,"Chikkaballapur Rural, Chikkaballapur - KSPCB",19-08-2024 20:00:00,13.428828,77.731418,NH3,1,1,1
India,Karnataka,Chikkaballapur,"Chikkaballapur Rural, Chikkaballapur - KSPCB",19-08-2024 20:00:00,13.428828,77.731418,OZONE,24,25,24
India,Karnataka,Chikkamagaluru,"Kalyana Nagara, Chikkamagaluru - KSPCB",19-08-2024 20:00:00,13.328028,75.797056,PM2.5,7,28,20
India,Karnataka,Chikkamagaluru,"Kalyana Nagara, Chikkamagaluru - KSPCB",19-08-2024 20:00:00,13.328028,75.797056,PM10,21,297,43
India,Karnataka,Davanagere,"Devaraj Urs Badavane, Davanagere - KSPCB",19-08-2024 20:00:00,14.475800,75.905200,CO,20,20,20
India,Karnataka,Davanagere,"Devaraj Urs Badavane, Davanagere - KSPCB",19-08-2024 20:00:00,14.475800,75.905200,OZONE,22,22,22
India,Karnataka,Haveri,"Ashwini Nagar, Haveri - KSPCB",19-08-2024 20:00:00,14.791800,75.389600,PM2.5,NA,NA,NA
India,Karnataka,Haveri,"Ashwini Nagar, Haveri - KSPCB",19-08-2024 20:00:00,14.791800,75.389600,NH3,NA,NA,NA
India,Karnataka,Kalaburagi,"Lal Bahadur Shastri Nagar, Kalaburagi - KSPCB",19-08-2024 20:00:00,17.321993,76.822628,SO2,19,32,22
India,Karnataka,Kalaburagi,"Lal Bahadur Shastri Nagar, Kalaburagi - KSPCB",19-08-2024 20:00:00,17.321993,76.822628,OZONE,2,7,4
India,Karnataka,Kalaburagi,"Mahatma Basaveswar Colony, Kalaburgi - KSPCB",19-08-2024 20:00:00,17.336318,76.847397,NH3,NA,NA,NA
India,Karnataka,Kalaburagi,"Mahatma Basaveswar Colony, Kalaburgi - KSPCB",19-08-2024 20:00:00,17.336318,76.847397,CO,32,46,38
India,Karnataka,Karwar,"KHB Colony, Karwar - KSPCB",19-08-2024 20:00:00,14.816666,74.141003,NH3,NA,NA,NA
India,Karnataka,Karwar,"KHB Colony, Karwar - KSPCB",19-08-2024 20:00:00,14.816666,74.141003,CO,8,9,8
India,Karnataka,Madikeri,"Stuart Hill, Madikeri - KSPCB",19-08-2024 20:00:00,12.415911,75.735050,PM2.5,20,32,24
India,Karnataka,Madikeri,"Stuart Hill, Madikeri - KSPCB",19-08-2024 20:00:00,12.415911,75.735050,SO2,4,4,4
India,Karnataka,Mysuru,"Hebbal 1st Stage, Mysuru - KSPCB",19-08-2024 20:00:00,12.21041,76.37376,SO2,1,9,3
India,Karnataka,Ramanagara,"Vijay Nagar, Ramanagara - KSPCB",19-08-2024 20:00:00,12.733409,77.298051,NH3,3,5,3
India,Karnataka,Ramanagara,"Vijay Nagar, Ramanagara - KSPCB",19-08-2024 20:00:00,12.733409,77.298051,SO2,12,20,15
India,Karnataka,Ramanagara,"Vijay Nagar, Ramanagara - KSPCB",19-08-2024 20:00:00,12.733409,77.298051,CO,8,37,15
India,Karnataka,Ramanagara,"Vijay Nagar, Ramanagara - KSPCB",19-08-2024 20:00:00,12.733409,77.298051,OZONE,27,30,29
India,Karnataka,Shivamogga,"Vinoba Nagara, Shivamogga - KSPCB",19-08-2024 20:00:00,13.940000,75.555917,PM10,25,50,32
India,Karnataka,Shivamogga,"Vinoba Nagara, Shivamogga - KSPCB",19-08-2024 20:00:00,13.940000,75.555917,SO2,2,11,6
India,Karnataka,Shivamogga,"Vinoba Nagara, Shivamogga - KSPCB",19-08-2024 20:00:00,13.940000,75.555917,OZONE,28,52,38
India,Karnataka,Tumakuru,"Thimmalapura, Tumakuru - KSPCB",19-08-2024 20:00:00,13.377516,77.099072,NO2,17,17,17
India,Karnataka,Tumakuru,"Thimmalapura, Tumakuru - KSPCB",19-08-2024 20:00:00,13.377516,77.099072,NH3,2,2,2
India,Karnataka,Tumakuru,"Thimmalapura, Tumakuru - KSPCB",19-08-2024 20:00:00,13.377516,77.099072,CO,28,34,31
India,Karnataka,Udupi,"Brahmagiri, Udupi - KSPCB",19-08-2024 20:00:00,13.34194444,74.74694444,CO,30,80,49
India,Karnataka,Yadgir,"Collector Office, Yadgir - KSPCB",19-08-2024 20:00:00,16.7602,77.1428,NH3,2,4,2
India,Karnataka,Yadgir,"Collector Office, Yadgir - KSPCB",19-08-2024 20:00:00,16.7602,77.1428,SO2,11,26,19
India,Kerala,Eloor,"Udyogamandal, Eloor - Kerala PCB",19-08-2024 20:00:00,10.073232,76.302765,NO2,5,6,5
India,Kerala,Kollam,"Polayathode, Kollam - Kerala PCB",19-08-2024 20:00:00,8.8787,76.6073,NO2,8,9,8
India,Kerala,Kollam,"Polayathode, Kollam - Kerala PCB",19-08-2024 20:00:00,8.8787,76.6073,NH3,1,1,1
India,Kerala,Kollam,"Polayathode, Kollam - Kerala PCB",19-08-2024 20:00:00,8.8787,76.6073,SO2,1,10,2
India,Kerala,Thiruvananthapuram,"Plammoodu, Thiruvananthapuram - Kerala PCB",19-08-2024 20:00:00,8.5149093,76.9435879,PM2.5,NA,NA,NA
India,Madhya Pradesh,Bhopal,"Idgah Hills, Bhopal - MPPCB",19-08-2024 20:00:00,23.264759,77.381568,NO2,6,43,14
India,Madhya Pradesh,Bhopal,"Paryavaran Parisar, Bhopal - MPPCB",19-08-2024 20:00:00,23.210494,77.425409,OZONE,10,60,43
India,Madhya Pradesh,Bhopal,"T T Nagar, Bhopal - MPPCB",19-08-2024 20:00:00,23.233584,77.400574,OZONE,25,59,56
India,Madhya Pradesh,Dewas,"Bhopal Chauraha, Dewas - MPPCB",19-08-2024 20:00:00,22.9682591,76.064118,SO2,NA,NA,NA
India,Madhya Pradesh,Gwalior,"City Center, Gwalior - MPPCB",19-08-2024 20:00:00,26.203442,78.193251,CO,16,42,31
India,Madhya Pradesh,Gwalior,"Deen Dayal Nagar, Gwalior - MPPCB",19-08-2024 20:00:00,26.259242,78.216432,CO,38,44,41
India,Madhya Pradesh,Gwalior,"Maharaj Bada, Gwalior - MPPCB",19-08-2024 20:00:00,26.200388,78.147714,SO2,3,26,13
India,Madhya Pradesh,Gwalior,"Maharaj Bada, Gwalior - MPPCB",19-08-2024 20:00:00,26.200388,78.147714,CO,11,90,50
India,Madhya Pradesh,Indore,"Chhoti Gwaltoli, Indore - MPPCB",19-08-2024 20:00:00,22.4310,75.5213,NO2,37,74,49
India,Madhya Pradesh,Indore,"Regional Park, Indore - IMC",19-08-2024 20:00:00,22.6780,75.8559,NH3,NA,NA,NA
India,Madhya Pradesh,Indore,"Residency Area, Indore - IMC",19-08-2024 20:00:00,22.7084,75.8815,PM10,38,70,50
India,Madhya Pradesh,Jabalpur,"Govindh Bhavan Colony, Jabalpur - JMC",19-08-2024 20:00:00,23.163174,79.973061,PM2.5,25,68,39
India,Madhya Pradesh,Jabalpur,"Govindh Bhavan Colony, Jabalpur - JMC",19-08-2024 20:00:00,23.163174,79.973061,PM10,23,50,32
India,Madhya Pradesh,Jabalpur,"Govindh Bhavan Colony, Jabalpur - JMC",19-08-2024 20:00:00,23.163174,79.973061,NO2,5,12,8
India,Madhya Pradesh,Jabalpur,"Govindh Bhavan Colony, Jabalpur - JMC",19-08-2024 20:00:00,23.163174,79.973061,CO,15,30,18
India,Madhya Pradesh,Jabalpur,"Gupteshwar, Jabalpur - JMC",19-08-2024 20:00:00,23.142888,79.916147,PM10,22,61,34
India,Madhya Pradesh,Jabalpur,"Gupteshwar, Jabalpur - JMC",19-08-2024 20:00:00,23.142888,79.916147,CO,32,100,47
India,Madhya Pradesh,Jabalpur,"Marhatal, Jabalpur - MPPCB",19-08-2024 20:00:00,23.168606,79.932247,SO2,19,24,21
India,Madhya Pradesh,Jabalpur,"Marhatal, Jabalpur - MPPCB",19-08-2024 20:00:00,23.168606,79.932247,CO,22,77,48
India,Madhya Pradesh,Jabalpur,"Suhagi, Jabalpur - JMC",19-08-2024 20:00:00,23.218135,79.957770,PM10,13,25,17
India,Madhya Pradesh,Katni,"Gole Bazar, Katni - MPPCB",19-08-2024 20:00:00,23.50016,80.23284,NO2,21,28,24
India,Madhya Pradesh,Katni,"Gole Bazar, Katni - MPPCB",19-08-2024 20:00:00,23.50016,80.23284,SO2,22,42,28
India,Madhya Pradesh,Mandideep,"Sector-D Industrial Area, Mandideep - MPPCB",19-08-2024 20:00:00,23.108440,77.511428,NH3,5,9,6
India,Madhya Pradesh,Pithampur,"Sector-2 Industrial Area, Pithampur - MPPCB",19-08-2024 20:00:00,22.624758,75.675238,PM10,63,120,92
India,Madhya Pradesh,Pithampur,"Sector-2 Industrial Area, Pithampur - MPPCB",19-08-2024 20:00:00,22.624758,75.675238,NH3,3,4,3
India,Madhya Pradesh,Ratlam,"Shasthri Nagar, Ratlam - IPCA Lab",19-08-2024 20:00:00,23.331731,75.045981,SO2,31,32,31
India,Madhya Pradesh,Sagar,"Deen Dayal Nagar, Sagar - MPPCB",19-08-2024 20:00:00,23.8640158,78.80289321,PM2.5,16,35,24
India,Madhya Pradesh,Satna,"Bandhavgar Colony, Satna - Birla Cement",19-08-2024 20:00:00,24.58434363,80.8549414,CO,29,107,67
India,Madhya Pradesh,Ujjain,"Mahakaleshwar Temple, Ujjain - MPPCB",19-08-2024 20:00:00,23.182719 ,75.768218 ,SO2,6,11,9
India,Maharashtra,Ahmednagar,"Tarakpur, Ahmednagar - MPCB",19-08-2024 20:00:00,19.10122,74.73339,PM10,32,59,47
India,Maharashtra,Akola,"Ramdaspeth, Akola - MPCB",19-08-2024 20:00:00,20.719516,77.000253,OZONE,2,26,24
India,Maharashtra,Amravati,"Shivneri Colony, Amravati - MPCB",19-08-2024 20:00:00,20.9402359,77.7895248,SO2,2,3,2
India,Maharashtra,Amravati,"Shivneri Colony, Amravati - MPCB",19-08-2024 20:00:00,20.9402359,77.7895248,CO,10,20,14
India,Maharashtra,Amravati,"Shri Shivaji Science College, Amaravati - MPCB",19-08-2024 20:00:00,20.939198,77.765701,NO2,2,30,8
India,Maharashtra,Amravati,"Shri Shivaji Science College, Amaravati - MPCB",19-08-2024 20:00:00,20.939198,77.765701,NH3,2,3,2
India,Maharashtra,Amravati,"Shri Shivaji Science College, Amaravati - MPCB",19-08-2024 20:00:00,20.939198,77.765701,CO,14,82,17
India,Maharashtra,Aurangabad,"MIDC Chilkalthana, Aurangabad - MPCB",19-08-2024 20:00:00,19.875620,75.387310,SO2,1,2,1
India,Maharashtra,Aurangabad,"More Chowk Waluj, Aurangabad - MPCB",19-08-2024 20:00:00,19.8389439,75.244448,NO2,40,47,44
India,Maharashtra,Badlapur,"Katrap, Badlapur - MPCB",19-08-2024 20:00:00,19.16485,73.23409,NO2,4,16,8
India,Maharashtra,Bhiwandi,"Gokul Nagar, Bhiwandi - MPCB",19-08-2024 20:00:00,19.309073,73.057223,PM2.5,31,85,54
India,Maharashtra,Bhiwandi,"Gokul Nagar, Bhiwandi - MPCB",19-08-2024 20:00:00,19.309073,73.057223,OZONE,5,30,22
India,Maharashtra,Boisar,"Khaira, Boisar - MPCB",19-08-2024 20:00:00,19.786089,72.757971,SO2,5,26,12
India,Maharashtra,Boisar,"Khaira, Boisar - MPCB",19-08-2024 20:00:00,19.786089,72.757971,CO,10,46,26
India,Maharashtra,Boisar,"Khaira, Boisar - MPCB",19-08-2024 20:00:00,19.786089,72.757971,OZONE,7,45,31
India,Maharashtra,Chandrapur,"Chauhan Colony, Chandrapur - MPCB",19-08-2024 20:00:00,19.962900,79.298714,PM10,42,96,66
India,Maharashtra,Chandrapur,"Chauhan Colony, Chandrapur - MPCB",19-08-2024 20:00:00,19.962900,79.298714,SO2,7,8,8
India,Maharashtra,Chandrapur,"MIDC Khutala, Chandrapur - MPCB",19-08-2024 20:00:00,19.9775302,79.2337086,SO2,NA,NA,NA
India,Maharashtra,Chandrapur,"MIDC Khutala, Chandrapur - MPCB",19-08-2024 20:00:00,19.9775302,79.2337086,OZONE,1,22,15
India,Maharashtra,Dhule,"Deopur, Dhule - MPCB",19-08-2024 20:00:00,20.918946,74.776388,NH3,2,4,2
India,Maharashtra,Dhule,"Deopur, Dhule - MPCB",19-08-2024 20:00:00,20.918946,74.776388,SO2,1,14,2
India,Maharashtra,Jalgaon,"Prabhat Colony, Jalgaon - MPCB",19-08-2024 20:00:00,21.001264,75.565602,PM2.5,34,91,54
India,Maharashtra,Jalgaon,"Prabhat Colony, Jalgaon - MPCB",19-08-2024 20:00:00,21.001264,75.565602,PM10,NA,NA,NA
India,Maharashtra,Jalgaon,"Prabhat Colony, Jalgaon - MPCB",19-08-2024 20:00:00,21.001264,75.565602,SO2,3,13,5
India,Maharashtra,Jalna,"Old MIDC, Jalna - MPCB",19-08-2024 20:00:00,19.854616,75.905894,NO2,21,27,25
India,Maharashtra,Jalna,"Old MIDC, Jalna - MPCB",19-08-2024 20:00:00,19.854616,75.905894,NH3,1,2,1
India,Maharashtra,Kalyan,"Khadakpada, Kalyan - MPCB",19-08-2024 20:00:00,19.25292,73.142019,CO,13,20,15
India,Maharashtra,Kolhapur,"Shivaji University, Kolhapur - MPCB",19-08-2024 20:00:00,16.6870449,74.2505872,NO2,6,10,7
India,Maharashtra,Kolhapur,"Sinchan Bhavan, Kolhapur - MPCB",19-08-2024 20:00:00,16.7143745,74.2426398,PM2.5,22,37,28
India,Maharashtra,Kolhapur,"Sinchan Bhavan, Kolhapur - MPCB",19-08-2024 20:00:00,16.7143745,74.2426398,NH3,NA,NA,NA
India,Maharashtra,Kolhapur,"Sinchan Bhavan, Kolhapur - MPCB",19-08-2024 20:00:00,16.7143745,74.2426398,CO,18,35,30
India,Maharashtra,Latur,"Sawe Wadi, Latur - MPCB",19-08-2024 20:00:00,18.39963,76.57452,PM2.5,13,42,24
India,Maharashtra,Mahad,"Kamble Tarf Birwadi, Mahad - MPCB",19-08-2024 20:00:00,18.1023399,73.4783687,PM2.5,26,232,111
India,Maharashtra,Mahad,"Kamble Tarf Birwadi, Mahad - MPCB",19-08-2024 20:00:00,18.1023399,73.4783687,SO2,6,69,26
India,Maharashtra,Malegaon,"Mahesh Nagar, Malegaon - MPCB",19-08-2024 20:00:00,20.555712,74.529236,PM2.5,27,90,54
India,Maharashtra,Mira-Bhayandar,"Bhayandar West, Mira-Bhayandar - MPCB",19-08-2024 20:00:00,19.296481,72.840923,PM2.5,19,55,29
India,Maharashtra,Mumbai,"Borivali East, Mumbai - MPCB",19-08-2024 20:00:00,19.2243333,72.8658113,NH3,1,2,1
India,Maharashtra,Mumbai,"Borivali East, Mumbai - MPCB",19-08-2024 20:00:00,19.2243333,72.8658113,OZONE,2,22,17
India,Maharashtra,Mumbai,"Chembur, Mumbai - MPCB",19-08-2024 20:00:00,19.0364585,72.8954371,NH3,NA,NA,NA
India,Maharashtra,Mumbai,"Chhatrapati Shivaji Intl. Airport (T2), Mumbai - MPCB",19-08-2024 20:00:00,19.10078,72.87462,PM10,52,115,88
India,Maharashtra,Mumbai,"Chhatrapati Shivaji Intl. Airport (T2), Mumbai - MPCB",19-08-2024 20:00:00,19.10078,72.87462,NO2,14,24,20
India,Maharashtra,Mumbai,"Chhatrapati Shivaji Intl. Airport (T2), Mumbai - MPCB",19-08-2024 20:00:00,19.10078,72.87462,SO2,21,59,30
India,Maharashtra,Mumbai,"Colaba, Mumbai - MPCB",19-08-2024 20:00:00,18.910000,72.820000,PM10,19,97,55
India,Maharashtra,Mumbai,"Colaba, Mumbai - MPCB",19-08-2024 20:00:00,18.910000,72.820000,NH3,3,4,3
India,Maharashtra,Mumbai,"Ghatkopar, Mumbai - BMC",19-08-2024 20:00:00,19.083694,72.920967,NH3,4,8,7
India,Maharashtra,Mumbai,"Kandivali East, Mumbai - MPCB",19-08-2024 20:00:00,19.205800,72.868200,PM2.5,NA,NA,NA
India,Maharashtra,Mumbai,"Kandivali East, Mumbai - MPCB",19-08-2024 20:00:00,19.205800,72.868200,NO2,NA,NA,NA
India,Maharashtra,Mumbai,"Kandivali East, Mumbai - MPCB",19-08-2024 20:00:00,19.205800,72.868200,SO2,NA,NA,NA
India,Maharashtra,Mumbai,"Kandivali East, Mumbai - MPCB",19-08-2024 20:00:00,19.205800,72.868200,OZONE,16,104,38
India,Maharashtra,Mumbai,"Kandivali West, Mumbai - BMC",19-08-2024 20:00:00,19.215859,72.831718,PM10,19,36,27
India,Maharashtra,Mumbai,"Kandivali West, Mumbai - BMC",19-08-2024 20:00:00,19.215859,72.831718,SO2,2,3,2
India,Maharashtra,Mumbai,"Kherwadi_Bandra East, Mumbai - MPCB",19-08-2024 20:00:00,19.0632143,72.8456324,PM10,23,52,41
India,Maharashtra,Mumbai,"Kherwadi_Bandra East, Mumbai - MPCB",19-08-2024 20:00:00,19.0632143,72.8456324,CO,14,20,16
India,Maharashtra,Mumbai,"Khindipada-Bhandup West, Mumbai - IITM",19-08-2024 20:00:00,19.1653323,72.922099,NO2,5,9,7
India,Maharashtra,Mumbai,"Khindipada-Bhandup West, Mumbai - IITM",19-08-2024 20:00:00,19.1653323,72.922099,NH3,1,2,1
India,Maharashtra,Mumbai,"Malad West, Mumbai - IITM",19-08-2024 20:00:00,19.19709,72.82204,NO2,20,30,26
India,Maharashtra,Mumbai,"Malad West, Mumbai - IITM",19-08-2024 20:00:00,19.19709,72.82204,CO,2,2,2
India,Maharashtra,Mumbai,"Mindspace-Malad West, Mumbai - MPCB",19-08-2024 20:00:00,19.1878657,72.8304069,NH3,6,6,6
India,Maharashtra,Mumbai,"Mindspace-Malad West, Mumbai - MPCB",19-08-2024 20:00:00,19.1878657,72.8304069,SO2,3,4,3
India,Maharashtra,Mumbai,"Mulund West, Mumbai - MPCB",19-08-2024 20:00:00,19.1750,72.9419,CO,28,29,28
India,Maharashtra,Mumbai,"Powai, Mumbai - MPCB",19-08-2024 20:00:00,19.137500,72.915056,PM2.5,13,59,29
India,Maharashtra,Mumbai,"Powai, Mumbai - MPCB",19-08-2024 20:00:00,19.137500,72.915056,CO,18,22,20
India,Maharashtra,Mumbai,"Sewri, Mumbai - BMC",19-08-2024 20:00:00,19.000084,72.856730,NO2,8,22,15
India,Maharashtra,Mumbai,"Shivaji Nagar, Mumbai - BMC",19-08-2024 20:00:00,19.060498,72.923356,PM10,39,128,89
India,Maharashtra,Mumbai,"Shivaji Nagar, Mumbai - BMC",19-08-2024 20:00:00,19.060498,72.923356,SO2,1,4,2
India,Maharashtra,Mumbai,"Sion, Mumbai - MPCB",19-08-2024 20:00:00,19.047000,72.874600,PM2.5,17,48,32
India,Maharashtra,Mumbai,"Sion, Mumbai - MPCB",19-08-2024 20:00:00,19.047000,72.874600,NH3,1,1,1
India,Maharashtra,Mumbai,"Sion, Mumbai - MPCB",19-08-2024 20:00:00,19.047000,72.874600,CO,24,32,27
India,Maharashtra,Mumbai,"Vasai West, Mumbai - MPCB",19-08-2024 20:00:00,19.383200,72.820400,NH3,4,4,4
India,Maharashtra,Mumbai,"Vasai West, Mumbai - MPCB",19-08-2024 20:00:00,19.383200,72.820400,SO2,24,48,26
India,Maharashtra,Mumbai,"Vile Parle West, Mumbai - MPCB",19-08-2024 20:00:00,19.10861,72.83622,SO2,7,8,8
India,Maharashtra,Nagpur,"Ambazari, Nagpur - MPCB",19-08-2024 20:00:00,21.121801,79.04952,PM2.5,17,60,35
India,Maharashtra,Nagpur,"Opp GPO Civil Lines, Nagpur - MPCB",19-08-2024 20:00:00,21.152875,79.0517531,PM2.5,NA,NA,NA
India,Maharashtra,Nagpur,"Opp GPO Civil Lines, Nagpur - MPCB",19-08-2024 20:00:00,21.152875,79.0517531,SO2,NA,NA,NA
India,Maharashtra,Nagpur,"Ram Nagar, Nagpur - MPCB",19-08-2024 20:00:00,21.143383,79.048912,CO,15,20,18
India,Maharashtra,Nashik,"Gangapur Road, Nashik - MPCB",19-08-2024 20:00:00,20.0073285,73.7762427,NO2,3,14,8
India,Maharashtra,Nashik,"Gangapur Road, Nashik - MPCB",19-08-2024 20:00:00,20.0073285,73.7762427,NH3,1,2,2
India,Maharashtra,Nashik,"Gangapur Road, Nashik - MPCB",19-08-2024 20:00:00,20.0073285,73.7762427,CO,10,74,30
India,Maharashtra,Nashik,"Gangapur Road, Nashik - MPCB",19-08-2024 20:00:00,20.0073285,73.7762427,OZONE,3,37,20
India,Maharashtra,Nashik,"Hirawadi, Nashik - MPCB",19-08-2024 20:00:00,20.021503,73.813844,NH3,1,6,3
India,Maharashtra,Nashik,"MIDC Ambad, Nashik - MPCB",19-08-2024 20:00:00,19.950220,73.731480,CO,18,36,22
India,Maharashtra,Nashik,"Pandav Nagari, Nashik - MPCB",19-08-2024 20:00:00,19.9591346,73.7788008,OZONE,2,46,33
India,Maharashtra,Navi Mumbai,"Kopripada-Vashi, Navi Mumbai - MPCB",19-08-2024 20:00:00,19.090337,73.014232,PM10,52,127,79
India,Maharashtra,Navi Mumbai,"Kopripada-Vashi, Navi Mumbai - MPCB",19-08-2024 20:00:00,19.090337,73.014232,NH3,6,18,9
India,Maharashtra,Navi Mumbai,"Kopripada-Vashi, Navi Mumbai - MPCB",19-08-2024 20:00:00,19.090337,73.014232,SO2,9,10,9
India,Maharashtra,Navi Mumbai,"Mahape, Navi Mumbai - MPCB",19-08-2024 20:00:00,19.1135051,73.008978,OZONE,13,40,16
India,Maharashtra,Navi Mumbai,"Nerul, Navi Mumbai - MPCB",19-08-2024 20:00:00,19.008751,73.016620,PM2.5,15,63,35
India,Maharashtra,Navi Mumbai,"Nerul, Navi Mumbai - MPCB",19-08-2024 20:00:00,19.008751,73.016620,OZONE,16,21,19
India,Maharashtra,Navi Mumbai,"Sanpada, Navi Mumbai - MPCB",19-08-2024 20:00:00,19.0575752,73.0151367,NH3,6,12,8
India,Maharashtra,Navi Mumbai,"Sanpada, Navi Mumbai - MPCB",19-08-2024 20:00:00,19.0575752,73.0151367,SO2,1,12,4
India,Maharashtra,Navi Mumbai,"Sector-2E Kalamboli, Navi Mumbai - MPCB",19-08-2024 20:00:00,19.02579,73.10297,NO2,9,37,20
India,Maharashtra,Navi Mumbai,"Sector-2E Kalamboli, Navi Mumbai - MPCB",19-08-2024 20:00:00,19.02579,73.10297,SO2,3,8,6
India,Maharashtra,Navi Mumbai,"Sector-2E Kalamboli, Navi Mumbai - MPCB",19-08-2024 20:00:00,19.02579,73.10297,OZONE,1,54,23
India,Maharashtra,Parbhani,"Masoom Colony, Parbhani - MPCB",19-08-2024 20:00:00,19.265594,76.761463,NO2,NA,NA,NA
India,Maharashtra,Parbhani,"Masoom Colony, Parbhani - MPCB",19-08-2024 20:00:00,19.265594,76.761463,CO,9,26,25
India,Maharashtra,Pimpri-Chinchwad,"Gavalinagar, Pimpri Chinchwad - MPCB",19-08-2024 20:00:00,18.63673,73.82487,CO,12,44,24
India,Maharashtra,Pimpri-Chinchwad,"Gavalinagar, Pimpri Chinchwad - MPCB",19-08-2024 20:00:00,18.63673,73.82487,OZONE,3,71,39
India,Maharashtra,Pimpri-Chinchwad,"Park Street Wakad, Pimpri Chinchwad - MPCB",19-08-2024 20:00:00,18.59051,73.77946,NO2,26,63,41
India,Maharashtra,Pimpri-Chinchwad,"Thergaon, Pimpri Chinchwad - MPCB",19-08-2024 20:00:00,18.616318,73.765797,OZONE,3,37,19
India,Maharashtra,Pune,"Katraj Dairy, Pune - MPCB",19-08-2024 20:00:00,18.454450,73.854155,SO2,1,2,1
India,Maharashtra,Pune,"Mhada Colony, Pune - IITM",19-08-2024 20:00:00,18.573040,73.927715,PM10,26,52,34
India,Maharashtra,Pune,"Mhada Colony, Pune - IITM",19-08-2024 20:00:00,18.573040,73.927715,OZONE,18,81,47
India,Maharashtra,Pune,"Panchawati_Pashan, Pune - IITM",19-08-2024 20:00:00,18.536457,73.805454,OZONE,6,148,72
India,Maharashtra,Pune,"Revenue Colony-Shivajinagar, Pune - IITM",19-08-2024 20:00:00,18.530085,73.849598,PM2.5,24,97,56
India,Maharashtra,Pune,"Revenue Colony-Shivajinagar, Pune - IITM",19-08-2024 20:00:00,18.530085,73.849598,CO,72,119,94
India,Maharashtra,Pune,"Savitribai Phule Pune University, Pune - MPCB",19-08-2024 20:00:00,18.547056,73.826908,PM10,NA,NA,NA
India,Maharashtra,Pune,"Savitribai Phule Pune University, Pune - MPCB",19-08-2024 20:00:00,18.547056,73.826908,OZONE,13,86,47
India,Maharashtra,Sangli,"Vijay Nagar, Sangli - MPCB",19-08-2024 20:00:00, 16.5038,74.3623,PM2.5,NA,NA,NA
India,Maharashtra,Sangli,"Vijay Nagar, Sangli - MPCB",19-08-2024 20:00:00, 16.5038,74.3623,NO2,NA,NA,NA
India,Maharashtra,Solapur,"Ratandeep Housing Society, Solapur - MPCB",19-08-2024 20:00:00,17.65439,75.90649,OZONE,7,96,56
India,Maharashtra,Thane,"Kasarvadavali, Thane - MPCB",19-08-2024 20:00:00,19.26777,72.97182,NO2,4,15,9
India,Maharashtra,Thane,"Kasarvadavali, Thane - MPCB",19-08-2024 20:00:00,19.26777,72.97182,NH3,1,3,2
India,Maharashtra,Thane,"Pimpleshwar Mandir, Thane - MPCB",19-08-2024 20:00:00,19.192056,72.9585188,CO,10,94,43
India,Maharashtra,Thane,"Pimpleshwar Mandir, Thane - MPCB",19-08-2024 20:00:00,19.192056,72.9585188,OZONE,9,37,25
India,Maharashtra,Thane,"Upvan Fort, Thane - MPCB",19-08-2024 20:00:00,19.222279,72.957979,PM10,29,54,40
India,Maharashtra,Thane,"Upvan Fort, Thane - MPCB",19-08-2024 20:00:00,19.222279,72.957979,OZONE,1,23,17
India,Maharashtra,Ulhasnagar,"Sidhi Vinayak Nagar, Ulhasnagar - MPCB",19-08-2024 20:00:00,19.235581,73.159121,SO2,5,56,14
India,Maharashtra,Ulhasnagar,"Sidhi Vinayak Nagar, Ulhasnagar - MPCB",19-08-2024 20:00:00,19.235581,73.159121,CO,10,61,26
India,Maharashtra,Virar,"Bolinj, Virar - MPCB",19-08-2024 20:00:00,19.4458210,72.7988231,PM10,46,69,57
India,Meghalaya,Shillong,"Lumpyngngad, Shillong - Meghalaya PCB",19-08-2024 20:00:00,25.5586,91.8985,SO2,35,36,36
India,Meghalaya,Shillong,"Lumpyngngad, Shillong - Meghalaya PCB",19-08-2024 20:00:00,25.5586,91.8985,OZONE,10,35,17
India,Mizoram,Aizawl,"Sikulpuikawn, Aizawl - Mizoram PCB",19-08-2024 20:00:00,23.7176342,92.7192841,CO,6,10,8
India,Mizoram,Aizawl,"Sikulpuikawn, Aizawl - Mizoram PCB",19-08-2024 20:00:00,23.7176342,92.7192841,OZONE,5,26,9
India,Nagaland,Kohima,"PWD Juction, Kohima - NPCB",19-08-2024 20:00:00,25.6635413,94.0989878,CO,2,22,12
India,Nagaland,Kohima,"PWD Juction, Kohima - NPCB",19-08-2024 20:00:00,25.6635413,94.0989878,OZONE,1,11,7
India,Odisha,Balasore,"Kalidaspur, Balasore - OSPCB",19-08-2024 20:00:00,21.51161,86.89088,SO2,NA,NA,NA
India,Odisha,Balasore,"Kalidaspur, Balasore - OSPCB",19-08-2024 20:00:00,21.51161,86.89088,CO,67,94,73
India,Odisha,Barbil,"Forest Office, Barbil - OSPCB",19-08-2024 20:00:00,22.1166054,85.3945546,SO2,1,6,3
India,Odisha,Baripada,"Meher Colony, Baripada - OSPCB",19-08-2024 20:00:00,21.941841,86.728318,NH3,1,7,2
India,Odisha,Bhubaneswar,"Patia, Bhubaneswar - OSPCB",19-08-2024 20:00:00,20.34652,85.81630,NO2,2,20,8
India,Odisha,Bhubaneswar,"Patia, Bhubaneswar - OSPCB",19-08-2024 20:00:00,20.34652,85.81630,NH3,1,2,1
India,Odisha,Brajrajnagar,"GM Office, Brajrajnagar - OSPCB",19-08-2024 20:00:00,21.8004996,83.8396977,SO2,23,24,24
India,Odisha,Brajrajnagar,"GM Office, Brajrajnagar - OSPCB",19-08-2024 20:00:00,21.8004996,83.8396977,OZONE,20,30,26
India,Odisha,Nayagarh,"Dabuna, Nayagarh - OSPCB",19-08-2024 20:00:00,21.847279,85.416905,PM10,NA,NA,NA
India,Odisha,Nayagarh,"Dabuna, Nayagarh - OSPCB",19-08-2024 20:00:00,21.847279,85.416905,OZONE,5,18,13
India,Odisha,Rourkela,"Raghunathpali, Rourkela - OSPCB",19-08-2024 20:00:00,22.220833,84.809444,PM10,32,70,49
India,Odisha,Rourkela,"Raghunathpali, Rourkela - OSPCB",19-08-2024 20:00:00,22.220833,84.809444,NO2,1,30,13
India,Odisha,Rourkela,"Sector-2, Rourkela - OSPCB",19-08-2024 20:00:00,22.24500000,84.88111111,CO,34,44,38
India,Odisha,Suakati,"OMC Colony, Suakati - OSPCB",19-08-2024 20:00:00,21.606865,85.510538,PM2.5,17,52,28
India,Odisha,Talcher,"Talcher Coalfields,Talcher - OSPCB",19-08-2024 20:00:00,20.9360711,85.1707021,PM10,7,109,58
India,Odisha,Tensa,"Barsua Iron Ore Mines, Tensa - OSPCB",19-08-2024 20:00:00,21.869985,85.167016,PM10,25,88,44
India,Odisha,Tensa,"Barsua Iron Ore Mines, Tensa - OSPCB",19-08-2024 20:00:00,21.869985,85.167016,OZONE,17,32,24
India,Punjab,Amritsar,"Golden Temple, Amritsar - PPCB",19-08-2024 20:00:00,31.620000,74.876512,PM10,NA,NA,NA
India,Punjab,Bathinda,"Hardev Nagar, Bathinda - PPCB",19-08-2024 20:00:00,30.233011,74.907758,NO2,31,35,33
India,Punjab,Jalandhar,"Civil Line, Jalandhar - PPCB",19-08-2024 20:00:00,31.321907,75.578914,PM2.5,24,26,25
India,Punjab,Jalandhar,"Civil Line, Jalandhar - PPCB",19-08-2024 20:00:00,31.321907,75.578914,NO2,19,22,20
India,Punjab,Khanna,"Kalal Majra, Khanna - PPCB",19-08-2024 20:00:00,30.736056 ,76.209694,PM10,47,87,67
India,Punjab,Khanna,"Kalal Majra, Khanna - PPCB",19-08-2024 20:00:00,30.736056 ,76.209694,NH3,7,7,7
India,Punjab,Khanna,"Kalal Majra, Khanna - PPCB",19-08-2024 20:00:00,30.736056 ,76.209694,SO2,8,12,9
India,Punjab,Ludhiana,"Punjab Agricultural University, Ludhiana - PPCB",19-08-2024 20:00:00,30.9028,75.8086,PM2.5,13,63,37
India,Punjab,Ludhiana,"Punjab Agricultural University, Ludhiana - PPCB",19-08-2024 20:00:00,30.9028,75.8086,NH3,6,8,7
India,Punjab,Ludhiana,"Punjab Agricultural University, Ludhiana - PPCB",19-08-2024 20:00:00,30.9028,75.8086,SO2,8,11,9
India,Punjab,Ludhiana,"Punjab Agricultural University, Ludhiana - PPCB",19-08-2024 20:00:00,30.9028,75.8086,CO,25,44,29
India,Punjab,Ludhiana,"Punjab Agricultural University, Ludhiana - PPCB",19-08-2024 20:00:00,30.9028,75.8086,OZONE,17,27,21
India,Punjab,Mandi Gobindgarh,"RIMT University, Mandi Gobindgarh - PPCB",19-08-2024 20:00:00,30.649961,76.331442,PM2.5,NA,NA,NA
India,Punjab,Patiala,"Model Town, Patiala - PPCB",19-08-2024 20:00:00,30.349388,76.366642,PM2.5,17,34,26
India,Punjab,Patiala,"Model Town, Patiala - PPCB",19-08-2024 20:00:00,30.349388,76.366642,SO2,1,26,12
India,Punjab,Rupnagar,"Ratanpura, Rupnagar - Ambuja Cements",19-08-2024 20:00:00,31.0325454,76.5623046,SO2,7,7,7
India,Rajasthan,Ajmer,"Civil Lines,  Ajmer - RSPCB",19-08-2024 20:00:00,26.470859,74.646594,NO2,3,34,16
India,Rajasthan,Ajmer,"Civil Lines,  Ajmer - RSPCB",19-08-2024 20:00:00,26.470859,74.646594,SO2,6,12,9
India,Rajasthan,Alwar,"Moti Doongri, Alwar - RSPCB",19-08-2024 20:00:00,27.554793,76.611536,OZONE,12,31,26
India,Rajasthan,Banswara,"Rati Talai, Banswara - RSPCB",19-08-2024 20:00:00,23.555190,74.440010,NO2,5,23,14
India,Rajasthan,Banswara,"Rati Talai, Banswara - RSPCB",19-08-2024 20:00:00,23.555190,74.440010,OZONE,15,16,16
India,Rajasthan,Barmer,"Railway Colony, Barmer - RSPCB",19-08-2024 20:00:00,25.747299,71.393989,PM2.5,3,59,21
India,Rajasthan,Bhilwara,"Pratap Nagar, Bhilwara - RSPCB",19-08-2024 20:00:00,25.339605,74.618883,NO2,7,20,10
India,Rajasthan,Bhiwadi,"RIICO Ind. Area III, Bhiwadi - RSPCB",19-08-2024 20:00:00,28.194909,76.862296,NO2,33,41,38
India,Rajasthan,Bhiwadi,"Vasundhara Nagar_UIT, Bhiwadi - RSPCB",19-08-2024 20:00:00,28.207266,76.829265,PM2.5,11,48,28
India,Rajasthan,Bhiwadi,"Vasundhara Nagar_UIT, Bhiwadi - RSPCB",19-08-2024 20:00:00,28.207266,76.829265,PM10,13,57,33
India,Rajasthan,Bhiwadi,"Vasundhara Nagar_UIT, Bhiwadi - RSPCB",19-08-2024 20:00:00,28.207266,76.829265,SO2,1,17,5
India,Rajasthan,Bikaner,"MM Ground, Bikaner - RSPCB",19-08-2024 20:00:00,28.018792,73.292658,SO2,2,4,3
India,Rajasthan,Bikaner,"MM Ground, Bikaner - RSPCB",19-08-2024 20:00:00,28.018792,73.292658,CO,10,56,21
India,Rajasthan,Bundi,"New Colony, Bundi - RSPCB",19-08-2024 20:00:00,25.435774,75.644272,SO2,1,2,1
India,Rajasthan,Bundi,"New Colony, Bundi - RSPCB",19-08-2024 20:00:00,25.435774,75.644272,CO,16,43,20
India,Rajasthan,Churu,"Subash Chowk, Churu - RSPCB",19-08-2024 20:00:00,28.296139,74.961696,OZONE,20,46,42
India,Rajasthan,Dausa,"Khatikan Mohalla, Dausa - RSPCB",19-08-2024 20:00:00,26.895552,76.334753,NO2,19,82,35
India,Rajasthan,Dausa,"Khatikan Mohalla, Dausa - RSPCB",19-08-2024 20:00:00,26.895552,76.334753,CO,6,102,43
India,Rajasthan,Dholpur,"Raja Ganj, Dholpur - RSPCB",19-08-2024 20:00:00,26.699557,77.898881,PM10,NA,NA,NA
India,Rajasthan,Dholpur,"Raja Ganj, Dholpur - RSPCB",19-08-2024 20:00:00,26.699557,77.898881,NO2,2,10,6
India,Rajasthan,Dungarpur,"Bhoiwada, Dungarpur - RSPCB",19-08-2024 20:00:00,23.837789,73.714926,PM10,58,90,75
India,Rajasthan,Dungarpur,"Bhoiwada, Dungarpur - RSPCB",19-08-2024 20:00:00,23.837789,73.714926,NH3,3,5,4
India,Rajasthan,Hanumangarh,"Housing Board, Hanumangarh - RSPCB",19-08-2024 20:00:00,29.610750,74.283608,PM2.5,NA,NA,NA
India,Rajasthan,Hanumangarh,"Housing Board, Hanumangarh - RSPCB",19-08-2024 20:00:00,29.610750,74.283608,NO2,NA,NA,NA
India,Rajasthan,Jaipur,"Adarsh Nagar, Jaipur - RSPCB",19-08-2024 20:00:00,26.902909,75.836858,PM2.5,22,72,42
India,Rajasthan,Jaipur,"Adarsh Nagar, Jaipur - RSPCB",19-08-2024 20:00:00,26.902909,75.836858,SO2,12,24,17
India,Rajasthan,Jaipur,"Adarsh Nagar, Jaipur - RSPCB",19-08-2024 20:00:00,26.902909,75.836858,OZONE,15,40,36
India,Rajasthan,Jaipur,"Mansarovar Sector-12, Jaipur - RSPCB",19-08-2024 20:00:00,26.843698,75.766894,PM10,45,114,68
India,Rajasthan,Jaipur,"Mansarovar Sector-12, Jaipur - RSPCB",19-08-2024 20:00:00,26.843698,75.766894,CO,10,34,15
India,Rajasthan,Jaipur,"Police Commissionerate, Jaipur - RSPCB",19-08-2024 20:00:00,26.9164092,75.7994901,NH3,1,2,2
India,Rajasthan,Jaipur,"RIICO Sitapura, Jaipur - RSPCB",19-08-2024 20:00:00,26.786682,75.827928,PM2.5,23,48,35
India,Rajasthan,Jaipur,"RIICO Sitapura, Jaipur - RSPCB",19-08-2024 20:00:00,26.786682,75.827928,CO,15,28,20
India,Rajasthan,Jaipur,"Sector-2 Murlipura, Jaipur - RSPCB",19-08-2024 20:00:00,26.960669,75.771817,NO2,14,52,27
India,Rajasthan,Jaipur,"Sector-2 Murlipura, Jaipur - RSPCB",19-08-2024 20:00:00,26.960669,75.771817,NH3,3,11,6
India,Rajasthan,Jaipur,"Sector-2 Murlipura, Jaipur - RSPCB",19-08-2024 20:00:00,26.960669,75.771817,CO,32,75,49
India,Rajasthan,Jaipur,"Shastri Nagar, Jaipur - RSPCB",19-08-2024 20:00:00,26.9502929,75.730943,PM2.5,35,79,56
India,Rajasthan,Jaipur,"Shastri Nagar, Jaipur - RSPCB",19-08-2024 20:00:00,26.9502929,75.730943,PM10,56,105,75
India,Rajasthan,Jaipur,"Shastri Nagar, Jaipur - RSPCB",19-08-2024 20:00:00,26.9502929,75.730943,NH3,2,9,5
India,Rajasthan,Jaipur,"Shastri Nagar, Jaipur - RSPCB",19-08-2024 20:00:00,26.9502929,75.730943,CO,22,36,36
India,Rajasthan,Jaisalmer,"Sadar Bazar, Jaisalmer - RSPCB",19-08-2024 20:00:00,26.912329,70.909168,PM2.5,12,27,20
India,Rajasthan,Jaisalmer,"Sadar Bazar, Jaisalmer - RSPCB",19-08-2024 20:00:00,26.912329,70.909168,PM10,32,103,57
India,Rajasthan,Jalore,"Mudtra Sili, Jalore - RSPCB",19-08-2024 20:00:00,25.344694,72.626208,PM10,52,148,83
India,Rajasthan,Jhalawar,"Rajlaxmi Nagar, Jhalawar - RSPCB",19-08-2024 20:00:00,24.588397,76.172782,NH3,1,2,2
India,Rajasthan,Jhalawar,"Rajlaxmi Nagar, Jhalawar - RSPCB",19-08-2024 20:00:00,24.588397,76.172782,SO2,1,3,1
India,Rajasthan,Jhunjhunu,"Indra Nagar, Jhunjhunu - RSPCB",19-08-2024 20:00:00,28.108988,75.386577,PM10,59,134,79
India,Rajasthan,Jhunjhunu,"Indra Nagar, Jhunjhunu - RSPCB",19-08-2024 20:00:00,28.108988,75.386577,NO2,5,23,9
India,Rajasthan,Jodhpur,"Digari Kalan, Jodhpur - RSPCB",19-08-2024 20:00:00,26.295810,73.082283,PM2.5,11,46,30
India,Rajasthan,Jodhpur,"Jhalamand, Jodhpur - RSPCB",19-08-2024 20:00:00,26.215415,73.070156,SO2,2,6,4
India,Rajasthan,Jodhpur,"Mandor, Jodhpur - RSPCB",19-08-2024 20:00:00,26.358805,73.047444,PM2.5,22,47,35
India,Rajasthan,Jodhpur,"Mandor, Jodhpur - RSPCB",19-08-2024 20:00:00,26.358805,73.047444,NH3,2,6,3
India,Rajasthan,Jodhpur,"Samrat Ashok Udhyan, Jodhpur - RSPCB",19-08-2024 20:00:00,26.253384,72.976571,PM2.5,22,62,35
India,Rajasthan,Jodhpur,"Samrat Ashok Udhyan, Jodhpur - RSPCB",19-08-2024 20:00:00,26.253384,72.976571,OZONE,9,36,32
India,Rajasthan,Karauli,"Satyawati Vihar, Karauli - RSPCB",19-08-2024 20:00:00,26.506177,77.025989,PM2.5,11,27,19
India,Rajasthan,Karauli,"Satyawati Vihar, Karauli - RSPCB",19-08-2024 20:00:00,26.506177,77.025989,CO,11,21,14
India,Rajasthan,Kota,"Shrinath Puram, Kota - RSPCB",19-08-2024 20:00:00,25.14389,75.821256,CO,34,93,52
India,Rajasthan,Nagaur,"Karni Colony, Nagaur - RSPCB",19-08-2024 20:00:00,27.213494,73.734444,PM2.5,15,52,31
India,Rajasthan,Nagaur,"Karni Colony, Nagaur - RSPCB",19-08-2024 20:00:00,27.213494,73.734444,NO2,6,17,9
India,Rajasthan,Pratapgarh,"Pragati Nagar, Pratapgarh - RSPCB",19-08-2024 20:00:00,24.041198,74.780702,PM10,20,79,35
India,Rajasthan,Pratapgarh,"Pragati Nagar, Pratapgarh - RSPCB",19-08-2024 20:00:00,24.041198,74.780702,NO2,4,18,9
India,Rajasthan,Pratapgarh,"Pragati Nagar, Pratapgarh - RSPCB",19-08-2024 20:00:00,24.041198,74.780702,OZONE,27,72,63
India,Rajasthan,Sawai Madhopur,"Sahu Nagar, Sawai Madhopur - RSPCB",19-08-2024 20:00:00,26.031443,76.359327,PM10,39,129,61
India,Rajasthan,Sawai Madhopur,"Sahu Nagar, Sawai Madhopur - RSPCB",19-08-2024 20:00:00,26.031443,76.359327,NH3,3,6,4
India,Rajasthan,Sawai Madhopur,"Sahu Nagar, Sawai Madhopur - RSPCB",19-08-2024 20:00:00,26.031443,76.359327,CO,NA,NA,NA
India,Rajasthan,Sirohi,"Vedhaynath Colony, Sirohi - RSPCB",19-08-2024 20:00:00,24.885261,72.857549,SO2,5,10,7
India,Rajasthan,Sri Ganganagar,"Old City, Sri Ganganagar - RSPCB",19-08-2024 20:00:00,29.931624,73.864511,PM2.5,32,336,105
India,Rajasthan,Sri Ganganagar,"Old City, Sri Ganganagar - RSPCB",19-08-2024 20:00:00,29.931624,73.864511,NH3,5,14,7
India,Rajasthan,Tonk,"Shastri Nagar, Tonk - RSPCB",19-08-2024 20:00:00,26.159933,75.780517,PM2.5,NA,NA,NA
India,Rajasthan,Tonk,"Shastri Nagar, Tonk - RSPCB",19-08-2024 20:00:00,26.159933,75.780517,SO2,NA,NA,NA
India,Rajasthan,Udaipur,"Ashok Nagar, Udaipur - RSPCB",19-08-2024 20:00:00,24.5886166,73.6321397,PM10,57,109,70
India,Rajasthan,Udaipur,"Ashok Nagar, Udaipur - RSPCB",19-08-2024 20:00:00,24.5886166,73.6321397,CO,5,52,32
India,Sikkim,Gangtok,"Zero Point GICI, Gangtok - SSPCB",19-08-2024 20:00:00,27.338530,88.614099,CO,2,10,6
India,TamilNadu,Chennai,"Alandur Bus Depot, Chennai - CPCB",19-08-2024 20:00:00,12.9099161,80.1076538,NH3,1,4,1
India,TamilNadu,Chennai,"Alandur Bus Depot, Chennai - CPCB",19-08-2024 20:00:00,12.9099161,80.1076538,SO2,1,21,5
India,TamilNadu,Chennai,"Alandur Bus Depot, Chennai - CPCB",19-08-2024 20:00:00,12.9099161,80.1076538,CO,60,64,63
India,TamilNadu,Chennai,"Arumbakkam, Chennai - TNPCB",19-08-2024 20:00:00,13.0664,80.2112 ,SO2,2,24,8
India,TamilNadu,Chennai,"Manali Village, Chennai - TNPCB",19-08-2024 20:00:00,13.1662,80.2584,CO,6,30,18
India,TamilNadu,Chennai,"Manali, Chennai - CPCB",19-08-2024 20:00:00,13.164544,80.26285,SO2,4,10,5
India,TamilNadu,Chennai,"Perungudi, Chennai - TNPCB",19-08-2024 20:00:00,12.9533,80.2357,SO2,2,8,6
India,TamilNadu,Chennai,"Royapuram, Chennai - TNPCB",19-08-2024 20:00:00,13.1036,80.2909,NO2,11,60,26
India,TamilNadu,Chennai,"Velachery Res. Area, Chennai - CPCB",19-08-2024 20:00:00,13.0052189,80.2398125,PM10,9,400,41
India,TamilNadu,Chennai,"Velachery Res. Area, Chennai - CPCB",19-08-2024 20:00:00,13.0052189,80.2398125,SO2,11,11,11
India,TamilNadu,Gummidipoondi,"Anthoni Pillai Nagar, Gummidipoondi - TNPCB",19-08-2024 20:00:00,13.4127,80.1081,PM10,40,146,79
India,TamilNadu,Ooty,"Bombay Castel, Ooty - TNPCB",19-08-2024 20:00:00,11.4068288,76.7138973,PM10,12,75,32
India,TamilNadu,Ooty,"Bombay Castel, Ooty - TNPCB",19-08-2024 20:00:00,11.4068288,76.7138973,SO2,17,17,17
India,TamilNadu,Tirupur,"Kumaran College, Tirupur - TNPCB",19-08-2024 20:00:00,11.0973603,77.3228673,OZONE,7,7,7
India,Telangana,Hyderabad,"Bollaram Industrial Area, Hyderabad - TSPCB",19-08-2024 20:00:00,17.540891,78.358528,PM2.5,NA,NA,NA
India,Telangana,Hyderabad,"Bollaram Industrial Area, Hyderabad - TSPCB",19-08-2024 20:00:00,17.540891,78.358528,CO,16,88,35
India,Telangana,Hyderabad,"Bollaram Industrial Area, Hyderabad - TSPCB",19-08-2024 20:00:00,17.540891,78.358528,OZONE,26,35,33
India,Telangana,Hyderabad,"Central University, Hyderabad - TSPCB",19-08-2024 20:00:00,17.460103,78.334361,NO2,9,24,18
India,Telangana,Hyderabad,"Central University, Hyderabad - TSPCB",19-08-2024 20:00:00,17.460103,78.334361,NH3,1,4,3
India,Telangana,Hyderabad,"ECIL Kapra, Hyderabad - TSPCB",19-08-2024 20:00:00,17.470431,78.566959,PM10,55,72,60
India,Telangana,Hyderabad,"ECIL Kapra, Hyderabad - TSPCB",19-08-2024 20:00:00,17.470431,78.566959,SO2,5,10,6
India,Telangana,Hyderabad,"ICRISAT Patancheru, Hyderabad - TSPCB",19-08-2024 20:00:00,17.518400,78.278777,PM10,24,99,54
India,Telangana,Hyderabad,"ICRISAT Patancheru, Hyderabad - TSPCB",19-08-2024 20:00:00,17.518400,78.278777,SO2,16,30,22
India,Telangana,Hyderabad,"IDA Pashamylaram, Hyderabad - TSPCB",19-08-2024 20:00:00,17.5316895,78.218939,PM2.5,15,88,46
India,Telangana,Hyderabad,"IITH Kandi, Hyderabad - TSPCB",19-08-2024 20:00:00,17.585705,78.126199,PM10,NA,NA,NA
India,Telangana,Hyderabad,"IITH Kandi, Hyderabad - TSPCB",19-08-2024 20:00:00,17.585705,78.126199,NO2,NA,NA,NA
India,Telangana,Hyderabad,"Kokapet, Hyderabad - TSPCB",19-08-2024 20:00:00,17.393559,78.339194,PM2.5,39,40,39
India,Telangana,Hyderabad,"Kompally Municipal Office, Hyderabad - TSPCB",19-08-2024 20:00:00,17.544899,78.486949,PM2.5,NA,NA,NA
India,Telangana,Hyderabad,"Kompally Municipal Office, Hyderabad - TSPCB",19-08-2024 20:00:00,17.544899,78.486949,SO2,NA,NA,NA
India,Telangana,Hyderabad,"Kompally Municipal Office, Hyderabad - TSPCB",19-08-2024 20:00:00,17.544899,78.486949,OZONE,26,44,31
India,Telangana,Hyderabad,"Ramachandrapuram, Hyderabad - TSPCB",19-08-2024 20:00:00,17.528544,78.286195,PM2.5,NA,NA,NA
India,Telangana,Hyderabad,"Ramachandrapuram, Hyderabad - TSPCB",19-08-2024 20:00:00,17.528544,78.286195,NH3,NA,NA,NA
India,Tripura,Agartala,"Bardowali, Agartala - Tripura SPCB",19-08-2024 20:00:00,23.8175497,91.2726974,PM2.5,15,50,33
India,Tripura,Agartala,"Bardowali, Agartala - Tripura SPCB",19-08-2024 20:00:00,23.8175497,91.2726974,PM10,19,36,28
India,Tripura,Agartala,"Bardowali, Agartala - Tripura SPCB",19-08-2024 20:00:00,23.8175497,91.2726974,NO2,3,10,4
India,Uttar_Pradesh,Agra,"Manoharpur, Agra - UPPCB",19-08-2024 20:00:00,27.23711,78.01936,SO2,18,21,20
India,Uttar_Pradesh,Agra,"Rohta, Agra - UPPCB",19-08-2024 20:00:00,27.106972,78.000111,SO2,3,6,4
India,Uttar_Pradesh,Agra,"Sanjay Palace, Agra - UPPCB",19-08-2024 20:00:00,27.19865833,78.00598056,PM2.5,4,13,7
India,Uttar_Pradesh,Agra,"Sanjay Palace, Agra - UPPCB",19-08-2024 20:00:00,27.19865833,78.00598056,PM10,16,70,46
India,Uttar_Pradesh,Agra,"Shahjahan Garden, Agra - UPPCB",19-08-2024 20:00:00,27.169338,78.03582,NO2,15,16,15
India,Uttar_Pradesh,Agra,"Shastripuram, Agra - UPPCB",19-08-2024 20:00:00,27.19862,77.92066,OZONE,1,6,3
India,Uttar_Pradesh,Baghpat,"Sardar Patel Inter College, Baghpat - UPPCB",19-08-2024 20:00:00,28.964949,77.278761,NH3,1,1,1
India,Uttar_Pradesh,Baghpat,"Sardar Patel Inter College, Baghpat - UPPCB",19-08-2024 20:00:00,28.964949,77.278761,SO2,9,19,13
India,Uttar_Pradesh,Bareilly,"Civil Lines, Bareilly - UPPCB",19-08-2024 20:00:00,28.359581,79.414455,PM10,8,18,13
India,Uttar_Pradesh,Bareilly,"Civil Lines, Bareilly - UPPCB",19-08-2024 20:00:00,28.359581,79.414455,NO2,2,5,2
India,Uttar_Pradesh,Bareilly,"Rajendra Nagar, Bareilly - UPPCB",19-08-2024 20:00:00,28.38910936,79.42963708,PM2.5,30,61,45
India,Uttar_Pradesh,Bareilly,"Rajendra Nagar, Bareilly - UPPCB",19-08-2024 20:00:00,28.38910936,79.42963708,NH3,1,6,1
India,Uttar_Pradesh,Firozabad,"Nagla Bhau, Firozabad - UPPCB",19-08-2024 20:00:00,27.168897,78.376960,PM10,21,69,40
India,Uttar_Pradesh,Firozabad,"Nagla Bhau, Firozabad - UPPCB",19-08-2024 20:00:00,27.168897,78.376960,OZONE,16,18,17
India,Uttar_Pradesh,Firozabad,"Vibhab Nagar, Firozabad - UPPCB",19-08-2024 20:00:00,27.1594,78.3953,CO,12,26,14
India,Uttar_Pradesh,Ghaziabad,"Indirapuram, Ghaziabad - UPPCB",19-08-2024 20:00:00,28.646233,77.358075,PM2.5,23,99,52
India,Uttar_Pradesh,Ghaziabad,"Sanjay Nagar, Ghaziabad - UPPCB",19-08-2024 20:00:00,28.685382,77.453839,SO2,8,28,20
India,Uttar_Pradesh,Ghaziabad,"Sanjay Nagar, Ghaziabad - UPPCB",19-08-2024 20:00:00,28.685382,77.453839,CO,14,49,31
India,Uttar_Pradesh,Ghaziabad,"Vasundhara, Ghaziabad - UPPCB",19-08-2024 20:00:00,28.6603346,77.3572563,PM10,48,138,93
India,Uttar_Pradesh,Ghaziabad,"Vasundhara, Ghaziabad - UPPCB",19-08-2024 20:00:00,28.6603346,77.3572563,SO2,1,9,3
India,Uttar_Pradesh,Gorakhpur,"Madan Mohan Malaviya University of Technology, Gorakhpur - UPPCB",19-08-2024 20:00:00,26.730136,83.433859,PM10,35,90,62
India,Uttar_Pradesh,Gorakhpur,"Madan Mohan Malaviya University of Technology, Gorakhpur - UPPCB",19-08-2024 20:00:00,26.730136,83.433859,NH3,1,1,1
India,Uttar_Pradesh,Gorakhpur,"Madan Mohan Malaviya University of Technology, Gorakhpur - UPPCB",19-08-2024 20:00:00,26.730136,83.433859,CO,2,10,6
India,Uttar_Pradesh,Greater Noida,"Knowledge Park - V, Greater Noida - UPPCB",19-08-2024 20:00:00,28.557054,77.453663,SO2,4,12,9
India,Uttar_Pradesh,Hapur,"Anand Vihar, Hapur - UPPCB",19-08-2024 20:00:00,28.725645,77.749675,NO2,10,66,26
India,Uttar_Pradesh,Hapur,"Anand Vihar, Hapur - UPPCB",19-08-2024 20:00:00,28.725645,77.749675,OZONE,3,15,12
India,Uttar_Pradesh,Kanpur,"FTI Kidwai Nagar, Kanpur - UPPCB",19-08-2024 20:00:00,26.428282,80.327067,CO,28,54,30
India,Uttar_Pradesh,Kanpur,"FTI Kidwai Nagar, Kanpur - UPPCB",19-08-2024 20:00:00,26.428282,80.327067,OZONE,11,28,23
India,Uttar_Pradesh,Kanpur,"NSI Kalyanpur, Kanpur - UPPCB",19-08-2024 20:00:00,26.509954,80.249612,NH3,1,1,1
India,Uttar_Pradesh,Kanpur,"NSI Kalyanpur, Kanpur - UPPCB",19-08-2024 20:00:00,26.509954,80.249612,SO2,20,26,22
India,Uttar_Pradesh,Kanpur,"NSI Kalyanpur, Kanpur - UPPCB",19-08-2024 20:00:00,26.509954,80.249612,OZONE,12,59,36
India,Uttar_Pradesh,Lucknow,"B R Ambedkar University, Lucknow - UPPCB",19-08-2024 20:00:00,26.766433,80.927299,PM2.5,15,70,40
India,Uttar_Pradesh,Lucknow,"B R Ambedkar University, Lucknow - UPPCB",19-08-2024 20:00:00,26.766433,80.927299,SO2,14,14,14
India,Uttar_Pradesh,Lucknow,"Gomti Nagar, Lucknow - UPPCB",19-08-2024 20:00:00,26.868120,81.005119,OZONE,38,48,44
India,Uttar_Pradesh,Lucknow,"Kendriya Vidyalaya, Lucknow - CPCB",19-08-2024 20:00:00,26.906111,80.948222,OZONE,6,41,32
India,Uttar_Pradesh,Lucknow,"Lalbagh, Lucknow - CPCB",19-08-2024 20:00:00,26.8458805,80.9365541,NO2,19,47,33
India,Uttar_Pradesh,Lucknow,"Lalbagh, Lucknow - CPCB",19-08-2024 20:00:00,26.8458805,80.9365541,SO2,2,18,11
India,Uttar_Pradesh,Lucknow,"Talkatora District Industries Center, Lucknow - CPCB",19-08-2024 20:00:00,26.83399722,80.8917361,PM10,66,108,85
India,Uttar_Pradesh,Lucknow,"Talkatora District Industries Center, Lucknow - CPCB",19-08-2024 20:00:00,26.83399722,80.8917361,SO2,8,12,10
India,Uttar_Pradesh,Lucknow,"Talkatora District Industries Center, Lucknow - CPCB",19-08-2024 20:00:00,26.83399722,80.8917361,OZONE,2,81,48
India,Uttar_Pradesh,Meerut,"Ganga Nagar, Meerut - UPPCB",19-08-2024 20:00:00,28.999264,77.7590354,PM10,34,104,68
India,Uttar_Pradesh,Meerut,"Ganga Nagar, Meerut - UPPCB",19-08-2024 20:00:00,28.999264,77.7590354,CO,37,62,44
India,Uttar_Pradesh,Meerut,"Jai Bhim Nagar, Meerut - UPPCB",19-08-2024 20:00:00,28.9535882,77.7622941,PM10,38,140,89
India,Uttar_Pradesh,Meerut,"Jai Bhim Nagar, Meerut - UPPCB",19-08-2024 20:00:00,28.9535882,77.7622941,CO,23,56,30
India,Uttar_Pradesh,Meerut,"Pallavpuram Phase 2, Meerut - UPPCB",19-08-2024 20:00:00,29.063510,77.709723,NH3,6,13,9
India,Uttar_Pradesh,Moradabad,"Eco Herbal Park, Moradabad - UPPCB",19-08-2024 20:00:00,28.840739,78.697531,NO2,6,21,11
India,Uttar_Pradesh,Moradabad,"Employment Office, Moradabad - UPPCB",19-08-2024 20:00:00,28.88528,78.73880,PM10,22,52,33
India,Uttar_Pradesh,Moradabad,"Employment Office, Moradabad - UPPCB",19-08-2024 20:00:00,28.88528,78.73880,OZONE,16,32,22
India,Uttar_Pradesh,Moradabad,"Jigar Colony, Moradabad - UPPCB",19-08-2024 20:00:00,28.856664,78.772638,NO2,15,17,17
India,Uttar_Pradesh,Moradabad,"Jigar Colony, Moradabad - UPPCB",19-08-2024 20:00:00,28.856664,78.772638,SO2,23,34,27
India,Uttar_Pradesh,Moradabad,"Kashiram Nagar, Moradabad - UPPCB",19-08-2024 20:00:00,28.849399,78.742362,NH3,4,4,4
India,Uttar_Pradesh,Moradabad,"Transport Nagar, Moradabad - UPPCB",19-08-2024 20:00:00,28.802625,78.753728,PM10,19,53,34
India,Uttar_Pradesh,Moradabad,"Transport Nagar, Moradabad - UPPCB",19-08-2024 20:00:00,28.802625,78.753728,SO2,23,28,25
India,Uttar_Pradesh,Muzaffarnagar,"New Mandi, Muzaffarnagar - UPPCB",19-08-2024 20:00:00,29.4723508,77.7194031,PM2.5,39,178,80
India,Uttar_Pradesh,Muzaffarnagar,"New Mandi, Muzaffarnagar - UPPCB",19-08-2024 20:00:00,29.4723508,77.7194031,NO2,14,20,17
India,Uttar_Pradesh,Muzaffarnagar,"New Mandi, Muzaffarnagar - UPPCB",19-08-2024 20:00:00,29.4723508,77.7194031,NH3,8,8,8
India,Uttar_Pradesh,Noida,"Sector - 125, Noida - UPPCB",19-08-2024 20:00:00,28.5447608,77.3231257,PM10,58,131,98
India,Uttar_Pradesh,Noida,"Sector - 62, Noida - IMD",19-08-2024 20:00:00,28.6245479,77.3577104,PM2.5,23,80,45
India,Uttar_Pradesh,Noida,"Sector - 62, Noida - IMD",19-08-2024 20:00:00,28.6245479,77.3577104,PM10,42,141,76
India,Uttar_Pradesh,Noida,"Sector - 62, Noida - IMD",19-08-2024 20:00:00,28.6245479,77.3577104,CO,36,92,42
India,Uttar_Pradesh,Noida,"Sector - 62, Noida - IMD",19-08-2024 20:00:00,28.6245479,77.3577104,OZONE,12,52,44
India,Uttar_Pradesh,Noida,"Sector-1, Noida - UPPCB",19-08-2024 20:00:00,28.5898,77.3101,SO2,9,13,11
India,Uttar_Pradesh,Noida,"Sector-1, Noida - UPPCB",19-08-2024 20:00:00,28.5898,77.3101,CO,2,72,5
India,Uttar_Pradesh,Noida,"Sector-116, Noida - UPPCB",19-08-2024 20:00:00,28.569230,77.393848,PM10,50,132,88
India,Uttar_Pradesh,Noida,"Sector-116, Noida - UPPCB",19-08-2024 20:00:00,28.569230,77.393848,SO2,18,34,25
India,Uttar_Pradesh,Noida,"Sector-116, Noida - UPPCB",19-08-2024 20:00:00,28.569230,77.393848,CO,20,70,39
India,Uttar_Pradesh,Prayagraj,"Motilal Nehru NIT, Prayagraj - UPPCB",19-08-2024 20:00:00,25.494,81.863,PM2.5,5,14,9
India,Uttar_Pradesh,Prayagraj,"Nagar Nigam, Prayagraj - UPPCB",19-08-2024 20:00:00,25.44919916 ,81.82735986 ,PM10,12,57,24
India,Uttar_Pradesh,Varanasi,"Ardhali Bazar, Varanasi - UPPCB",19-08-2024 20:00:00,25.3505986,82.9083074,PM10,NA,NA,NA
India,Uttar_Pradesh,Varanasi,"Bhelupur, Varanasi - UPPCB",19-08-2024 20:00:00,25.301778,82.996789,CO,8,28,15
India,Uttar_Pradesh,Varanasi,"Bhelupur, Varanasi - UPPCB",19-08-2024 20:00:00,25.301778,82.996789,OZONE,2,17,10
India,Uttar_Pradesh,Varanasi,"IESD Banaras Hindu University, Varanasi - UPPCB",19-08-2024 20:00:00,25.262326,82.995408,PM10,9,53,28
India,Uttar_Pradesh,Varanasi,"IESD Banaras Hindu University, Varanasi - UPPCB",19-08-2024 20:00:00,25.262326,82.995408,CO,5,14,7
India,Uttar_Pradesh,Varanasi,"Maldahiya, Varanasi - UPPCB",19-08-2024 20:00:00,25.32393,82.99687,PM2.5,15,50,33
India,Uttar_Pradesh,Varanasi,"Maldahiya, Varanasi - UPPCB",19-08-2024 20:00:00,25.32393,82.99687,NH3,NA,NA,NA
India,Uttar_Pradesh,Vrindavan,"Omex Eternity, Vrindavan - UPPCB",19-08-2024 20:00:00,27.5714090,77.6557570,NO2,12,12,12
India,Uttarakhand,Dehradun,"Doon University, Dehradun - UKPCB",19-08-2024 20:00:00,30.269444,78.044167,PM10,5,42,31
India,Uttarakhand,Dehradun,"Doon University, Dehradun - UKPCB",19-08-2024 20:00:00,30.269444,78.044167,SO2,1,1,1
India,Uttarakhand,Rishikesh,"Shivaji Nagar, Rishikesh - UKPCB",19-08-2024 20:00:00,30.075911,78.2859547,NO2,6,16,10
India,Uttarakhand,Rishikesh,"Shivaji Nagar, Rishikesh - UKPCB",19-08-2024 20:00:00,30.075911,78.2859547,NH3,1,3,2
India,Uttarakhand,Rishikesh,"Shivaji Nagar, Rishikesh - UKPCB",19-08-2024 20:00:00,30.075911,78.2859547,SO2,4,6,5
India,West_Bengal,Asansol,"Asansol Court Area, Asansol - WBPCB",19-08-2024 20:00:00,23.685297,86.945968,PM2.5,21,69,44
India,West_Bengal,Asansol,"Asansol Court Area, Asansol - WBPCB",19-08-2024 20:00:00,23.685297,86.945968,NO2,22,44,31
India,West_Bengal,Asansol,"Evelyn Lodge, Asansol - WBPCB",19-08-2024 20:00:00,23.6979360,86.9443950,NO2,18,38,26
India,West_Bengal,Asansol,"Mahabir Colliery, Asansol - WBPCB",19-08-2024 20:00:00,23.6181830,87.1057180,OZONE,6,54,38
India,West_Bengal,Asansol,"Trivenidevi Bhalotia College, Asansol - WBPCB",19-08-2024 20:00:00,23.616515,87.119133,NH3,1,2,1
India,West_Bengal,Durgapur,"PCBL Residential Complex, Durgapur - WBPCB",19-08-2024 20:00:00,23.5087640,87.3544400,PM10,28,68,49
India,West_Bengal,Durgapur,"PCBL Residential Complex, Durgapur - WBPCB",19-08-2024 20:00:00,23.5087640,87.3544400,NO2,6,39,14
India,West_Bengal,Durgapur,"PCBL Residential Complex, Durgapur - WBPCB",19-08-2024 20:00:00,23.5087640,87.3544400,SO2,3,4,4
India,West_Bengal,Durgapur,"Sidhu Kanhu Indoor Stadium, Durgapur - WBPCB",19-08-2024 20:00:00,23.5404352,87.2892225,CO,14,34,21
India,West_Bengal,Howrah,"Belur Math, Howrah - WBPCB",19-08-2024 20:00:00,22.629801,88.352017,SO2,8,10,9
India,West_Bengal,Howrah,"Belur Math, Howrah - WBPCB",19-08-2024 20:00:00,22.629801,88.352017,CO,4,26,12
India,West_Bengal,Howrah,"Botanical Garden, Howrah - WBPCB",19-08-2024 20:00:00,22.554954,88.292568,PM2.5,23,67,43
India,West_Bengal,Howrah,"Ghusuri, Howrah - WBPCB",19-08-2024 20:00:00,22.611968,88.347422,NO2,21,22,22
India,West_Bengal,Howrah,"Ghusuri, Howrah - WBPCB",19-08-2024 20:00:00,22.611968,88.347422,CO,4,34,16
India,West_Bengal,Kolkata,"Bidhannagar, Kolkata - WBPCB",19-08-2024 20:00:00,22.58157048,88.41002457,NH3,6,7,7
India,West_Bengal,Kolkata,"Fort William, Kolkata - WBPCB",19-08-2024 20:00:00,22.556640,88.342674,NH3,6,6,6
India,West_Bengal,Kolkata,"Fort William, Kolkata - WBPCB",19-08-2024 20:00:00,22.556640,88.342674,CO,18,44,30
India,West_Bengal,Kolkata,"Jadavpur, Kolkata - WBPCB",19-08-2024 20:00:00,22.49929,88.36917,PM2.5,NA,NA,NA
India,West_Bengal,Kolkata,"Jadavpur, Kolkata - WBPCB",19-08-2024 20:00:00,22.49929,88.36917,SO2,4,6,5
India,West_Bengal,Kolkata,"Rabindra Bharati University, Kolkata - WBPCB",19-08-2024 20:00:00,22.627847,88.380669,PM2.5,13,26,19
India,West_Bengal,Kolkata,"Rabindra Bharati University, Kolkata - WBPCB",19-08-2024 20:00:00,22.627847,88.380669,NH3,7,10,8
India,West_Bengal,Kolkata,"Rabindra Sarobar, Kolkata - WBPCB",19-08-2024 20:00:00,22.51106,88.35142,PM2.5,26,44,34
India,West_Bengal,Kolkata,"Victoria, Kolkata - WBPCB",19-08-2024 20:00:00,22.5448082,88.3403691,PM2.5,27,41,33
India,West_Bengal,Kolkata,"Victoria, Kolkata - WBPCB",19-08-2024 20:00:00,22.5448082,88.3403691,PM10,38,56,46
India,West_Bengal,Kolkata,"Victoria, Kolkata - WBPCB",19-08-2024 20:00:00,22.5448082,88.3403691,NO2,19,44,21
India,West_Bengal,Kolkata,"Victoria, Kolkata - WBPCB",19-08-2024 20:00:00,22.5448082,88.3403691,CO,26,49,37
India,Andhra_Pradesh,Amaravati,"Secretariat, Amaravati - APPCB",19-08-2024 20:00:00,16.5150833,80.5181667,PM10,15,46,33
India,Andhra_Pradesh,Amaravati,"Secretariat, Amaravati - APPCB",19-08-2024 20:00:00,16.5150833,80.5181667,NO2,34,45,37
India,Andhra_Pradesh,Amaravati,"Secretariat, Amaravati - APPCB",19-08-2024 20:00:00,16.5150833,80.5181667,NH3,1,2,1
India,Andhra_Pradesh,Amaravati,"Secretariat, Amaravati - APPCB",19-08-2024 20:00:00,16.5150833,80.5181667,OZONE,9,12,10
India,Andhra_Pradesh,Anantapur,"Gulzarpet, Anantapur - APPCB",19-08-2024 20:00:00,14.675886,77.593027,PM2.5,33,102,58
India,Andhra_Pradesh,Anantapur,"Gulzarpet, Anantapur - APPCB",19-08-2024 20:00:00,14.675886,77.593027,OZONE,5,21,15
India,Andhra_Pradesh,Kadapa,"Yerramukkapalli, Kadapa - APPCB",19-08-2024 20:00:00,14.465052,78.824187,NO2,NA,NA,NA
India,Andhra_Pradesh,Kadapa,"Yerramukkapalli, Kadapa - APPCB",19-08-2024 20:00:00,14.465052,78.824187,SO2,NA,NA,NA
India,Andhra_Pradesh,Kadapa,"Yerramukkapalli, Kadapa - APPCB",19-08-2024 20:00:00,14.465052,78.824187,CO,28,46,38
India,Andhra_Pradesh,Rajamahendravaram,"Anand Kala Kshetram, Rajamahendravaram - APPCB",19-08-2024 20:00:00,16.9872867,81.7363176,PM2.5,5,25,13
India,Andhra_Pradesh,Rajamahendravaram,"Anand Kala Kshetram, Rajamahendravaram - APPCB",19-08-2024 20:00:00,16.9872867,81.7363176,NO2,10,24,17
India,Andhra_Pradesh,Rajamahendravaram,"Anand Kala Kshetram, Rajamahendravaram - APPCB",19-08-2024 20:00:00,16.9872867,81.7363176,NH3,2,4,3
India,Andhra_Pradesh,Tirupati,"Tirumala, Tirupati - APPCB",19-08-2024 20:00:00,13.67,79.35,CO,18,30,23
India,Andhra_Pradesh,Tirupati,"Vaikuntapuram, Tirupati - APPCB",19-08-2024 20:00:00,13.615387,79.409230,SO2,4,5,4
India,Andhra_Pradesh,Vijayawada,"HB Colony, Vijayawada - APPCB",19-08-2024 20:00:00,16.536107,80.594233,NO2,3,11,6
India,Andhra_Pradesh,Vijayawada,"HB Colony, Vijayawada - APPCB",19-08-2024 20:00:00,16.536107,80.594233,OZONE,6,47,16
India,Andhra_Pradesh,Vijayawada,"Kanuru, Vijayawada - APPCB",19-08-2024 20:00:00,16.486692,80.699436,CO,8,16,10
India,Andhra_Pradesh,Visakhapatnam,"GVM Corporation, Visakhapatnam - APPCB",19-08-2024 20:00:00,17.72,83.3,NO2,35,62,44
India,Andhra_Pradesh,Visakhapatnam,"GVM Corporation, Visakhapatnam - APPCB",19-08-2024 20:00:00,17.72,83.3,SO2,4,12,8
India,Arunachal_Pradesh,Naharlagun,"Naharlagun, Naharlagun - APSPCB",19-08-2024 20:00:00,27.103358,93.679645,PM10,NA,NA,NA
India,Arunachal_Pradesh,Naharlagun,"Naharlagun, Naharlagun - APSPCB",19-08-2024 20:00:00,27.103358,93.679645,SO2,NA,NA,NA
India,Arunachal_Pradesh,Naharlagun,"Naharlagun, Naharlagun - APSPCB",19-08-2024 20:00:00,27.103358,93.679645,CO,6,13,9
India,Assam,Byrnihat,"Central Academy for SFS, Byrnihat - PCBA",19-08-2024 20:00:00,26.071318,91.87488,PM2.5,46,179,59
India,Assam,Guwahati,"Pan Bazaar, Guwahati - PCBA",19-08-2024 20:00:00,26.187500,91.744194,PM10,3,44,13
India,Assam,Guwahati,"Railway Colony, Guwahati - PCBA",19-08-2024 20:00:00,26.181742,91.78063,OZONE,3,5,3
India,Assam,Nagaon,"Christianpatty, Nagaon - PCBA",19-08-2024 20:00:00,26.349082,92.68449,PM10,20,24,21
India,Assam,Nagaon,"Christianpatty, Nagaon - PCBA",19-08-2024 20:00:00,26.349082,92.68449,SO2,10,10,10
India,Assam,Nalbari,"Bata Chowk, Nalbari - PCBA",19-08-2024 20:00:00,26.446912,91.439057,PM10,21,123,64
India,Assam,Silchar,"Tarapur, Silchar - PCBA",19-08-2024 20:00:00,24.82827,92.79525,OZONE,NA,NA,NA
India,Assam,Sivasagar,"Girls College, Sivasagar - PCBA",19-08-2024 20:00:00,26.987634,94.636574,PM2.5,31,52,38
India,Bihar,Araria,"Kharahiya Basti, Araria - BSPCB",19-08-2024 20:00:00,26.146529,87.454184,PM10,53,105,75
India,Bihar,Arrah,"New DM Office, Arrah - BSPCB",19-08-2024 20:00:00,25.5626095,84.663264,NH3,1,2,2
India,Bihar,Aurangabad,"Gurdeo Nagar, Aurangabad - BSPCB",19-08-2024 20:00:00,24.75746,84.366208,PM2.5,7,72,23
India,Bihar,Aurangabad,"Gurdeo Nagar, Aurangabad - BSPCB",19-08-2024 20:00:00,24.75746,84.366208,NO2,11,11,11
India,Bihar,Begusarai,"Lohiyanagar, Begusarai - BSPCB (Formerly known as DRCC Anandpur)",19-08-2024 20:00:00,25.42742023,86.13886079,PM10,1,40,17
India,Bihar,Begusarai,"Lohiyanagar, Begusarai - BSPCB (Formerly known as DRCC Anandpur)",19-08-2024 20:00:00,25.42742023,86.13886079,NO2,35,53,45
India,Bihar,Bhagalpur,"DM Office_Kachari Chowk, Bhagalpur - BSPCB",19-08-2024 20:00:00,25.251013,86.989001,CO,18,101,60
India,Bihar,Bhagalpur,"Mayaganj, Bhagalpur - BSPCB",19-08-2024 20:00:00,25.265194,87.012947,NH3,5,5,5
India,Bihar,Bhagalpur,"Mayaganj, Bhagalpur - BSPCB",19-08-2024 20:00:00,25.265194,87.012947,SO2,29,33,31
India,Bihar,Bhagalpur,"Mayaganj, Bhagalpur - BSPCB",19-08-2024 20:00:00,25.265194,87.012947,CO,17,70,22
India,Bihar,Bihar Sharif,"D M Colony, Bihar Sharif - BSPCB",19-08-2024 20:00:00,25.204762,85.514960,NO2,10,45,24
India,Bihar,Bihar Sharif,"D M Colony, Bihar Sharif - BSPCB",19-08-2024 20:00:00,25.204762,85.514960,SO2,2,5,3
India,Bihar,Buxar,"Charitra Van, Buxar - BSPCB (Formerly known as Central Jail)",19-08-2024 20:00:00,25.567520,83.966379,PM10,60,145,107
India,Bihar,Buxar,"Charitra Van, Buxar - BSPCB (Formerly known as Central Jail)",19-08-2024 20:00:00,25.567520,83.966379,NH3,1,1,1
India,Bihar,Chhapra,"Darshan Nagar, Chhapra - BSPCB",19-08-2024 20:00:00,25.7808257,84.7446768,PM10,9,119,43
India,Bihar,Chhapra,"Darshan Nagar, Chhapra - BSPCB",19-08-2024 20:00:00,25.7808257,84.7446768,NH3,11,28,17
India,Bihar,Gaya,"Collectorate, Gaya - BSPCB",19-08-2024 20:00:00,24.7955,84.9994,PM2.5,11,179,51
India,Bihar,Gaya,"Collectorate, Gaya - BSPCB",19-08-2024 20:00:00,24.7955,84.9994,NO2,4,7,5
India,Bihar,Gaya,"Collectorate, Gaya - BSPCB",19-08-2024 20:00:00,24.7955,84.9994,OZONE,19,21,20
India,Bihar,Gaya,"SFTI Kusdihra, Gaya - BSPCB",19-08-2024 20:00:00,24.762518,84.982348,NO2,6,16,10
India,Bihar,Katihar,"Mirchaibari, Katihar - BSPCB",19-08-2024 20:00:00,25.560083,87.553265,PM2.5,NA,NA,NA
India,Bihar,Katihar,"Mirchaibari, Katihar - BSPCB",19-08-2024 20:00:00,25.560083,87.553265,NO2,NA,NA,NA
India,Bihar,Katihar,"Mirchaibari, Katihar - BSPCB",19-08-2024 20:00:00,25.560083,87.553265,SO2,NA,NA,NA
India,Bihar,Kishanganj,"SDM Office_Khagra, Kishanganj - BSPCB",19-08-2024 20:00:00,26.0881305,87.93840336,CO,6,6,6
India,Bihar,Manguraha,"Forest Rest House, Manguraha - BSPCB",19-08-2024 20:00:00,27.308328,84.531742,NH3,1,3,2
India,Bihar,Motihari,"Gandak Colony, Motihari - BSPCB",19-08-2024 20:00:00,26.63086,84.90051,PM2.5,7,167,42
India,Bihar,Motihari,"Gandak Colony, Motihari - BSPCB",19-08-2024 20:00:00,26.63086,84.90051,NH3,1,7,2
India,Bihar,Motihari,"Gandak Colony, Motihari - BSPCB",19-08-2024 20:00:00,26.63086,84.90051,SO2,3,48,17
India,Bihar,Munger,"Town Hall, Munger - BSPCB",19-08-2024 20:00:00,25.376776,86.471523,PM10,NA,NA,NA
India,Bihar,Munger,"Town Hall, Munger - BSPCB",19-08-2024 20:00:00,25.376776,86.471523,NO2,NA,NA,NA
India,Bihar,Munger,"Town Hall, Munger - BSPCB",19-08-2024 20:00:00,25.376776,86.471523,OZONE,NA,NA,NA
India,Bihar,Muzaffarpur,"Buddha Colony, Muzaffarpur - BSPCB",19-08-2024 20:00:00,26.11442,85.39813,PM10,21,52,33
India,Bihar,Muzaffarpur,"Buddha Colony, Muzaffarpur - BSPCB",19-08-2024 20:00:00,26.11442,85.39813,CO,15,36,23
India,Bihar,Muzaffarpur,"MIT-Daudpur Kothi, Muzaffarpur - BSPCB",19-08-2024 20:00:00,26.1403345,85.3650192,SO2,4,8,6
India,Bihar,Patna,"DRM Office Danapur, Patna - BSPCB",19-08-2024 20:00:00,25.586562,85.043586,SO2,2,14,8
India,Bihar,Patna,"Govt. High School Shikarpur, Patna - BSPCB",19-08-2024 20:00:00,25.592539,85.227158,PM2.5,25,197,47
India,Bihar,Patna,"Govt. High School Shikarpur, Patna - BSPCB",19-08-2024 20:00:00,25.592539,85.227158,CO,39,76,61
India,Bihar,Patna,"IGSC Planetarium Complex, Patna - BSPCB",19-08-2024 20:00:00,25.610369,85.132568,NO2,13,13,13
India,Bihar,Patna,"IGSC Planetarium Complex, Patna - BSPCB",19-08-2024 20:00:00,25.610369,85.132568,SO2,8,10,9
India,Bihar,Patna,"Muradpur, Patna - BSPCB",19-08-2024 20:00:00,25.619651,85.147382,NO2,9,15,12
India,Bihar,Patna,"Rajbansi Nagar, Patna - BSPCB",19-08-2024 20:00:00,25.599486,85.113666,NO2,5,36,16
India,Bihar,Patna,"Rajbansi Nagar, Patna - BSPCB",19-08-2024 20:00:00,25.599486,85.113666,CO,20,93,48
India,Bihar,Patna,"Rajbansi Nagar, Patna - BSPCB",19-08-2024 20:00:00,25.599486,85.113666,OZONE,2,17,8
India,Bihar,Patna,"Samanpura, Patna - BSPCB",19-08-2024 20:00:00,25.596727,85.085624,NH3,8,19,12
India,Bihar,Patna,"Samanpura, Patna - BSPCB",19-08-2024 20:00:00,25.596727,85.085624,OZONE,40,79,63
India,Bihar,Purnia,"Mariam Nagar, Purnia - BSPCB",19-08-2024 20:00:00,25.366336,87.117468,CO,13,76,50
India,Bihar,Rajgir,"Dangi Tola, Rajgir - BSPCB",19-08-2024 20:00:00,25.03280,85.41948,NO2,2,3,3
India,Bihar,Rajgir,"Dangi Tola, Rajgir - BSPCB",19-08-2024 20:00:00,25.03280,85.41948,NH3,2,2,2
India,Bihar,Samastipur,"DM Office_Kasipur, Samastipur - BSPCB",19-08-2024 20:00:00,25.859655,85.77944,PM2.5,2,52,15
India,Chandigarh,Chandigarh,"Sector 22, Chandigarh - CPCC",19-08-2024 20:00:00,30.735567,76.775714,PM2.5,2,65,18
India,Chandigarh,Chandigarh,"Sector-25, Chandigarh - CPCC",19-08-2024 20:00:00,30.751462,76.762879,PM10,NA,NA,NA
India,Chandigarh,Chandigarh,"Sector-25, Chandigarh - CPCC",19-08-2024 20:00:00,30.751462,76.762879,SO2,NA,NA,NA
India,Chandigarh,Chandigarh,"Sector-53, Chandigarh - CPCC",19-08-2024 20:00:00,30.719859,76.738637,PM10,17,186,57
India,Chandigarh,Chandigarh,"Sector-53, Chandigarh - CPCC",19-08-2024 20:00:00,30.719859,76.738637,SO2,5,11,8
India,Chandigarh,Chandigarh,"Sector-53, Chandigarh - CPCC",19-08-2024 20:00:00,30.719859,76.738637,CO,26,62,50
India,Chhattisgarh,Bhilai,"32Bungalows, Bhilai - CECB",19-08-2024 20:00:00,21.194815,81.314770,PM2.5,17,50,29
India,Chhattisgarh,Bhilai,"Hathkhoj, Bhilai - CECB",19-08-2024 20:00:00,21.224231,81.408350,NH3,5,6,5
India,Chhattisgarh,Bilaspur,"Mangala, Bilaspur - NTPC",19-08-2024 20:00:00,22.08815,82.13737,PM10,6,53,20
India,Chhattisgarh,Chhal,"Nawapara SECL Colony, Chhal - CECB",19-08-2024 20:00:00,22.118125,83.140608,PM2.5,12,73,33
India,Chhattisgarh,Chhal,"Nawapara SECL Colony, Chhal - CECB",19-08-2024 20:00:00,22.118125,83.140608,PM10,13,83,43
India,Chhattisgarh,Chhal,"Nawapara SECL Colony, Chhal - CECB",19-08-2024 20:00:00,22.118125,83.140608,NO2,11,58,23
India,Chhattisgarh,Kunjemura,"OP Jindal School, Kunjemura - CECB",19-08-2024 20:00:00,22.126650,83.483212,SO2,4,9,6
India,Chhattisgarh,Raipur,"AIIMS, Raipur - CECB",19-08-2024 20:00:00,21.258815,81.578979,PM2.5,9,40,21
India,Chhattisgarh,Raipur,"Bhatagaon New ISBT, Raipur - CECB",19-08-2024 20:00:00,21.219665,81.630094,OZONE,3,14,6
India,Chhattisgarh,Raipur,"Siltara Phase-II, Raipur - CECB",19-08-2024 20:00:00,21.371751,81.664929,PM2.5,6,46,25
India,Chhattisgarh,Raipur,"Siltara Phase-II, Raipur - CECB",19-08-2024 20:00:00,21.371751,81.664929,NH3,3,3,3
India,Chhattisgarh,Raipur,"Siltara Phase-II, Raipur - CECB",19-08-2024 20:00:00,21.371751,81.664929,CO,12,34,21
India,Delhi,Delhi,"Alipur, Delhi - DPCC",19-08-2024 20:00:00,28.815329,77.153010,OZONE,19,26,24
India,Delhi,Delhi,"Ashok Vihar, Delhi - DPCC",19-08-2024 20:00:00,28.695381,77.181665,OZONE,8,61,33
India,Delhi,Delhi,"Aya Nagar, Delhi - IMD",19-08-2024 20:00:00,28.4706914,77.1099364,NO2,5,10,7
India,Delhi,Delhi,"Aya Nagar, Delhi - IMD",19-08-2024 20:00:00,28.4706914,77.1099364,CO,16,40,25
India,Delhi,Delhi,"Bawana, Delhi - DPCC",19-08-2024 20:00:00,28.776200,77.051074,NH3,5,12,8
India,Delhi,Delhi,"Bawana, Delhi - DPCC",19-08-2024 20:00:00,28.776200,77.051074,SO2,1,4,3
India,Delhi,Delhi,"Burari Crossing, Delhi - IMD",19-08-2024 20:00:00,28.7256504,77.2011573,PM10,37,111,76
India,Delhi,Delhi,"Burari Crossing, Delhi - IMD",19-08-2024 20:00:00,28.7256504,77.2011573,OZONE,16,25,22
India,Delhi,Delhi,"Dr. Karni Singh Shooting Range, Delhi - DPCC",19-08-2024 20:00:00,28.498571,77.264840,NO2,26,43,32
India,Delhi,Delhi,"Dr. Karni Singh Shooting Range, Delhi - DPCC",19-08-2024 20:00:00,28.498571,77.264840,CO,34,82,48
India,Delhi,Delhi,"Dwarka-Sector 8, Delhi - DPCC ",19-08-2024 20:00:00,28.5710274,77.0719006,SO2,9,13,10
India,Delhi,Delhi,"IGI Airport (T3), Delhi - IMD",19-08-2024 20:00:00,28.5627763,77.1180053,NO2,16,34,22
India,Delhi,Delhi,"ITO, Delhi - CPCB",19-08-2024 20:00:00,28.628624,77.241060,PM10,NA,NA,NA
India,Delhi,Delhi,"Jahangirpuri, Delhi - DPCC",19-08-2024 20:00:00,28.732820,77.170633,PM10,57,230,126
India,Delhi,Delhi,"Jahangirpuri, Delhi - DPCC",19-08-2024 20:00:00,28.732820,77.170633,NO2,1,32,13
India,Delhi,Delhi,"Jahangirpuri, Delhi - DPCC",19-08-2024 20:00:00,28.732820,77.170633,OZONE,33,46,41
India,Delhi,Delhi,"Jawaharlal Nehru Stadium, Delhi - DPCC",19-08-2024 20:00:00,28.580280,77.233829,CO,19,91,23
India,Delhi,Delhi,"Mandir Marg, Delhi - DPCC",19-08-2024 20:00:00,28.636429,77.201067,CO,NA,NA,NA
India,Delhi,Delhi,"Mundka, Delhi - DPCC",19-08-2024 20:00:00,28.684678,77.076574,NO2,18,38,26
India,Delhi,Delhi,"NSIT Dwarka, Delhi - CPCB",19-08-2024 20:00:00,28.60909,77.0325413,NO2,9,25,17
India,Delhi,Delhi,"NSIT Dwarka, Delhi - CPCB",19-08-2024 20:00:00,28.60909,77.0325413,CO,30,74,47
India,Delhi,Delhi,"Najafgarh, Delhi - DPCC",19-08-2024 20:00:00,28.570173,76.933762,OZONE,25,52,43
India,Delhi,Delhi,"Nehru Nagar, Delhi - DPCC",19-08-2024 20:00:00,28.567890,77.250515,NH3,5,13,7
India,Delhi,Delhi,"New Moti Bagh, Delhi - MHUA",19-08-2024 20:00:00,28.57834,77.18400,PM2.5,12,64,26
India,Delhi,Delhi,"North Campus, DU, Delhi - IMD",19-08-2024 20:00:00,28.6573814,77.1585447,PM2.5,2,85,49
India,Delhi,Delhi,"Okhla Phase-2, Delhi - DPCC",19-08-2024 20:00:00,28.530785,77.271255,PM2.5,12,70,35
India,Delhi,Delhi,"Okhla Phase-2, Delhi - DPCC",19-08-2024 20:00:00,28.530785,77.271255,NO2,41,93,56
India,Delhi,Delhi,"Okhla Phase-2, Delhi - DPCC",19-08-2024 20:00:00,28.530785,77.271255,OZONE,11,44,30
India,Delhi,Delhi,"Patparganj, Delhi - DPCC",19-08-2024 20:00:00,28.623763,77.287209,NH3,5,8,6
India,Delhi,Delhi,"Punjabi Bagh, Delhi - DPCC",19-08-2024 20:00:00,28.674045,77.131023,NH3,3,10,6
India,Delhi,Delhi,"Punjabi Bagh, Delhi - DPCC",19-08-2024 20:00:00,28.674045,77.131023,CO,28,55,31
India,Delhi,Delhi,"Pusa, Delhi - IMD",19-08-2024 20:00:00,28.636110,77.173332,NO2,5,15,9
India,Delhi,Delhi,"R K Puram, Delhi - DPCC",19-08-2024 20:00:00,28.563262,77.186937,NO2,5,29,16
India,Delhi,Delhi,"R K Puram, Delhi - DPCC",19-08-2024 20:00:00,28.563262,77.186937,NH3,3,5,4
India,Delhi,Delhi,"Rohini, Delhi - DPCC",19-08-2024 20:00:00,28.732528,77.119920,OZONE,10,19,13
India,Delhi,Delhi,"Shadipur, Delhi - CPCB",19-08-2024 20:00:00,28.6514781,77.1473105,SO2,12,27,18
India,Delhi,Delhi,"Sirifort, Delhi - CPCB",19-08-2024 20:00:00,28.5504249,77.2159377,NH3,12,17,14
India,Delhi,Delhi,"Sirifort, Delhi - CPCB",19-08-2024 20:00:00,28.5504249,77.2159377,SO2,49,51,49
India,Delhi,Delhi,"Sonia Vihar, Delhi - DPCC",19-08-2024 20:00:00,28.710508,77.249485,PM2.5,15,107,50
India,Delhi,Delhi,"Sonia Vihar, Delhi - DPCC",19-08-2024 20:00:00,28.710508,77.249485,SO2,3,7,5
India,Delhi,Delhi,"Sonia Vihar, Delhi - DPCC",19-08-2024 20:00:00,28.710508,77.249485,CO,32,105,41
India,Delhi,Delhi,"Vivek Vihar, Delhi - DPCC",19-08-2024 20:00:00,28.672342,77.315260,OZONE,10,15,14
India,Delhi,Delhi,"Wazirpur, Delhi - DPCC",19-08-2024 20:00:00,28.699793,77.165453,CO,6,78,48
India,Delhi,Delhi,"Wazirpur, Delhi - DPCC",19-08-2024 20:00:00,28.699793,77.165453,OZONE,11,39,20
India,Gujarat,Ahmedabad,"Chandkheda, Ahmedabad - IITM",19-08-2024 20:00:00,23.107969,72.574648,PM2.5,34,60,46
India,Gujarat,Ahmedabad,"Chandkheda, Ahmedabad - IITM",19-08-2024 20:00:00,23.107969,72.574648,PM10,39,65,49
India,Gujarat,Ahmedabad,"Chandkheda, Ahmedabad - IITM",19-08-2024 20:00:00,23.107969,72.574648,OZONE,7,31,26
India,Gujarat,Ahmedabad,"Gyaspur, Ahmedabad - IITM",19-08-2024 20:00:00,22.977134,72.553024,PM10,NA,NA,NA
India,Gujarat,Ahmedabad,"Gyaspur, Ahmedabad - IITM",19-08-2024 20:00:00,22.977134,72.553024,SO2,NA,NA,NA
India,Gujarat,Ahmedabad,"Maninagar, Ahmedabad - GPCB",19-08-2024 20:00:00,23.002657,72.591912,NO2,16,21,19
India,Gujarat,Ahmedabad,"Raikhad, Ahmedabad - IITM",19-08-2024 20:00:00,23.020509,72.579261,NO2,13,102,20
India,Gujarat,Ahmedabad,"Rakhial, Ahmedabad - IITM",19-08-2024 20:00:00,23.016834,72.625775,NO2,17,30,22
India,Gujarat,Ahmedabad,"Rakhial, Ahmedabad - IITM",19-08-2024 20:00:00,23.016834,72.625775,SO2,24,27,25
India,Gujarat,Ahmedabad,"Rakhial, Ahmedabad - IITM",19-08-2024 20:00:00,23.016834,72.625775,OZONE,14,30,25
India,Gujarat,Ahmedabad,"SAC ISRO Satellite, Ahmedabad - IITM",19-08-2024 20:00:00,23.023389,72.515201,CO,20,34,22
India,Gujarat,Ahmedabad,"SVPI Airport Hansol, Ahmedabad - IITM",19-08-2024 20:00:00,23.076793,72.627874,NO2,20,42,25
India,Gujarat,Ahmedabad,"SVPI Airport Hansol, Ahmedabad - IITM",19-08-2024 20:00:00,23.076793,72.627874,CO,10,29,13
India,Gujarat,Ahmedabad,"Sardar Vallabhbhai Patel Stadium, Ahmedabad - IITM",19-08-2024 20:00:00,23.043070,72.562968,NH3,4,5,5
India,Gujarat,Ankleshwar,"GIDC, Ankleshwar - GPCB",19-08-2024 20:00:00,21.613267,73.010555,NO2,24,31,26
India,Gujarat,Ankleshwar,"GIDC, Ankleshwar - GPCB",19-08-2024 20:00:00,21.613267,73.010555,SO2,26,34,31
India,Gujarat,Ankleshwar,"GIDC, Ankleshwar - GPCB",19-08-2024 20:00:00,21.613267,73.010555,CO,36,54,41
India,Gujarat,Gandhinagar,"GIFT City, Gandhinagar - IITM",19-08-2024 20:00:00,23.163798,72.677768,PM10,39,111,70
India,Gujarat,Gandhinagar,"GIFT City, Gandhinagar - IITM",19-08-2024 20:00:00,23.163798,72.677768,NO2,NA,NA,NA
India,Gujarat,Gandhinagar,"GIFT City, Gandhinagar - IITM",19-08-2024 20:00:00,23.163798,72.677768,SO2,9,15,12
India,Gujarat,Gandhinagar,"Sector-10, Gandhinagar - GPCB",19-08-2024 20:00:00,23.221714,72.654328,PM2.5,32,72,49
India,Gujarat,Surat,"Science Center, Surat - SMC",19-08-2024 20:00:00,21.170046,72.795405,PM10,17,90,43
India,Gujarat,Vatva,"Phase-4 GIDC, Vatva - GPCB",19-08-2024 20:00:00,22.969611,72.643500,PM10,NA,NA,NA
India,Gujarat,Vatva,"Phase-4 GIDC, Vatva - GPCB",19-08-2024 20:00:00,22.969611,72.643500,NH3,2,4,2
India,Gujarat,Vatva,"Phase-4 GIDC, Vatva - GPCB",19-08-2024 20:00:00,22.969611,72.643500,CO,34,36,35
India,Haryana,Ambala,"Patti Mehar, Ambala - HSPCB",19-08-2024 20:00:00,30.379589,76.778328,PM2.5,38,77,55
India,Haryana,Ambala,"Patti Mehar, Ambala - HSPCB",19-08-2024 20:00:00,30.379589,76.778328,NH3,5,12,8
India,Haryana,Bahadurgarh,"Arya Nagar, Bahadurgarh - HSPCB",19-08-2024 20:00:00,28.6701,76.9254,PM2.5,NA,NA,NA
India,Haryana,Bahadurgarh,"Arya Nagar, Bahadurgarh - HSPCB",19-08-2024 20:00:00,28.6701,76.9254,NO2,NA,NA,NA
India,Haryana,Bahadurgarh,"Arya Nagar, Bahadurgarh - HSPCB",19-08-2024 20:00:00,28.6701,76.9254,SO2,NA,NA,NA
India,Haryana,Bahadurgarh,"Arya Nagar, Bahadurgarh - HSPCB",19-08-2024 20:00:00,28.6701,76.9254,CO,NA,NA,NA
India,Haryana,Ballabgarh,"Nathu Colony, Ballabgarh - HSPCB",19-08-2024 20:00:00,28.3419248,77.319699,PM2.5,30,77,52
India,Haryana,Ballabgarh,"Nathu Colony, Ballabgarh - HSPCB",19-08-2024 20:00:00,28.3419248,77.319699,PM10,69,121,89
India,Haryana,Charkhi Dadri,"Mini Secretariat, Charkhi Dadri - HSPCB",19-08-2024 20:00:00,28.593883,76.270653,PM2.5,48,201,88
India,Haryana,Charkhi Dadri,"Mini Secretariat, Charkhi Dadri - HSPCB",19-08-2024 20:00:00,28.593883,76.270653,CO,4,20,14
India,Haryana,Faridabad,"New Industrial Town, Faridabad - HSPCB",19-08-2024 20:00:00,28.39072,77.30059,PM10,57,62,60
India,Haryana,Faridabad,"Sector 11, Faridabad - HSPCB",19-08-2024 20:00:00,28.376058,77.315741,NO2,31,33,32
India,Haryana,Faridabad,"Sector 30, Faridabad - HSPCB",19-08-2024 20:00:00,28.4417,77.3217,CO,32,48,40
India,Haryana,Fatehabad,"Huda Sector, Fatehabad - HSPCB",19-08-2024 20:00:00,29.503664,75.467934,PM2.5,29,30,30
India,Haryana,Fatehabad,"Huda Sector, Fatehabad - HSPCB",19-08-2024 20:00:00,29.503664,75.467934,SO2,20,25,22
India,Haryana,Fatehabad,"Huda Sector, Fatehabad - HSPCB",19-08-2024 20:00:00,29.503664,75.467934,OZONE,12,29,17
India,Haryana,Gurugram,"Sector-51, Gurugram - HSPCB",19-08-2024 20:00:00,28.4227,77.0667,PM10,47,194,105
India,Haryana,Gurugram,"Teri Gram, Gurugram - HSPCB",19-08-2024 20:00:00,28.4275,77.1465,PM10,11,256,96
India,Haryana,Gurugram,"Teri Gram, Gurugram - HSPCB",19-08-2024 20:00:00,28.4275,77.1465,SO2,3,5,4
India,Haryana,Gurugram,"Vikas Sadan, Gurugram - HSPCB",19-08-2024 20:00:00,28.4501238,77.0263051,PM2.5,45,67,56
India,Haryana,Hisar,"Urban Estate-II, Hisar - HSPCB",19-08-2024 20:00:00,29.140560,75.744941,PM2.5,NA,NA,NA
India,Haryana,Jind,"Police Lines, Jind - HSPCB",19-08-2024 20:00:00,29.307814,76.337619,PM10,17,53,35
India,Haryana,Jind,"Police Lines, Jind - HSPCB",19-08-2024 20:00:00,29.307814,76.337619,NO2,6,18,12
India,Haryana,Kaithal,"Rishi Nagar, Kaithal - HSPCB",19-08-2024 20:00:00,29.8006,76.4155,PM10,17,63,42
India,Haryana,Kaithal,"Rishi Nagar, Kaithal - HSPCB",19-08-2024 20:00:00,29.8006,76.4155,SO2,27,44,34
India,Haryana,Kaithal,"Rishi Nagar, Kaithal - HSPCB",19-08-2024 20:00:00,29.8006,76.4155,CO,14,30,23
India,Haryana,Kurukshetra,"Sector-7, Kurukshetra - HSPCB",19-08-2024 20:00:00,29.966942,76.875879,NO2,3,4,4
India,Haryana,Kurukshetra,"Sector-7, Kurukshetra - HSPCB",19-08-2024 20:00:00,29.966942,76.875879,NH3,3,5,4
India,Haryana,Kurukshetra,"Sector-7, Kurukshetra - HSPCB",19-08-2024 20:00:00,29.966942,76.875879,OZONE,6,125,26
India,Haryana,Mandikhera,"General Hospital, Mandikhera - HSPCB",19-08-2024 20:00:00,27.9002,76.9938,SO2,29,38,34
India,Haryana,Mandikhera,"General Hospital, Mandikhera - HSPCB",19-08-2024 20:00:00,27.9002,76.9938,CO,15,24,20
India,Haryana,Narnaul,"Shastri Nagar, Narnaul - HSPCB",19-08-2024 20:00:00,28.060249,76.113115,NH3,5,15,9
India,Haryana,Panipat,"Sector-18, Panipat - HSPCB",19-08-2024 20:00:00,29.432304,76.972765,PM10,68,71,69
India,Haryana,Panipat,"Sector-18, Panipat - HSPCB",19-08-2024 20:00:00,29.432304,76.972765,NO2,31,32,31
India,Haryana,Panipat,"Sector-18, Panipat - HSPCB",19-08-2024 20:00:00,29.432304,76.972765,SO2,18,19,19
India,Haryana,Sirsa,"F-Block, Sirsa - HSPCB",19-08-2024 20:00:00,29.536400,75.015800,NO2,10,11,10
India,Haryana,Sonipat,"Murthal, Sonipat - HSPCB",19-08-2024 20:00:00,29.027200,77.062100,CO,24,26,25
India,Himachal Pradesh,Baddi,"HIMUDA Complex Phase-1, Baddi - HPPCB",19-08-2024 20:00:00,30.943887,76.801991,PM10,27,285,87
India,Himachal Pradesh,Baddi,"HIMUDA Complex Phase-1, Baddi - HPPCB",19-08-2024 20:00:00,30.943887,76.801991,NH3,5,5,5
India,Himachal Pradesh,Baddi,"HIMUDA Complex Phase-1, Baddi - HPPCB",19-08-2024 20:00:00,30.943887,76.801991,SO2,5,6,5
India,Himachal Pradesh,Baddi,"HIMUDA Complex Phase-1, Baddi - HPPCB",19-08-2024 20:00:00,30.943887,76.801991,OZONE,1,42,27
India,Karnataka,Belgaum,"Ramteerth Nagar, Belgaum - KSPCB",19-08-2024 20:00:00,15.888653,74.541751,SO2,9,10,10
India,Karnataka,Bengaluru,"BTM Layout, Bengaluru - CPCB",19-08-2024 20:00:00,12.9135218,77.5950804,PM10,NA,NA,NA
India,Karnataka,Bengaluru,"BTM Layout, Bengaluru - CPCB",19-08-2024 20:00:00,12.9135218,77.5950804,CO,27,37,28
India,Karnataka,Bengaluru,"Bapuji Nagar, Bengaluru - KSPCB",19-08-2024 20:00:00,12.951913,77.539784,NO2,14,16,15
India,Karnataka,Bengaluru,"Hebbal, Bengaluru - KSPCB",19-08-2024 20:00:00,13.029152,77.585901,SO2,2,14,8
India,Karnataka,Bengaluru,"Hombegowda Nagar, Bengaluru - KSPCB",19-08-2024 20:00:00,12.938539,77.590100,NH3,1,2,1
India,Karnataka,Bengaluru,"Hombegowda Nagar, Bengaluru - KSPCB",19-08-2024 20:00:00,12.938539,77.590100,CO,6,65,26
India,Karnataka,Bengaluru,"Jayanagar 5th Block, Bengaluru - KSPCB",19-08-2024 20:00:00,12.920984,77.584908,PM2.5,10,62,29
India,Karnataka,Bengaluru,"Jayanagar 5th Block, Bengaluru - KSPCB",19-08-2024 20:00:00,12.920984,77.584908,CO,10,84,15
India,Karnataka,Bengaluru,"Jigani, Bengaluru - KSPCB",19-08-2024 20:00:00,12.7816279,77.6299145,NH3,5,6,5
India,Karnataka,Bengaluru,"Jigani, Bengaluru - KSPCB",19-08-2024 20:00:00,12.7816279,77.6299145,CO,28,38,31
India,Karnataka,Bengaluru,"Peenya, Bengaluru - CPCB",19-08-2024 20:00:00,13.0270199,77.494094,PM10,38,64,56
India,Karnataka,Bengaluru,"Peenya, Bengaluru - CPCB",19-08-2024 20:00:00,13.0270199,77.494094,CO,72,96,89
India,Karnataka,Bengaluru,"RVCE-Mailasandra, Bengaluru - KSPCB",19-08-2024 20:00:00,12.921418,77.502466,NO2,22,22,22
India,Karnataka,Bengaluru,"Shivapura_Peenya, Bengaluru - KSPCB",19-08-2024 20:00:00,13.0246342,77.5080115,NH3,4,4,4
India,Karnataka,Bengaluru,"Silk Board, Bengaluru - KSPCB",19-08-2024 20:00:00,12.917348,77.622813,PM2.5,12,57,35
India,Karnataka,Bengaluru,"Silk Board, Bengaluru - KSPCB",19-08-2024 20:00:00,12.917348,77.622813,CO,30,102,45
India,Karnataka,Chikkaballapur,"Chikkaballapur Rural, Chikkaballapur - KSPCB",19-08-2024 20:00:00,13.428828,77.731418,PM10,16,57,31
India,Karnataka,Chikkaballapur,"Chikkaballapur Rural, Chikkaballapur - KSPCB",19-08-2024 20:00:00,13.428828,77.731418,NO2,10,18,14
India,Karnataka,Davanagere,"Devaraj Urs Badavane, Davanagere - KSPCB",19-08-2024 20:00:00,14.475800,75.905200,SO2,NA,NA,NA
India,Karnataka,Hassan,"B.Katihalli, Hassan - KSPCB",19-08-2024 20:00:00,13.008556,76.125258,PM10,4,34,18
India,Karnataka,Hassan,"B.Katihalli, Hassan - KSPCB",19-08-2024 20:00:00,13.008556,76.125258,NO2,2,32,14
India,Karnataka,Hassan,"B.Katihalli, Hassan - KSPCB",19-08-2024 20:00:00,13.008556,76.125258,NH3,1,3,2
India,Karnataka,Hubballi,"Lingaraj Nagar, Hubballi - KSPCB",19-08-2024 20:00:00,15.3714823,75.1160168,OZONE,5,15,9
India,Karnataka,Kalaburagi,"Lal Bahadur Shastri Nagar, Kalaburagi - KSPCB",19-08-2024 20:00:00,17.321993,76.822628,NO2,10,13,11
India,Karnataka,Karwar,"KHB Colony, Karwar - KSPCB",19-08-2024 20:00:00,14.816666,74.141003,PM10,12,47,21
India,Karnataka,Kolar,"Tamaka Ind. Area, Kolar - KSPCB",19-08-2024 20:00:00,13.1276288,78.1570122,PM2.5,12,57,25
India,Karnataka,Kolar,"Tamaka Ind. Area, Kolar - KSPCB",19-08-2024 20:00:00,13.1276288,78.1570122,NH3,1,2,2
India,Karnataka,Kolar,"Tamaka Ind. Area, Kolar - KSPCB",19-08-2024 20:00:00,13.1276288,78.1570122,SO2,12,19,14
India,Karnataka,Kolar,"Tamaka Ind. Area, Kolar - KSPCB",19-08-2024 20:00:00,13.1276288,78.1570122,OZONE,15,24,20
India,Karnataka,Madikeri,"Stuart Hill, Madikeri - KSPCB",19-08-2024 20:00:00,12.415911,75.735050,PM10,15,24,20
India,Karnataka,Mangalore,"Kadri, Mangalore - KSPCB",19-08-2024 20:00:00,12.889250,74.853000,NH3,2,3,3
India,Karnataka,Mysuru,"Hebbal 1st Stage, Mysuru - KSPCB",19-08-2024 20:00:00,12.21041,76.37376,PM10,24,42,33
India,Karnataka,Ramanagara,"Vijay Nagar, Ramanagara - KSPCB",19-08-2024 20:00:00,12.733409,77.298051,NO2,1,7,4
India,Karnataka,Shivamogga,"Vinoba Nagara, Shivamogga - KSPCB",19-08-2024 20:00:00,13.940000,75.555917,PM2.5,23,33,29
India,Karnataka,Shivamogga,"Vinoba Nagara, Shivamogga - KSPCB",19-08-2024 20:00:00,13.940000,75.555917,NO2,6,17,9
India,Karnataka,Udupi,"Brahmagiri, Udupi - KSPCB",19-08-2024 20:00:00,13.34194444,74.74694444,NO2,22,28,26
India,Karnataka,Vijayapura,"Ibrahimpur, Vijayapura - KSPCB",19-08-2024 20:00:00,16.802639,75.722694,PM2.5,22,26,25
India,Karnataka,Vijayapura,"Ibrahimpur, Vijayapura - KSPCB",19-08-2024 20:00:00,16.802639,75.722694,PM10,39,40,39
India,Kerala,Kollam,"Polayathode, Kollam - Kerala PCB",19-08-2024 20:00:00,8.8787,76.6073,CO,14,17,16
India,Kerala,Thiruvananthapuram,"Kariavattom, Thiruvananthapuram - Kerala PCB",19-08-2024 20:00:00,8.563700,76.886500,PM10,51,71,60
India,Kerala,Thiruvananthapuram,"Plammoodu, Thiruvananthapuram - Kerala PCB",19-08-2024 20:00:00,8.5149093,76.9435879,NO2,1,26,15
India,Kerala,Thrissur,"Corporation Ground, Thrissur - Kerala PCB",19-08-2024 20:00:00,10.532400,76.215900,PM2.5,32,36,34
India,Kerala,Thrissur,"Corporation Ground, Thrissur - Kerala PCB",19-08-2024 20:00:00,10.532400,76.215900,OZONE,30,31,30
India,Madhya Pradesh,Bhopal,"Idgah Hills, Bhopal - MPPCB",19-08-2024 20:00:00,23.264759,77.381568,PM10,64,134,85
India,Madhya Pradesh,Bhopal,"Paryavaran Parisar, Bhopal - MPPCB",19-08-2024 20:00:00,23.210494,77.425409,NO2,8,44,13
India,Madhya Pradesh,Bhopal,"Paryavaran Parisar, Bhopal - MPPCB",19-08-2024 20:00:00,23.210494,77.425409,CO,16,60,18
India,Madhya Pradesh,Bhopal,"T T Nagar, Bhopal - MPPCB",19-08-2024 20:00:00,23.233584,77.400574,NH3,3,8,5
India,Madhya Pradesh,Bhopal,"T T Nagar, Bhopal - MPPCB",19-08-2024 20:00:00,23.233584,77.400574,CO,21,96,28
India,Madhya Pradesh,Dewas,"Bhopal Chauraha, Dewas - MPPCB",19-08-2024 20:00:00,22.9682591,76.064118,CO,14,22,18
India,Madhya Pradesh,Dewas,"Bhopal Chauraha, Dewas - MPPCB",19-08-2024 20:00:00,22.9682591,76.064118,OZONE,26,65,30
India,Madhya Pradesh,Gwalior,"City Center, Gwalior - MPPCB",19-08-2024 20:00:00,26.203442,78.193251,PM2.5,23,47,34
India,Madhya Pradesh,Gwalior,"City Center, Gwalior - MPPCB",19-08-2024 20:00:00,26.203442,78.193251,NO2,16,33,22
India,Madhya Pradesh,Gwalior,"City Center, Gwalior - MPPCB",19-08-2024 20:00:00,26.203442,78.193251,SO2,15,19,16
India,Madhya Pradesh,Gwalior,"Deen Dayal Nagar, Gwalior - MPPCB",19-08-2024 20:00:00,26.259242,78.216432,PM2.5,18,89,39
India,Madhya Pradesh,Gwalior,"Deen Dayal Nagar, Gwalior - MPPCB",19-08-2024 20:00:00,26.259242,78.216432,OZONE,16,64,60
India,Madhya Pradesh,Gwalior,"Maharaj Bada, Gwalior - MPPCB",19-08-2024 20:00:00,26.200388,78.147714,NO2,8,21,13
India,Madhya Pradesh,Gwalior,"Maharaj Bada, Gwalior - MPPCB",19-08-2024 20:00:00,26.200388,78.147714,NH3,3,24,7
India,Madhya Pradesh,Gwalior,"Phool Bagh, Gwalior - Mondelez Ind. Food",19-08-2024 20:00:00,26.210536,78.171,PM2.5,NA,NA,NA
India,Madhya Pradesh,Indore,"Maguda Nagar, Indore - IMC",19-08-2024 20:00:00,22.7524,75.8872,PM2.5,32,91,50
India,Madhya Pradesh,Indore,"Regional Park, Indore - IMC",19-08-2024 20:00:00,22.6780,75.8559,PM2.5,28,68,43
India,Madhya Pradesh,Indore,"Regional Park, Indore - IMC",19-08-2024 20:00:00,22.6780,75.8559,PM10,42,113,68
India,Madhya Pradesh,Jabalpur,"Gupteshwar, Jabalpur - JMC",19-08-2024 20:00:00,23.142888,79.916147,PM2.5,3,66,29
India,Madhya Pradesh,Jabalpur,"Gupteshwar, Jabalpur - JMC",19-08-2024 20:00:00,23.142888,79.916147,SO2,7,9,8
India,Madhya Pradesh,Jabalpur,"Suhagi, Jabalpur - JMC",19-08-2024 20:00:00,23.218135,79.957770,PM2.5,10,27,16
India,Madhya Pradesh,Jabalpur,"Suhagi, Jabalpur - JMC",19-08-2024 20:00:00,23.218135,79.957770,NO2,10,30,12
India,Madhya Pradesh,Jabalpur,"Suhagi, Jabalpur - JMC",19-08-2024 20:00:00,23.218135,79.957770,SO2,6,8,7
India,Madhya Pradesh,Jabalpur,"Suhagi, Jabalpur - JMC",19-08-2024 20:00:00,23.218135,79.957770,CO,32,94,50
India,Madhya Pradesh,Katni,"Gole Bazar, Katni - MPPCB",19-08-2024 20:00:00,23.50016,80.23284,PM2.5,18,44,29
India,Madhya Pradesh,Mandideep,"Sector-D Industrial Area, Mandideep - MPPCB",19-08-2024 20:00:00,23.108440,77.511428,NO2,4,52,10
India,Madhya Pradesh,Pithampur,"Sector-2 Industrial Area, Pithampur - MPPCB",19-08-2024 20:00:00,22.624758,75.675238,SO2,13,16,14
India,Madhya Pradesh,Sagar,"Civil Lines, Sagar - MPPCB",19-08-2024 20:00:00,23.838586,78.759431,PM2.5,36,213,76
India,Madhya Pradesh,Sagar,"Deen Dayal Nagar, Sagar - MPPCB",19-08-2024 20:00:00,23.8640158,78.80289321,CO,34,36,35
India,Madhya Pradesh,Singrauli,"Suryakiran Bhawan NCL, Singrauli - MPPCB",19-08-2024 20:00:00,24.108970,82.645580,NH3,NA,NA,NA
India,Madhya Pradesh,Singrauli,"Suryakiran Bhawan NCL, Singrauli - MPPCB",19-08-2024 20:00:00,24.108970,82.645580,OZONE,77,126,103
India,Madhya Pradesh,Ujjain,"Mahakaleshwar Temple, Ujjain - MPPCB",19-08-2024 20:00:00,23.182719 ,75.768218 ,NH3,4,6,5
India,Maharashtra,Ahmednagar,"Tarakpur, Ahmednagar - MPCB",19-08-2024 20:00:00,19.10122,74.73339,NH3,2,15,7
India,Maharashtra,Akola,"Ramdaspeth, Akola - MPCB",19-08-2024 20:00:00,20.719516,77.000253,SO2,2,17,8
India,Maharashtra,Amravati,"Shri Shivaji Science College, Amaravati - MPCB",19-08-2024 20:00:00,20.939198,77.765701,OZONE,1,31,23
India,Maharashtra,Aurangabad,"MIDC Chilkalthana, Aurangabad - MPCB",19-08-2024 20:00:00,19.875620,75.387310,NH3,1,1,1
India,Maharashtra,Badlapur,"Katrap, Badlapur - MPCB",19-08-2024 20:00:00,19.16485,73.23409,PM10,40,79,58
India,Maharashtra,Badlapur,"Katrap, Badlapur - MPCB",19-08-2024 20:00:00,19.16485,73.23409,NH3,2,3,3
India,Maharashtra,Belapur,"CBD Belapur, Belapur - MPCB",19-08-2024 20:00:00,19.0243902,73.0406721,PM10,45,70,57
India,Maharashtra,Bhiwandi,"Gokul Nagar, Bhiwandi - MPCB",19-08-2024 20:00:00,19.309073,73.057223,NO2,11,42,24
India,Maharashtra,Chandrapur,"Chauhan Colony, Chandrapur - MPCB",19-08-2024 20:00:00,19.962900,79.298714,PM2.5,32,93,59
India,Maharashtra,Chandrapur,"Chauhan Colony, Chandrapur - MPCB",19-08-2024 20:00:00,19.962900,79.298714,NH3,2,3,3
India,Maharashtra,Chandrapur,"Chauhan Colony, Chandrapur - MPCB",19-08-2024 20:00:00,19.962900,79.298714,CO,26,29,28
India,Maharashtra,Chandrapur,"Chauhan Colony, Chandrapur - MPCB",19-08-2024 20:00:00,19.962900,79.298714,OZONE,33,37,34
India,Maharashtra,Dhule,"Deopur, Dhule - MPCB",19-08-2024 20:00:00,20.918946,74.776388,NO2,1,3,2
India,Maharashtra,Jalgaon,"Prabhat Colony, Jalgaon - MPCB",19-08-2024 20:00:00,21.001264,75.565602,OZONE,10,64,64
India,Maharashtra,Kalyan,"Khadakpada, Kalyan - MPCB",19-08-2024 20:00:00,19.25292,73.142019,OZONE,4,5,5
India,Maharashtra,Kolhapur,"Shivaji University, Kolhapur - MPCB",19-08-2024 20:00:00,16.6870449,74.2505872,SO2,1,2,1
India,Maharashtra,Kolhapur,"Sinchan Bhavan, Kolhapur - MPCB",19-08-2024 20:00:00,16.7143745,74.2426398,SO2,1,2,2
India,Maharashtra,Latur,"Sawe Wadi, Latur - MPCB",19-08-2024 20:00:00,18.39963,76.57452,NO2,5,29,17
India,Maharashtra,Latur,"Sawe Wadi, Latur - MPCB",19-08-2024 20:00:00,18.39963,76.57452,OZONE,2,40,31
India,Maharashtra,Mira-Bhayandar,"Bhayandar West, Mira-Bhayandar - MPCB",19-08-2024 20:00:00,19.296481,72.840923,NO2,5,12,9
India,Maharashtra,Mira-Bhayandar,"Bhayandar West, Mira-Bhayandar - MPCB",19-08-2024 20:00:00,19.296481,72.840923,CO,16,37,19
India,Maharashtra,Mumbai,"Bandra Kurla Complex, Mumbai - MPCB",19-08-2024 20:00:00,19.065931,72.862131,NH3,5,10,6
India,Maharashtra,Mumbai,"Bandra Kurla Complex, Mumbai - MPCB",19-08-2024 20:00:00,19.065931,72.862131,CO,35,58,43
India,Maharashtra,Mumbai,"Borivali East, Mumbai - IITM",19-08-2024 20:00:00,19.23241,72.86895,NO2,NA,NA,NA
India,Maharashtra,Mumbai,"Borivali East, Mumbai - MPCB",19-08-2024 20:00:00,19.2243333,72.8658113,PM10,21,48,35
India,Maharashtra,Mumbai,"Byculla, Mumbai - BMC",19-08-2024 20:00:00,18.9767,72.8380,NO2,7,15,10
India,Maharashtra,Mumbai,"Byculla, Mumbai - BMC",19-08-2024 20:00:00,18.9767,72.8380,CO,50,50,50
India,Maharashtra,Mumbai,"Chembur, Mumbai - MPCB",19-08-2024 20:00:00,19.0364585,72.8954371,PM2.5,NA,NA,NA
India,Maharashtra,Mumbai,"Chembur, Mumbai - MPCB",19-08-2024 20:00:00,19.0364585,72.8954371,PM10,NA,NA,NA
India,Maharashtra,Mumbai,"Chembur, Mumbai - MPCB",19-08-2024 20:00:00,19.0364585,72.8954371,SO2,NA,NA,NA
India,Maharashtra,Mumbai,"Chembur, Mumbai - MPCB",19-08-2024 20:00:00,19.0364585,72.8954371,OZONE,8,51,22
India,Maharashtra,Mumbai,"Colaba, Mumbai - MPCB",19-08-2024 20:00:00,18.910000,72.820000,NO2,24,26,25
India,Maharashtra,Mumbai,"Colaba, Mumbai - MPCB",19-08-2024 20:00:00,18.910000,72.820000,CO,9,10,10
India,Maharashtra,Mumbai,"Colaba, Mumbai - MPCB",19-08-2024 20:00:00,18.910000,72.820000,OZONE,10,11,11
India,Maharashtra,Mumbai,"Deonar, Mumbai - IITM",19-08-2024 20:00:00,19.04946,72.9230,PM10,27,87,51
India,Maharashtra,Mumbai,"Deonar, Mumbai - IITM",19-08-2024 20:00:00,19.04946,72.9230,NH3,3,4,4
India,Maharashtra,Mumbai,"Deonar, Mumbai - IITM",19-08-2024 20:00:00,19.04946,72.9230,SO2,NA,NA,NA
India,Maharashtra,Mumbai,"Ghatkopar, Mumbai - BMC",19-08-2024 20:00:00,19.083694,72.920967,PM10,16,46,32
India,Maharashtra,Mumbai,"Kandivali East, Mumbai - MPCB",19-08-2024 20:00:00,19.205800,72.868200,PM10,NA,NA,NA
India,Maharashtra,Mumbai,"Kandivali West, Mumbai - BMC",19-08-2024 20:00:00,19.215859,72.831718,NO2,6,17,10
India,Maharashtra,Mumbai,"Kherwadi_Bandra East, Mumbai - MPCB",19-08-2024 20:00:00,19.0632143,72.8456324,SO2,3,3,3
India,Maharashtra,Mumbai,"Kherwadi_Bandra East, Mumbai - MPCB",19-08-2024 20:00:00,19.0632143,72.8456324,OZONE,7,34,25
India,Maharashtra,Mumbai,"Khindipada-Bhandup West, Mumbai - IITM",19-08-2024 20:00:00,19.1653323,72.922099,CO,23,34,30
India,Maharashtra,Mumbai,"Malad West, Mumbai - IITM",19-08-2024 20:00:00,19.19709,72.82204,PM2.5,8,58,24
India,Maharashtra,Mumbai,"Mindspace-Malad West, Mumbai - MPCB",19-08-2024 20:00:00,19.1878657,72.8304069,PM10,21,47,33
India,Maharashtra,Mumbai,"Mindspace-Malad West, Mumbai - MPCB",19-08-2024 20:00:00,19.1878657,72.8304069,CO,25,43,31
India,Maharashtra,Mumbai,"Mindspace-Malad West, Mumbai - MPCB",19-08-2024 20:00:00,19.1878657,72.8304069,OZONE,7,38,29
India,Maharashtra,Mumbai,"Mulund West, Mumbai - MPCB",19-08-2024 20:00:00,19.1750,72.9419,NO2,15,16,16
India,Maharashtra,Mumbai,"Navy Nagar-Colaba, Mumbai - IITM",19-08-2024 20:00:00,18.897756,72.813320,PM10,13,43,28
India,Maharashtra,Mumbai,"Navy Nagar-Colaba, Mumbai - IITM",19-08-2024 20:00:00,18.897756,72.813320,SO2,1,7,2
India,Maharashtra,Mumbai,"Powai, Mumbai - MPCB",19-08-2024 20:00:00,19.137500,72.915056,PM10,33,71,53
India,Maharashtra,Mumbai,"Powai, Mumbai - MPCB",19-08-2024 20:00:00,19.137500,72.915056,SO2,14,15,15
India,Maharashtra,Mumbai,"Sewri, Mumbai - BMC",19-08-2024 20:00:00,19.000084,72.856730,SO2,NA,NA,NA
India,Maharashtra,Mumbai,"Shivaji Nagar, Mumbai - BMC",19-08-2024 20:00:00,19.060498,72.923356,CO,2,66,25
India,Maharashtra,Mumbai,"Vasai West, Mumbai - MPCB",19-08-2024 20:00:00,19.383200,72.820400,NO2,24,32,27
India,Maharashtra,Mumbai,"Vile Parle West, Mumbai - MPCB",19-08-2024 20:00:00,19.10861,72.83622,PM2.5,7,28,18
India,Maharashtra,Nagpur,"Ambazari, Nagpur - MPCB",19-08-2024 20:00:00,21.121801,79.04952,PM10,34,114,67
India,Maharashtra,Nagpur,"Ambazari, Nagpur - MPCB",19-08-2024 20:00:00,21.121801,79.04952,NO2,4,32,12
India,Maharashtra,Nagpur,"Ambazari, Nagpur - MPCB",19-08-2024 20:00:00,21.121801,79.04952,SO2,3,9,7
India,Maharashtra,Nanded,"Sneh Nagar, Nanded - MPCB",19-08-2024 20:00:00,19.173852,77.296291,PM10,NA,NA,NA
India,Maharashtra,Nashik,"Gangapur Road, Nashik - MPCB",19-08-2024 20:00:00,20.0073285,73.7762427,PM2.5,17,54,32
India,Maharashtra,Nashik,"Hirawadi, Nashik - MPCB",19-08-2024 20:00:00,20.021503,73.813844,NO2,7,90,34
India,Maharashtra,Nashik,"Hirawadi, Nashik - MPCB",19-08-2024 20:00:00,20.021503,73.813844,CO,16,50,27
India,Maharashtra,Nashik,"Hirawadi, Nashik - MPCB",19-08-2024 20:00:00,20.021503,73.813844,OZONE,6,40,27
India,Maharashtra,Nashik,"MIDC Ambad, Nashik - MPCB",19-08-2024 20:00:00,19.950220,73.731480,PM10,16,100,52
India,Maharashtra,Nashik,"MIDC Ambad, Nashik - MPCB",19-08-2024 20:00:00,19.950220,73.731480,NO2,7,37,19
India,Maharashtra,Nashik,"MIDC Ambad, Nashik - MPCB",19-08-2024 20:00:00,19.950220,73.731480,SO2,3,4,4
India,Maharashtra,Nashik,"Pandav Nagari, Nashik - MPCB",19-08-2024 20:00:00,19.9591346,73.7788008,PM10,30,46,34
India,Maharashtra,Nashik,"Pandav Nagari, Nashik - MPCB",19-08-2024 20:00:00,19.9591346,73.7788008,SO2,1,5,2
India,Maharashtra,Nashik,"Pandav Nagari, Nashik - MPCB",19-08-2024 20:00:00,19.9591346,73.7788008,CO,7,20,11
India,Maharashtra,Navi Mumbai,"Mahape, Navi Mumbai - MPCB",19-08-2024 20:00:00,19.1135051,73.008978,NO2,17,17,17
India,Maharashtra,Navi Mumbai,"Mahape, Navi Mumbai - MPCB",19-08-2024 20:00:00,19.1135051,73.008978,CO,18,25,20
India,Maharashtra,Navi Mumbai,"Nerul, Navi Mumbai - MPCB",19-08-2024 20:00:00,19.008751,73.016620,NO2,14,19,17
India,Maharashtra,Navi Mumbai,"Sanpada, Navi Mumbai - MPCB",19-08-2024 20:00:00,19.0575752,73.0151367,CO,2,24,7
India,Maharashtra,Navi Mumbai,"Sector-19A Nerul, Navi Mumbai - IITM",19-08-2024 20:00:00,19.044,73.0325,PM10,49,99,72
India,Maharashtra,Navi Mumbai,"Sector-19A Nerul, Navi Mumbai - IITM",19-08-2024 20:00:00,19.044,73.0325,NH3,8,9,8
India,Maharashtra,Navi Mumbai,"Sector-19A Nerul, Navi Mumbai - IITM",19-08-2024 20:00:00,19.044,73.0325,SO2,1,4,3
India,Maharashtra,Navi Mumbai,"Sector-19A Nerul, Navi Mumbai - IITM",19-08-2024 20:00:00,19.044,73.0325,OZONE,1,32,14
India,Maharashtra,Navi Mumbai,"Sector-2E Kalamboli, Navi Mumbai - MPCB",19-08-2024 20:00:00,19.02579,73.10297,NH3,1,6,1
India,Maharashtra,Pimpri-Chinchwad,"Gavalinagar, Pimpri Chinchwad - MPCB",19-08-2024 20:00:00,18.63673,73.82487,SO2,1,3,2
India,Maharashtra,Pimpri-Chinchwad,"Park Street Wakad, Pimpri Chinchwad - MPCB",19-08-2024 20:00:00,18.59051,73.77946,NH3,3,7,5
India,Maharashtra,Pimpri-Chinchwad,"Park Street Wakad, Pimpri Chinchwad - MPCB",19-08-2024 20:00:00,18.59051,73.77946,CO,17,64,29
India,Maharashtra,Pimpri-Chinchwad,"Savta Mali Nagar, Pimpri-Chinchwad - IITM",19-08-2024 20:00:00,18.614767,73.799516,PM2.5,11,31,16
India,Maharashtra,Pimpri-Chinchwad,"Thergaon, Pimpri Chinchwad - MPCB",19-08-2024 20:00:00,18.616318,73.765797,PM2.5,32,63,47
India,Maharashtra,Pimpri-Chinchwad,"Thergaon, Pimpri Chinchwad - MPCB",19-08-2024 20:00:00,18.616318,73.765797,SO2,1,3,2
India,Maharashtra,Pune,"Bhumkar Nagar, Pune - IITM",19-08-2024 20:00:00,18.605770,73.749976,PM2.5,6,159,44
India,Maharashtra,Pune,"Karve Road, Pune - MPCB",19-08-2024 20:00:00,18.5011743,73.8165527,SO2,6,15,9
India,Maharashtra,Pune,"Katraj Dairy, Pune - MPCB",19-08-2024 20:00:00,18.454450,73.854155,PM10,44,48,46
India,Maharashtra,Pune,"Katraj Dairy, Pune - MPCB",19-08-2024 20:00:00,18.454450,73.854155,CO,32,56,49
India,Maharashtra,Pune,"Katraj Dairy, Pune - MPCB",19-08-2024 20:00:00,18.454450,73.854155,OZONE,11,74,41
India,Maharashtra,Pune,"Mhada Colony, Pune - IITM",19-08-2024 20:00:00,18.573040,73.927715,PM2.5,12,63,29
India,Maharashtra,Pune,"Panchawati_Pashan, Pune - IITM",19-08-2024 20:00:00,18.536457,73.805454,CO,28,79,44
India,Maharashtra,Pune,"Revenue Colony-Shivajinagar, Pune - IITM",19-08-2024 20:00:00,18.530085,73.849598,PM10,19,77,45
India,Maharashtra,Pune,"Savitribai Phule Pune University, Pune - MPCB",19-08-2024 20:00:00,18.547056,73.826908,NO2,NA,NA,NA
India,Maharashtra,Pune,"Savitribai Phule Pune University, Pune - MPCB",19-08-2024 20:00:00,18.547056,73.826908,SO2,NA,NA,NA
India,Maharashtra,Sangli,"Vijay Nagar, Sangli - MPCB",19-08-2024 20:00:00, 16.5038,74.3623,PM10,NA,NA,NA
India,Maharashtra,Sangli,"Vijay Nagar, Sangli - MPCB",19-08-2024 20:00:00, 16.5038,74.3623,OZONE,20,73,61
India,Maharashtra,Solapur,"Dnyaneshwar Nagar, Solapur - MPCB",19-08-2024 20:00:00,17.6336264,75.9132495,PM2.5,NA,NA,NA
India,Maharashtra,Solapur,"Dnyaneshwar Nagar, Solapur - MPCB",19-08-2024 20:00:00,17.6336264,75.9132495,NO2,NA,NA,NA
India,Maharashtra,Solapur,"Ratandeep Housing Society, Solapur - MPCB",19-08-2024 20:00:00,17.65439,75.90649,NH3,3,8,5
India,Maharashtra,Solapur,"Ratandeep Housing Society, Solapur - MPCB",19-08-2024 20:00:00,17.65439,75.90649,CO,7,43,30
India,Maharashtra,Solapur,"Solapur, Solapur - MPCB",19-08-2024 20:00:00,17.6599188,75.9063906,SO2,2,110,51
India,Maharashtra,Thane,"Kasarvadavali, Thane - MPCB",19-08-2024 20:00:00,19.26777,72.97182,PM10,54,111,82
India,Maharashtra,Thane,"Kasarvadavali, Thane - MPCB",19-08-2024 20:00:00,19.26777,72.97182,SO2,8,9,9
India,Maharashtra,Thane,"Kasarvadavali, Thane - MPCB",19-08-2024 20:00:00,19.26777,72.97182,OZONE,2,44,27
India,Maharashtra,Thane,"Upvan Fort, Thane - MPCB",19-08-2024 20:00:00,19.222279,72.957979,PM2.5,8,49,19
India,Maharashtra,Thane,"Upvan Fort, Thane - MPCB",19-08-2024 20:00:00,19.222279,72.957979,NH3,1,3,2
India,Maharashtra,Thane,"Upvan Fort, Thane - MPCB",19-08-2024 20:00:00,19.222279,72.957979,SO2,13,17,15
India,Maharashtra,Thane,"Upvan Fort, Thane - MPCB",19-08-2024 20:00:00,19.222279,72.957979,CO,32,49,42
India,Maharashtra,Ulhasnagar,"Sidhi Vinayak Nagar, Ulhasnagar - MPCB",19-08-2024 20:00:00,19.235581,73.159121,PM2.5,52,68,59
India,Maharashtra,Ulhasnagar,"Sidhi Vinayak Nagar, Ulhasnagar - MPCB",19-08-2024 20:00:00,19.235581,73.159121,NH3,2,3,3
India,Maharashtra,Ulhasnagar,"Sidhi Vinayak Nagar, Ulhasnagar - MPCB",19-08-2024 20:00:00,19.235581,73.159121,OZONE,2,60,37
India,Maharashtra,Virar,"Bolinj, Virar - MPCB",19-08-2024 20:00:00,19.4458210,72.7988231,PM2.5,23,46,33
India,Maharashtra,Virar,"Bolinj, Virar - MPCB",19-08-2024 20:00:00,19.4458210,72.7988231,CO,8,16,10
India,Manipur,Imphal,"DM College of Science, Imphal - Manipur PCB",19-08-2024 20:00:00,24.8207389,93.9423085,PM10,NA,NA,NA
India,Meghalaya,Shillong,"Lumpyngngad, Shillong - Meghalaya PCB",19-08-2024 20:00:00,25.5586,91.8985,NO2,1,1,1
India,Odisha,Angul,"Hakimapada, Angul - OSPCB",19-08-2024 20:00:00,20.832874,85.104082,PM10,22,103,56
India,Odisha,Angul,"Hakimapada, Angul - OSPCB",19-08-2024 20:00:00,20.832874,85.104082,CO,64,104,92
India,Odisha,Angul,"Hakimapada, Angul - OSPCB",19-08-2024 20:00:00,20.832874,85.104082,OZONE,12,83,66
India,Odisha,Balasore,"Kalidaspur, Balasore - OSPCB",19-08-2024 20:00:00,21.51161,86.89088,PM10,NA,NA,NA
India,Odisha,Baripada,"Meher Colony, Baripada - OSPCB",19-08-2024 20:00:00,21.941841,86.728318,SO2,5,21,8
India,Odisha,Baripada,"Meher Colony, Baripada - OSPCB",19-08-2024 20:00:00,21.941841,86.728318,CO,21,70,38
India,Odisha,Bhubaneswar,"Lingraj Mandir, Bhubaneswar - OSPCB",19-08-2024 20:00:00,20.240790,85.836784,NO2,4,11,7
India,Odisha,Bhubaneswar,"Patia, Bhubaneswar - OSPCB",19-08-2024 20:00:00,20.34652,85.81630,OZONE,23,105,70
India,Odisha,Bileipada,"Tata Township, Bileipada - OSPCB",19-08-2024 20:00:00,22.06156703,85.47409613,PM2.5,23,42,30
India,Odisha,Brajrajnagar,"GM Office, Brajrajnagar - OSPCB",19-08-2024 20:00:00,21.8004996,83.8396977,PM10,2,72,29
India,Odisha,Brajrajnagar,"GM Office, Brajrajnagar - OSPCB",19-08-2024 20:00:00,21.8004996,83.8396977,NH3,19,21,20
India,Odisha,Brajrajnagar,"GM Office, Brajrajnagar - OSPCB",19-08-2024 20:00:00,21.8004996,83.8396977,CO,34,42,39
India,Odisha,Byasanagar,"Ferro Chrome Colony, Byasanagar - OSPCB",19-08-2024 20:00:00,20.94185,86.11510,SO2,2,27,8
India,Odisha,Byasanagar,"Ferro Chrome Colony, Byasanagar - OSPCB",19-08-2024 20:00:00,20.94185,86.11510,OZONE,13,65,48
India,Odisha,Cuttack,"CDA Area, Cuttack - OSPCB",19-08-2024 20:00:00,20.48891     ,85.84768     ,PM2.5,12,100,43
India,Odisha,Cuttack,"CDA Area, Cuttack - OSPCB",19-08-2024 20:00:00,20.48891     ,85.84768     ,NH3,1,2,2
India,Odisha,Cuttack,"CDA Area, Cuttack - OSPCB",19-08-2024 20:00:00,20.48891     ,85.84768     ,SO2,4,84,23
India,Odisha,Cuttack,"CDA Area, Cuttack - OSPCB",19-08-2024 20:00:00,20.48891     ,85.84768     ,OZONE,14,79,55
India,Odisha,Keonjhar,"Jagamohanpur, Keonjhar - OSPCB",19-08-2024 20:00:00,21.643900,85.599355,NO2,NA,NA,NA
India,Odisha,Keonjhar,"Jagamohanpur, Keonjhar - OSPCB",19-08-2024 20:00:00,21.643900,85.599355,SO2,11,19,13
India,Odisha,Keonjhar,"Jagamohanpur, Keonjhar - OSPCB",19-08-2024 20:00:00,21.643900,85.599355,OZONE,54,99,78
India,Odisha,Nayagarh,"Dabuna, Nayagarh - OSPCB",19-08-2024 20:00:00,21.847279,85.416905,NO2,30,38,34
India,Odisha,Nayagarh,"Dabuna, Nayagarh - OSPCB",19-08-2024 20:00:00,21.847279,85.416905,SO2,7,12,9
India,Odisha,Rairangpur,"Divisional Forest Office, Rairangpur - OSPCB",19-08-2024 20:00:00,22.265816,86.174829,NO2,19,20,19
India,Odisha,Rairangpur,"Divisional Forest Office, Rairangpur - OSPCB",19-08-2024 20:00:00,22.265816,86.174829,NH3,4,4,4
India,Odisha,Rairangpur,"Divisional Forest Office, Rairangpur - OSPCB",19-08-2024 20:00:00,22.265816,86.174829,OZONE,56,86,77
India,Odisha,Rourkela,"Fertilizer Township, Rourkela - OSPCB",19-08-2024 20:00:00,22.18972222,84.86277778,PM2.5,18,55,33
India,Odisha,Rourkela,"Raghunathpali, Rourkela - OSPCB",19-08-2024 20:00:00,22.220833,84.809444,SO2,2,23,4
India,Odisha,Suakati,"OMC Colony, Suakati - OSPCB",19-08-2024 20:00:00,21.606865,85.510538,PM10,21,41,33
India,Odisha,Suakati,"OMC Colony, Suakati - OSPCB",19-08-2024 20:00:00,21.606865,85.510538,NO2,7,26,19
India,Odisha,Tensa,"Barsua Iron Ore Mines, Tensa - OSPCB",19-08-2024 20:00:00,21.869985,85.167016,SO2,10,12,11
India,Puducherry,Puducherry,"Jawahar Nagar, Puducherry - PPCC",19-08-2024 20:00:00,11.9309,79.8027,CO,18,30,21
India,Punjab,Bathinda,"Hardev Nagar, Bathinda - PPCB",19-08-2024 20:00:00,30.233011,74.907758,PM2.5,5,37,20
India,Punjab,Bathinda,"Hardev Nagar, Bathinda - PPCB",19-08-2024 20:00:00,30.233011,74.907758,PM10,12,38,23
India,Punjab,Bathinda,"Hardev Nagar, Bathinda - PPCB",19-08-2024 20:00:00,30.233011,74.907758,SO2,2,29,12
India,Punjab,Khanna,"Kalal Majra, Khanna - PPCB",19-08-2024 20:00:00,30.736056 ,76.209694,NO2,27,28,28
India,Punjab,Ludhiana,"Punjab Agricultural University, Ludhiana - PPCB",19-08-2024 20:00:00,30.9028,75.8086,PM10,14,68,40
India,Punjab,Mandi Gobindgarh,"RIMT University, Mandi Gobindgarh - PPCB",19-08-2024 20:00:00,30.649961,76.331442,NO2,NA,NA,NA
India,Punjab,Patiala,"Model Town, Patiala - PPCB",19-08-2024 20:00:00,30.349388,76.366642,OZONE,17,34,25
India,Rajasthan,Ajmer,"Civil Lines,  Ajmer - RSPCB",19-08-2024 20:00:00,26.470859,74.646594,NH3,3,5,4
India,Rajasthan,Alwar,"Moti Doongri, Alwar - RSPCB",19-08-2024 20:00:00,27.554793,76.611536,PM10,42,70,54
India,Rajasthan,Alwar,"Moti Doongri, Alwar - RSPCB",19-08-2024 20:00:00,27.554793,76.611536,CO,27,66,43
India,Rajasthan,Banswara,"Rati Talai, Banswara - RSPCB",19-08-2024 20:00:00,23.555190,74.440010,PM2.5,2,227,91
India,Rajasthan,Banswara,"Rati Talai, Banswara - RSPCB",19-08-2024 20:00:00,23.555190,74.440010,PM10,81,119,105
India,Rajasthan,Baran,"Bamboliya, Baran - RSPCB",19-08-2024 20:00:00,25.106006,76.469948,PM2.5,20,40,32
India,Rajasthan,Baran,"Bamboliya, Baran - RSPCB",19-08-2024 20:00:00,25.106006,76.469948,NO2,2,16,6
India,Rajasthan,Baran,"Bamboliya, Baran - RSPCB",19-08-2024 20:00:00,25.106006,76.469948,OZONE,8,49,34
India,Rajasthan,Barmer,"Railway Colony, Barmer - RSPCB",19-08-2024 20:00:00,25.747299,71.393989,SO2,2,9,3
India,Rajasthan,Bharatpur,"Krishna Nagar, Bharatpur - RSPCB",19-08-2024 20:00:00,27.215415,77.50873,CO,NA,NA,NA
India,Rajasthan,Bhilwara,"Pratap Nagar, Bhilwara - RSPCB",19-08-2024 20:00:00,25.339605,74.618883,PM10,29,77,50
India,Rajasthan,Bhiwadi,"RIICO Ind. Area III, Bhiwadi - RSPCB",19-08-2024 20:00:00,28.194909,76.862296,NH3,3,11,6
India,Rajasthan,Bhiwadi,"Vasundhara Nagar_UIT, Bhiwadi - RSPCB",19-08-2024 20:00:00,28.207266,76.829265,NH3,5,9,7
India,Rajasthan,Bikaner,"MM Ground, Bikaner - RSPCB",19-08-2024 20:00:00,28.018792,73.292658,PM10,14,113,47
India,Rajasthan,Bundi,"New Colony, Bundi - RSPCB",19-08-2024 20:00:00,25.435774,75.644272,OZONE,3,41,33
India,Rajasthan,Chittorgarh,"Shastri Nagar, Chittorgarh - RSPCB",19-08-2024 20:00:00,24.892047,74.623527,PM2.5,8,160,68
India,Rajasthan,Chittorgarh,"Shastri Nagar, Chittorgarh - RSPCB",19-08-2024 20:00:00,24.892047,74.623527,SO2,6,11,8
India,Rajasthan,Churu,"Subash Chowk, Churu - RSPCB",19-08-2024 20:00:00,28.296139,74.961696,NO2,1,39,7
India,Rajasthan,Churu,"Subash Chowk, Churu - RSPCB",19-08-2024 20:00:00,28.296139,74.961696,SO2,1,3,1
India,Rajasthan,Dausa,"Khatikan Mohalla, Dausa - RSPCB",19-08-2024 20:00:00,26.895552,76.334753,SO2,5,8,6
India,Rajasthan,Dausa,"Khatikan Mohalla, Dausa - RSPCB",19-08-2024 20:00:00,26.895552,76.334753,OZONE,5,45,19
India,Rajasthan,Dholpur,"Raja Ganj, Dholpur - RSPCB",19-08-2024 20:00:00,26.699557,77.898881,NH3,1,4,2
India,Rajasthan,Dholpur,"Raja Ganj, Dholpur - RSPCB",19-08-2024 20:00:00,26.699557,77.898881,SO2,2,13,8
India,Rajasthan,Dholpur,"Raja Ganj, Dholpur - RSPCB",19-08-2024 20:00:00,26.699557,77.898881,CO,1,34,15
India,Rajasthan,Dungarpur,"Bhoiwada, Dungarpur - RSPCB",19-08-2024 20:00:00,23.837789,73.714926,SO2,2,12,4
India,Rajasthan,Hanumangarh,"Housing Board, Hanumangarh - RSPCB",19-08-2024 20:00:00,29.610750,74.283608,SO2,NA,NA,NA
India,Rajasthan,Hanumangarh,"Housing Board, Hanumangarh - RSPCB",19-08-2024 20:00:00,29.610750,74.283608,OZONE,1,20,6
India,Rajasthan,Jaipur,"Mansarovar Sector-12, Jaipur - RSPCB",19-08-2024 20:00:00,26.843698,75.766894,PM2.5,18,51,29
India,Rajasthan,Jaipur,"Mansarovar Sector-12, Jaipur - RSPCB",19-08-2024 20:00:00,26.843698,75.766894,SO2,1,9,3
India,Rajasthan,Jaipur,"Police Commissionerate, Jaipur - RSPCB",19-08-2024 20:00:00,26.9164092,75.7994901,PM2.5,25,64,42
India,Rajasthan,Jaipur,"Police Commissionerate, Jaipur - RSPCB",19-08-2024 20:00:00,26.9164092,75.7994901,PM10,60,111,81
India,Rajasthan,Jaipur,"Police Commissionerate, Jaipur - RSPCB",19-08-2024 20:00:00,26.9164092,75.7994901,NO2,7,19,12
India,Rajasthan,Jaipur,"Police Commissionerate, Jaipur - RSPCB",19-08-2024 20:00:00,26.9164092,75.7994901,CO,22,60,44
India,Rajasthan,Jaipur,"RIICO Sitapura, Jaipur - RSPCB",19-08-2024 20:00:00,26.786682,75.827928,SO2,5,6,5
India,Rajasthan,Jaipur,"RIICO Sitapura, Jaipur - RSPCB",19-08-2024 20:00:00,26.786682,75.827928,OZONE,25,48,33
India,Rajasthan,Jaipur,"Shastri Nagar, Jaipur - RSPCB",19-08-2024 20:00:00,26.9502929,75.730943,OZONE,12,23,16
India,Rajasthan,Jaisalmer,"Sadar Bazar, Jaisalmer - RSPCB",19-08-2024 20:00:00,26.912329,70.909168,OZONE,19,57,35
India,Rajasthan,Jalore,"Mudtra Sili, Jalore - RSPCB",19-08-2024 20:00:00,25.344694,72.626208,NH3,2,7,4
India,Rajasthan,Jalore,"Mudtra Sili, Jalore - RSPCB",19-08-2024 20:00:00,25.344694,72.626208,CO,7,28,13
India,Rajasthan,Jhalawar,"Rajlaxmi Nagar, Jhalawar - RSPCB",19-08-2024 20:00:00,24.588397,76.172782,PM2.5,33,107,57
India,Rajasthan,Jhalawar,"Rajlaxmi Nagar, Jhalawar - RSPCB",19-08-2024 20:00:00,24.588397,76.172782,OZONE,11,52,43
India,Rajasthan,Jhunjhunu,"Indra Nagar, Jhunjhunu - RSPCB",19-08-2024 20:00:00,28.108988,75.386577,NH3,7,10,9
India,Rajasthan,Jhunjhunu,"Indra Nagar, Jhunjhunu - RSPCB",19-08-2024 20:00:00,28.108988,75.386577,CO,20,70,62
India,Rajasthan,Jhunjhunu,"Indra Nagar, Jhunjhunu - RSPCB",19-08-2024 20:00:00,28.108988,75.386577,OZONE,13,47,38
India,Rajasthan,Jodhpur,"Collectorate, Jodhpur - RSPCB",19-08-2024 20:00:00,26.268249,73.0193853,PM2.5,13,63,34
India,Rajasthan,Jodhpur,"Collectorate, Jodhpur - RSPCB",19-08-2024 20:00:00,26.268249,73.0193853,PM10,28,218,96
India,Rajasthan,Jodhpur,"Collectorate, Jodhpur - RSPCB",19-08-2024 20:00:00,26.268249,73.0193853,OZONE,20,22,20
India,Rajasthan,Jodhpur,"Digari Kalan, Jodhpur - RSPCB",19-08-2024 20:00:00,26.295810,73.082283,PM10,50,113,82
India,Rajasthan,Jodhpur,"Digari Kalan, Jodhpur - RSPCB",19-08-2024 20:00:00,26.295810,73.082283,NO2,7,37,17
India,Rajasthan,Jodhpur,"Digari Kalan, Jodhpur - RSPCB",19-08-2024 20:00:00,26.295810,73.082283,NH3,11,16,13
India,Rajasthan,Jodhpur,"Jhalamand, Jodhpur - RSPCB",19-08-2024 20:00:00,26.215415,73.070156,PM2.5,16,57,30
India,Rajasthan,Jodhpur,"Jhalamand, Jodhpur - RSPCB",19-08-2024 20:00:00,26.215415,73.070156,PM10,46,144,81
India,Rajasthan,Jodhpur,"Jhalamand, Jodhpur - RSPCB",19-08-2024 20:00:00,26.215415,73.070156,OZONE,3,39,25
India,Rajasthan,Jodhpur,"Mandor, Jodhpur - RSPCB",19-08-2024 20:00:00,26.358805,73.047444,SO2,4,5,4
India,Rajasthan,Jodhpur,"Mandor, Jodhpur - RSPCB",19-08-2024 20:00:00,26.358805,73.047444,OZONE,9,38,28
India,Rajasthan,Jodhpur,"Samrat Ashok Udhyan, Jodhpur - RSPCB",19-08-2024 20:00:00,26.253384,72.976571,NH3,3,5,4
India,Rajasthan,Karauli,"Satyawati Vihar, Karauli - RSPCB",19-08-2024 20:00:00,26.506177,77.025989,NO2,17,42,30
India,Rajasthan,Kota,"Dhanmandi, Kota - RSPCB",19-08-2024 20:00:00,25.164090,75.858137,PM2.5,13,56,26
India,Rajasthan,Kota,"Dhanmandi, Kota - RSPCB",19-08-2024 20:00:00,25.164090,75.858137,PM10,18,110,49
India,Rajasthan,Kota,"Dhanmandi, Kota - RSPCB",19-08-2024 20:00:00,25.164090,75.858137,NH3,4,6,4
India,Rajasthan,Kota,"Nayapura, Kota - RSPCB",19-08-2024 20:00:00,25.196024,75.855668,SO2,4,6,5
India,Rajasthan,Kota,"Shrinath Puram, Kota - RSPCB",19-08-2024 20:00:00,25.14389,75.821256,SO2,5,9,7
India,Rajasthan,Kota,"Shrinath Puram, Kota - RSPCB",19-08-2024 20:00:00,25.14389,75.821256,OZONE,25,42,38
India,Rajasthan,Nagaur,"Karni Colony, Nagaur - RSPCB",19-08-2024 20:00:00,27.213494,73.734444,PM10,53,104,75
India,Rajasthan,Nagaur,"Karni Colony, Nagaur - RSPCB",19-08-2024 20:00:00,27.213494,73.734444,SO2,3,6,4
India,Rajasthan,Nagaur,"Karni Colony, Nagaur - RSPCB",19-08-2024 20:00:00,27.213494,73.734444,OZONE,20,50,41
India,Rajasthan,Pratapgarh,"Pragati Nagar, Pratapgarh - RSPCB",19-08-2024 20:00:00,24.041198,74.780702,SO2,2,4,3
India,Rajasthan,Rajsamand,"Dhoinda, Rajsamand - RSPCB",19-08-2024 20:00:00,25.036360,73.883502,PM2.5,12,55,31
India,Rajasthan,Sawai Madhopur,"Sahu Nagar, Sawai Madhopur - RSPCB",19-08-2024 20:00:00,26.031443,76.359327,OZONE,16,54,44
India,Rajasthan,Sikar,"Radhakishan Pura, Sikar - RSPCB",19-08-2024 20:00:00,27.608912,75.153302,NH3,1,4,2
India,Rajasthan,Sirohi,"Vedhaynath Colony, Sirohi - RSPCB",19-08-2024 20:00:00,24.885261,72.857549,OZONE,11,52,45
India,Rajasthan,Sri Ganganagar,"Old City, Sri Ganganagar - RSPCB",19-08-2024 20:00:00,29.931624,73.864511,SO2,1,5,3
India,Rajasthan,Tonk,"Shastri Nagar, Tonk - RSPCB",19-08-2024 20:00:00,26.159933,75.780517,PM10,NA,NA,NA
India,Rajasthan,Udaipur,"Ashok Nagar, Udaipur - RSPCB",19-08-2024 20:00:00,24.5886166,73.6321397,NH3,2,15,8
India,Sikkim,Gangtok,"Zero Point GICI, Gangtok - SSPCB",19-08-2024 20:00:00,27.338530,88.614099,NO2,NA,NA,NA
India,Sikkim,Gangtok,"Zero Point GICI, Gangtok - SSPCB",19-08-2024 20:00:00,27.338530,88.614099,OZONE,12,33,26
India,TamilNadu,Ariyalur,"Keelapalur, Ariyalur - TNPCB",19-08-2024 20:00:00,11.06825,79.07033,PM10,8,126,28
India,TamilNadu,Chennai,"Alandur Bus Depot, Chennai - CPCB",19-08-2024 20:00:00,12.9099161,80.1076538,PM10,23,497,103
India,TamilNadu,Chennai,"Alandur Bus Depot, Chennai - CPCB",19-08-2024 20:00:00,12.9099161,80.1076538,NO2,5,12,6
India,TamilNadu,Chennai,"Arumbakkam, Chennai - TNPCB",19-08-2024 20:00:00,13.0664,80.2112 ,PM10,10,82,37
India,TamilNadu,Chennai,"Kodungaiyur, Chennai - TNPCB",19-08-2024 20:00:00,13.1278,80.2642,PM10,7,70,30
India,TamilNadu,Chennai,"Kodungaiyur, Chennai - TNPCB",19-08-2024 20:00:00,13.1278,80.2642,NH3,3,5,4
India,TamilNadu,Chennai,"Manali Village, Chennai - TNPCB",19-08-2024 20:00:00,13.1662,80.2584,PM2.5,22,77,43
India,TamilNadu,Chennai,"Manali Village, Chennai - TNPCB",19-08-2024 20:00:00,13.1662,80.2584,SO2,11,22,16
India,TamilNadu,Chennai,"Manali, Chennai - CPCB",19-08-2024 20:00:00,13.164544,80.26285,NO2,3,10,8
India,TamilNadu,Chennai,"Manali, Chennai - CPCB",19-08-2024 20:00:00,13.164544,80.26285,NH3,3,7,6
India,TamilNadu,Chennai,"Perungudi, Chennai - TNPCB",19-08-2024 20:00:00,12.9533,80.2357,NO2,1,5,3
India,TamilNadu,Chennai,"Royapuram, Chennai - TNPCB",19-08-2024 20:00:00,13.1036,80.2909,OZONE,14,21,17
India,TamilNadu,Chennai,"Velachery Res. Area, Chennai - CPCB",19-08-2024 20:00:00,13.0052189,80.2398125,NO2,19,28,22
India,TamilNadu,Chennai,"Velachery Res. Area, Chennai - CPCB",19-08-2024 20:00:00,13.0052189,80.2398125,NH3,12,19,16
India,TamilNadu,Chennai,"Velachery Res. Area, Chennai - CPCB",19-08-2024 20:00:00,13.0052189,80.2398125,CO,55,56,55
India,TamilNadu,Coimbatore,"PSG College of Arts and Science, Coimbatore - TNPCB",19-08-2024 20:00:00,11.0328,77.0349,NH3,NA,NA,NA
India,TamilNadu,Coimbatore,"PSG College of Arts and Science, Coimbatore - TNPCB",19-08-2024 20:00:00,11.0328,77.0349,OZONE,4,5,4
India,TamilNadu,Gummidipoondi,"Anthoni Pillai Nagar, Gummidipoondi - TNPCB",19-08-2024 20:00:00,13.4127,80.1081,PM2.5,38,271,75
India,TamilNadu,Palkalaiperur,"Bharathidasan University, Palkalaiperur - TNPCB",19-08-2024 20:00:00,10.681158,78.741746,CO,2,8,4
India,TamilNadu,Ramanathapuram,"Chalai Bazaar, Ramanathapuram - TNPCB",19-08-2024 20:00:00,9.36399,78.831977,NH3,NA,NA,NA
India,TamilNadu,Tirunelveli,"Municipal Corporation Office, Tirunelveli - TNPCB",19-08-2024 20:00:00,8.728442,77.6962,PM2.5,8,30,19
India,TamilNadu,Tirunelveli,"Municipal Corporation Office, Tirunelveli - TNPCB",19-08-2024 20:00:00,8.728442,77.6962,PM10,NA,NA,NA
India,TamilNadu,Tirunelveli,"Municipal Corporation Office, Tirunelveli - TNPCB",19-08-2024 20:00:00,8.728442,77.6962,OZONE,6,7,6
India,TamilNadu,Tirupur,"Kumaran College, Tirupur - TNPCB",19-08-2024 20:00:00,11.0973603,77.3228673,PM10,NA,NA,NA
India,TamilNadu,Tirupur,"Kumaran College, Tirupur - TNPCB",19-08-2024 20:00:00,11.0973603,77.3228673,NO2,NA,NA,NA
India,TamilNadu,Tirupur,"Kumaran College, Tirupur - TNPCB",19-08-2024 20:00:00,11.0973603,77.3228673,CO,34,44,39
India,Telangana,Hyderabad,"Bollaram Industrial Area, Hyderabad - TSPCB",19-08-2024 20:00:00,17.540891,78.358528,SO2,1,61,17
India,Telangana,Hyderabad,"Central University, Hyderabad - TSPCB",19-08-2024 20:00:00,17.460103,78.334361,PM10,18,76,44
India,Telangana,Hyderabad,"Central University, Hyderabad - TSPCB",19-08-2024 20:00:00,17.460103,78.334361,CO,18,49,31
India,Telangana,Hyderabad,"ECIL Kapra, Hyderabad - TSPCB",19-08-2024 20:00:00,17.470431,78.566959,NO2,11,14,12
India,Telangana,Hyderabad,"IDA Pashamylaram, Hyderabad - TSPCB",19-08-2024 20:00:00,17.5316895,78.218939,PM10,NA,NA,NA
India,Telangana,Hyderabad,"Kokapet, Hyderabad - TSPCB",19-08-2024 20:00:00,17.393559,78.339194,PM10,67,68,68
India,Telangana,Hyderabad,"Kokapet, Hyderabad - TSPCB",19-08-2024 20:00:00,17.393559,78.339194,SO2,7,17,12
India,Telangana,Hyderabad,"Kompally Municipal Office, Hyderabad - TSPCB",19-08-2024 20:00:00,17.544899,78.486949,NH3,NA,NA,NA
India,Telangana,Hyderabad,"Kompally Municipal Office, Hyderabad - TSPCB",19-08-2024 20:00:00,17.544899,78.486949,CO,14,15,14
India,Telangana,Hyderabad,"Nacharam_TSIIC IALA, Hyderabad - TSPCB",19-08-2024 20:00:00,17.429398,78.569354,SO2,12,21,18
India,Telangana,Hyderabad,"New Malakpet, Hyderabad - TSPCB",19-08-2024 20:00:00,17.37206,78.50864,OZONE,18,70,38
India,Telangana,Hyderabad,"Ramachandrapuram, Hyderabad - TSPCB",19-08-2024 20:00:00,17.528544,78.286195,SO2,NA,NA,NA
India,Telangana,Hyderabad,"Ramachandrapuram, Hyderabad - TSPCB",19-08-2024 20:00:00,17.528544,78.286195,CO,18,22,20
India,Telangana,Hyderabad,"Zoo Park, Hyderabad - TSPCB",19-08-2024 20:00:00,17.349694,78.451437,PM2.5,NA,NA,NA
India,Telangana,Hyderabad,"Zoo Park, Hyderabad - TSPCB",19-08-2024 20:00:00,17.349694,78.451437,OZONE,NA,NA,NA
India,Uttar_Pradesh,Agra,"Manoharpur, Agra - UPPCB",19-08-2024 20:00:00,27.23711,78.01936,NH3,2,2,2
India,Uttar_Pradesh,Agra,"Manoharpur, Agra - UPPCB",19-08-2024 20:00:00,27.23711,78.01936,CO,6,8,6
India,Uttar_Pradesh,Agra,"Rohta, Agra - UPPCB",19-08-2024 20:00:00,27.106972,78.000111,CO,6,10,8
India,Uttar_Pradesh,Agra,"Sanjay Palace, Agra - UPPCB",19-08-2024 20:00:00,27.19865833,78.00598056,CO,7,61,32
India,Uttar_Pradesh,Agra,"Sector-3B Avas Vikas Colony, Agra - UPPCB",19-08-2024 20:00:00,27.19412,77.96237,PM10,10,32,19
India,Uttar_Pradesh,Agra,"Shahjahan Garden, Agra - UPPCB",19-08-2024 20:00:00,27.169338,78.03582,PM2.5,4,30,19
India,Uttar_Pradesh,Agra,"Shastripuram, Agra - UPPCB",19-08-2024 20:00:00,27.19862,77.92066,NO2,19,83,27
India,Uttar_Pradesh,Agra,"Shastripuram, Agra - UPPCB",19-08-2024 20:00:00,27.19862,77.92066,NH3,2,10,2
India,Uttar_Pradesh,Agra,"Shastripuram, Agra - UPPCB",19-08-2024 20:00:00,27.19862,77.92066,CO,3,11,9
India,Uttar_Pradesh,Baghpat,"Sardar Patel Inter College, Baghpat - UPPCB",19-08-2024 20:00:00,28.964949,77.278761,CO,32,56,36
India,Uttar_Pradesh,Bareilly,"Civil Lines, Bareilly - UPPCB",19-08-2024 20:00:00,28.359581,79.414455,NH3,NA,NA,NA
India,Uttar_Pradesh,Bareilly,"Civil Lines, Bareilly - UPPCB",19-08-2024 20:00:00,28.359581,79.414455,CO,12,32,14
India,Uttar_Pradesh,Bareilly,"Rajendra Nagar, Bareilly - UPPCB",19-08-2024 20:00:00,28.38910936,79.42963708,SO2,19,20,20
India,Uttar_Pradesh,Bareilly,"Rajendra Nagar, Bareilly - UPPCB",19-08-2024 20:00:00,28.38910936,79.42963708,CO,4,12,6
India,Uttar_Pradesh,Bulandshahr,"Yamunapuram, Bulandshahr - UPPCB",19-08-2024 20:00:00,28.406963,77.849831,NO2,12,47,26
India,Uttar_Pradesh,Bulandshahr,"Yamunapuram, Bulandshahr - UPPCB",19-08-2024 20:00:00,28.406963,77.849831,NH3,3,10,6
India,Uttar_Pradesh,Bulandshahr,"Yamunapuram, Bulandshahr - UPPCB",19-08-2024 20:00:00,28.406963,77.849831,CO,30,47,35
India,Uttar_Pradesh,Bulandshahr,"Yamunapuram, Bulandshahr - UPPCB",19-08-2024 20:00:00,28.406963,77.849831,OZONE,3,25,16
India,Uttar_Pradesh,Firozabad,"Nagla Bhau, Firozabad - UPPCB",19-08-2024 20:00:00,27.168897,78.376960,PM2.5,12,77,34
India,Uttar_Pradesh,Firozabad,"Nagla Bhau, Firozabad - UPPCB",19-08-2024 20:00:00,27.168897,78.376960,SO2,22,29,24
India,Uttar_Pradesh,Ghaziabad,"Indirapuram, Ghaziabad - UPPCB",19-08-2024 20:00:00,28.646233,77.358075,PM10,48,134,87
India,Uttar_Pradesh,Ghaziabad,"Indirapuram, Ghaziabad - UPPCB",19-08-2024 20:00:00,28.646233,77.358075,CO,20,71,36
India,Uttar_Pradesh,Ghaziabad,"Indirapuram, Ghaziabad - UPPCB",19-08-2024 20:00:00,28.646233,77.358075,OZONE,4,24,20
India,Uttar_Pradesh,Ghaziabad,"Loni, Ghaziabad - UPPCB",19-08-2024 20:00:00,28.757294,77.278792,NH3,1,9,3
India,Uttar_Pradesh,Ghaziabad,"Loni, Ghaziabad - UPPCB",19-08-2024 20:00:00,28.757294,77.278792,OZONE,11,30,26
India,Uttar_Pradesh,Ghaziabad,"Sanjay Nagar, Ghaziabad - UPPCB",19-08-2024 20:00:00,28.685382,77.453839,NH3,NA,NA,NA
India,Uttar_Pradesh,Ghaziabad,"Vasundhara, Ghaziabad - UPPCB",19-08-2024 20:00:00,28.6603346,77.3572563,PM2.5,18,129,61
India,Uttar_Pradesh,Ghaziabad,"Vasundhara, Ghaziabad - UPPCB",19-08-2024 20:00:00,28.6603346,77.3572563,CO,1,68,29
India,Uttar_Pradesh,Ghaziabad,"Vasundhara, Ghaziabad - UPPCB",19-08-2024 20:00:00,28.6603346,77.3572563,OZONE,18,30,29
India,Uttar_Pradesh,Gorakhpur,"Madan Mohan Malaviya University of Technology, Gorakhpur - UPPCB",19-08-2024 20:00:00,26.730136,83.433859,PM2.5,25,109,50
India,Uttar_Pradesh,Greater Noida,"Knowledge Park - III, Greater Noida - UPPCB",19-08-2024 20:00:00,28.47272,77.482000,PM2.5,32,75,52
India,Uttar_Pradesh,Greater Noida,"Knowledge Park - III, Greater Noida - UPPCB",19-08-2024 20:00:00,28.47272,77.482000,PM10,46,113,85
India,Uttar_Pradesh,Greater Noida,"Knowledge Park - III, Greater Noida - UPPCB",19-08-2024 20:00:00,28.47272,77.482000,SO2,NA,NA,NA
India,Uttar_Pradesh,Hapur,"Anand Vihar, Hapur - UPPCB",19-08-2024 20:00:00,28.725645,77.749675,PM2.5,17,88,48
India,Uttar_Pradesh,Hapur,"Anand Vihar, Hapur - UPPCB",19-08-2024 20:00:00,28.725645,77.749675,NH3,4,6,6
India,Uttar_Pradesh,Jhansi,"Shivaji Nagar, Jhansi - UPPCB",19-08-2024 20:00:00,25.4547,78.6039,PM10,30,152,77
India,Uttar_Pradesh,Jhansi,"Shivaji Nagar, Jhansi - UPPCB",19-08-2024 20:00:00,25.4547,78.6039,SO2,23,33,26
India,Uttar_Pradesh,Kanpur,"FTI Kidwai Nagar, Kanpur - UPPCB",19-08-2024 20:00:00,26.428282,80.327067,NO2,23,23,23
India,Uttar_Pradesh,Kanpur,"FTI Kidwai Nagar, Kanpur - UPPCB",19-08-2024 20:00:00,26.428282,80.327067,NH3,2,2,2
India,Uttar_Pradesh,Kanpur,"Nehru Nagar, Kanpur - UPPCB",19-08-2024 20:00:00,26.4703136,80.3229863,NO2,8,40,28
India,Uttar_Pradesh,Kanpur,"Nehru Nagar, Kanpur - UPPCB",19-08-2024 20:00:00,26.4703136,80.3229863,CO,13,66,52
India,Uttar_Pradesh,Khurja,"Kalindi Kunj, Khurja - UPPCB",19-08-2024 20:00:00,28.2348927,77.8683002,PM10,38,190,104
India,Uttar_Pradesh,Khurja,"Kalindi Kunj, Khurja - UPPCB",19-08-2024 20:00:00,28.2348927,77.8683002,NH3,1,1,1
India,Uttar_Pradesh,Khurja,"Kalindi Kunj, Khurja - UPPCB",19-08-2024 20:00:00,28.2348927,77.8683002,SO2,22,28,26
India,Uttar_Pradesh,Lucknow,"Gomti Nagar, Lucknow - UPPCB",19-08-2024 20:00:00,26.868120,81.005119,PM2.5,NA,NA,NA
India,Uttar_Pradesh,Lucknow,"Kendriya Vidyalaya, Lucknow - CPCB",19-08-2024 20:00:00,26.906111,80.948222,NO2,9,22,15
India,Uttar_Pradesh,Lucknow,"Kukrail Picnic Spot-1, Lucknow - UPPCB",19-08-2024 20:00:00,26.90723,80.98579,OZONE,3,18,14
India,Uttar_Pradesh,Lucknow,"Lalbagh, Lucknow - CPCB",19-08-2024 20:00:00,26.8458805,80.9365541,OZONE,16,44,35
India,Uttar_Pradesh,Meerut,"Ganga Nagar, Meerut - UPPCB",19-08-2024 20:00:00,28.999264,77.7590354,SO2,6,15,10
India,Uttar_Pradesh,Moradabad,"Buddhi Vihar, Moradabad - UPPCB",19-08-2024 20:00:00,28.83526,78.74460,NO2,23,23,23
India,Uttar_Pradesh,Moradabad,"Buddhi Vihar, Moradabad - UPPCB",19-08-2024 20:00:00,28.83526,78.74460,NH3,3,3,3
India,Uttar_Pradesh,Moradabad,"Eco Herbal Park, Moradabad - UPPCB",19-08-2024 20:00:00,28.840739,78.697531,PM10,17,96,47
India,Uttar_Pradesh,Moradabad,"Eco Herbal Park, Moradabad - UPPCB",19-08-2024 20:00:00,28.840739,78.697531,CO,5,74,19
India,Uttar_Pradesh,Moradabad,"Employment Office, Moradabad - UPPCB",19-08-2024 20:00:00,28.88528,78.73880,PM2.5,22,70,35
India,Uttar_Pradesh,Moradabad,"Jigar Colony, Moradabad - UPPCB",19-08-2024 20:00:00,28.856664,78.772638,PM2.5,15,89,37
India,Uttar_Pradesh,Moradabad,"Kashiram Nagar, Moradabad - UPPCB",19-08-2024 20:00:00,28.849399,78.742362,NO2,15,16,15
India,Uttar_Pradesh,Moradabad,"Transport Nagar, Moradabad - UPPCB",19-08-2024 20:00:00,28.802625,78.753728,PM2.5,19,44,31
India,Uttar_Pradesh,Moradabad,"Transport Nagar, Moradabad - UPPCB",19-08-2024 20:00:00,28.802625,78.753728,CO,38,41,39
India,Uttar_Pradesh,Noida,"Sector - 62, Noida - IMD",19-08-2024 20:00:00,28.6245479,77.3577104,NO2,10,12,11
India,Uttar_Pradesh,Noida,"Sector-116, Noida - UPPCB",19-08-2024 20:00:00,28.569230,77.393848,OZONE,2,46,28
India,Uttar_Pradesh,Prayagraj,"Jhunsi, Prayagraj - UPPCB",19-08-2024 20:00:00,25.425602,81.917152,PM2.5,4,36,14
India,Uttar_Pradesh,Prayagraj,"Jhunsi, Prayagraj - UPPCB",19-08-2024 20:00:00,25.425602,81.917152,NH3,5,5,5
India,Uttar_Pradesh,Prayagraj,"Jhunsi, Prayagraj - UPPCB",19-08-2024 20:00:00,25.425602,81.917152,SO2,30,31,30
India,Uttar_Pradesh,Prayagraj,"Nagar Nigam, Prayagraj - UPPCB",19-08-2024 20:00:00,25.44919916 ,81.82735986 ,PM2.5,15,67,28
India,Uttar_Pradesh,Prayagraj,"Nagar Nigam, Prayagraj - UPPCB",19-08-2024 20:00:00,25.44919916 ,81.82735986 ,CO,10,42,16
India,Uttar_Pradesh,Prayagraj,"Nagar Nigam, Prayagraj - UPPCB",19-08-2024 20:00:00,25.44919916 ,81.82735986 ,OZONE,11,12,11
India,Uttar_Pradesh,Varanasi,"Ardhali Bazar, Varanasi - UPPCB",19-08-2024 20:00:00,25.3505986,82.9083074,NO2,NA,NA,NA
India,Uttar_Pradesh,Varanasi,"Ardhali Bazar, Varanasi - UPPCB",19-08-2024 20:00:00,25.3505986,82.9083074,CO,NA,NA,NA
India,Uttar_Pradesh,Varanasi,"Bhelupur, Varanasi - UPPCB",19-08-2024 20:00:00,25.301778,82.996789,PM10,22,261,58
India,Uttar_Pradesh,Varanasi,"Bhelupur, Varanasi - UPPCB",19-08-2024 20:00:00,25.301778,82.996789,NH3,1,1,1
India,Uttar_Pradesh,Varanasi,"Bhelupur, Varanasi - UPPCB",19-08-2024 20:00:00,25.301778,82.996789,SO2,37,38,37
India,Uttar_Pradesh,Varanasi,"IESD Banaras Hindu University, Varanasi - UPPCB",19-08-2024 20:00:00,25.262326,82.995408,PM2.5,7,35,19
India,Uttar_Pradesh,Varanasi,"Maldahiya, Varanasi - UPPCB",19-08-2024 20:00:00,25.32393,82.99687,NO2,1,2,2
India,Uttar_Pradesh,Varanasi,"Maldahiya, Varanasi - UPPCB",19-08-2024 20:00:00,25.32393,82.99687,CO,2,19,9
India,Uttar_Pradesh,Varanasi,"Maldahiya, Varanasi - UPPCB",19-08-2024 20:00:00,25.32393,82.99687,OZONE,2,5,4
India,Uttarakhand,Dehradun,"Doon University, Dehradun - UKPCB",19-08-2024 20:00:00,30.269444,78.044167,PM2.5,10,55,37
India,Uttarakhand,Kashipur,"Govt. Girls Inter College, Kashipur - UKPCB",19-08-2024 20:00:00,29.2124114,78.9611753,NO2,7,7,7
India,Uttarakhand,Rishikesh,"Shivaji Nagar, Rishikesh - UKPCB",19-08-2024 20:00:00,30.075911,78.2859547,PM2.5,10,50,21
India,Uttarakhand,Rishikesh,"Shivaji Nagar, Rishikesh - UKPCB",19-08-2024 20:00:00,30.075911,78.2859547,CO,16,59,29
India,West_Bengal,Asansol,"Evelyn Lodge, Asansol - WBPCB",19-08-2024 20:00:00,23.6979360,86.9443950,PM10,12,63,32
India,West_Bengal,Asansol,"Evelyn Lodge, Asansol - WBPCB",19-08-2024 20:00:00,23.6979360,86.9443950,SO2,3,4,4
India,West_Bengal,Asansol,"Evelyn Lodge, Asansol - WBPCB",19-08-2024 20:00:00,23.6979360,86.9443950,CO,14,34,19
India,West_Bengal,Asansol,"Evelyn Lodge, Asansol - WBPCB",19-08-2024 20:00:00,23.6979360,86.9443950,OZONE,14,24,18
India,West_Bengal,Asansol,"Trivenidevi Bhalotia College, Asansol - WBPCB",19-08-2024 20:00:00,23.616515,87.119133,NO2,13,40,24
India,West_Bengal,Asansol,"Trivenidevi Bhalotia College, Asansol - WBPCB",19-08-2024 20:00:00,23.616515,87.119133,OZONE,6,35,26
India,West_Bengal,Barrackpore,"SVSPA Campus, Barrackpore - WBPCB",19-08-2024 20:00:00,22.7605581,88.3617589,NH3,1,2,2
India,West_Bengal,Barrackpore,"SVSPA Campus, Barrackpore - WBPCB",19-08-2024 20:00:00,22.7605581,88.3617589,OZONE,4,26,14
India,West_Bengal,Durgapur,"PCBL Residential Complex, Durgapur - WBPCB",19-08-2024 20:00:00,23.5087640,87.3544400,NH3,1,2,1
India,West_Bengal,Durgapur,"PCBL Residential Complex, Durgapur - WBPCB",19-08-2024 20:00:00,23.5087640,87.3544400,OZONE,1,7,5
India,West_Bengal,Haldia,"Priyambada Housing Estate, Haldia - WBPCB",19-08-2024 20:00:00,22.06047,88.109737,PM10,20,65,35
India,West_Bengal,Haldia,"Priyambada Housing Estate, Haldia - WBPCB",19-08-2024 20:00:00,22.06047,88.109737,NO2,10,11,11
India,West_Bengal,Howrah,"Botanical Garden, Howrah - WBPCB",19-08-2024 20:00:00,22.554954,88.292568,NH3,1,1,1
India,West_Bengal,Howrah,"Ghusuri, Howrah - WBPCB",19-08-2024 20:00:00,22.611968,88.347422,SO2,4,10,5
India,West_Bengal,Howrah,"Padmapukur, Howrah - WBPCB",19-08-2024 20:00:00,22.5687319,88.2797276,CO,10,37,18
India,West_Bengal,Kolkata,"Ballygunge, Kolkata - WBPCB",19-08-2024 20:00:00,22.5367507,88.3638022,PM10,35,60,47
India,West_Bengal,Kolkata,"Ballygunge, Kolkata - WBPCB",19-08-2024 20:00:00,22.5367507,88.3638022,NO2,39,105,56
India,West_Bengal,Kolkata,"Ballygunge, Kolkata - WBPCB",19-08-2024 20:00:00,22.5367507,88.3638022,SO2,2,6,4
India,West_Bengal,Kolkata,"Ballygunge, Kolkata - WBPCB",19-08-2024 20:00:00,22.5367507,88.3638022,CO,24,56,44
India,West_Bengal,Kolkata,"Bidhannagar, Kolkata - WBPCB",19-08-2024 20:00:00,22.58157048,88.41002457,SO2,13,18,16
India,West_Bengal,Kolkata,"Rabindra Bharati University, Kolkata - WBPCB",19-08-2024 20:00:00,22.627847,88.380669,NO2,20,29,24
India,West_Bengal,Kolkata,"Rabindra Sarobar, Kolkata - WBPCB",19-08-2024 20:00:00,22.51106,88.35142,NH3,6,7,6
India,West_Bengal,Kolkata,"Rabindra Sarobar, Kolkata - WBPCB",19-08-2024 20:00:00,22.51106,88.35142,SO2,3,10,7
India,West_Bengal,Kolkata,"Rabindra Sarobar, Kolkata - WBPCB",19-08-2024 20:00:00,22.51106,88.35142,OZONE,7,22,12
India,West_Bengal,Kolkata,"Victoria, Kolkata - WBPCB",19-08-2024 20:00:00,22.5448082,88.3403691,SO2,5,7,6
India,West_Bengal,Siliguri,"Ward-32 Bapupara, Siliguri - WBPCB",19-08-2024 20:00:00,26.6879226,88.4152495,OZONE,12,14,13
