country,state,city,station,last_update,latitude,longitude,pollutant_id,pollutant_min,pollutant_max,pollutant_avg
India,Andhra_Pradesh,Anantapur,"Gulzarpet, Anantapur - APPCB",02-05-2024 10:00:00,14.675886,77.593027,SO2,2,12,6
India,Andhra_Pradesh,Chittoor,"Gangineni Cheruvu, Chittoor - APPCB",02-05-2024 10:00:00,13.204880,79.097889,PM2.5,26,120,67
India,Andhra_Pradesh,Chittoor,"Gangineni Cheruvu, Chittoor - APPCB",02-05-2024 10:00:00,13.204880,79.097889,PM10,29,112,71
India,Andhra_Pradesh,Kadapa,"Yerramukkapalli, Kadapa - APPCB",02-05-2024 10:00:00,14.465052,78.824187,NO2,7,13,12
India,Andhra_Pradesh,Kadapa,"Yerramukkapalli, Kadapa - APPCB",02-05-2024 10:00:00,14.465052,78.824187,OZONE,28,82,44
India,Andhra_Pradesh,Tirupati,"Tirumala, Tirupati - APPCB",02-05-2024 10:00:00,13.67,79.35,OZONE,21,70,26
India,Andhra_Pradesh,Vijayawada,"HB Colony, Vijayawada - APPCB",02-05-2024 10:00:00,16.536107,80.594233,PM2.5,35,65,46
India,Andhra_Pradesh,Vijayawada,"Kanuru, Vijayawada - APPCB",02-05-2024 10:00:00,16.486692,80.699436,SO2,5,11,9
India,Andhra_Pradesh,Vijayawada,"Kanuru, Vijayawada - APPCB",02-05-2024 10:00:00,16.486692,80.699436,OZONE,28,28,28
India,Andhra_Pradesh,Vijayawada,"Rajiv Gandhi Park, Vijayawada - APPCB",02-05-2024 10:00:00,16.509717,80.612222,NH3,1,3,2
India,Andhra_Pradesh,Vijayawada,"Rajiv Nagar, Vijayawada - APPCB",02-05-2024 10:00:00,16.554731,80.649110,SO2,15,23,19
India,Andhra_Pradesh,Vijayawada,"Rajiv Nagar, Vijayawada - APPCB",02-05-2024 10:00:00,16.554731,80.649110,CO,40,40,40
India,Andhra_Pradesh,Vijayawada,"Rajiv Nagar, Vijayawada - APPCB",02-05-2024 10:00:00,16.554731,80.649110,OZONE,8,45,13
India,Andhra_Pradesh,Visakhapatnam,"GVM Corporation, Visakhapatnam - APPCB",02-05-2024 10:00:00,17.72,83.3,OZONE,12,16,14
India,Arunachal_Pradesh,Naharlagun,"Naharlagun, Naharlagun - APSPCB",02-05-2024 10:00:00,27.103358,93.679645,PM2.5,37,86,61
India,Arunachal_Pradesh,Naharlagun,"Naharlagun, Naharlagun - APSPCB",02-05-2024 10:00:00,27.103358,93.679645,PM10,37,85,60
India,Arunachal_Pradesh,Naharlagun,"Naharlagun, Naharlagun - APSPCB",02-05-2024 10:00:00,27.103358,93.679645,OZONE,2,2,2
India,Assam,Byrnihat,"Central Academy for SFS, Byrnihat - PCBA",02-05-2024 10:00:00,26.071318,91.87488,NO2,42,83,60
India,Assam,Guwahati,"LGBI Airport, Guwahati - PCBA",02-05-2024 10:00:00,26.10887,91.589544,PM10,91,216,135
India,Assam,Guwahati,"Pan Bazaar, Guwahati - PCBA",02-05-2024 10:00:00,26.187500,91.744194,PM10,85,182,130
India,Assam,Guwahati,"Pan Bazaar, Guwahati - PCBA",02-05-2024 10:00:00,26.187500,91.744194,NH3,2,5,3
India,Assam,Guwahati,"Pan Bazaar, Guwahati - PCBA",02-05-2024 10:00:00,26.187500,91.744194,SO2,39,67,51
India,Assam,Guwahati,"Pan Bazaar, Guwahati - PCBA",02-05-2024 10:00:00,26.187500,91.744194,CO,22,80,46
India,Assam,Guwahati,"Railway Colony, Guwahati - PCBA",02-05-2024 10:00:00,26.181742,91.78063,PM2.5,74,340,197
India,Assam,Guwahati,"Railway Colony, Guwahati - PCBA",02-05-2024 10:00:00,26.181742,91.78063,CO,16,112,37
India,Assam,Nagaon,"Christianpatty, Nagaon - PCBA",02-05-2024 10:00:00,26.349082,92.68449,NH3,2,6,4
India,Assam,Nagaon,"Christianpatty, Nagaon - PCBA",02-05-2024 10:00:00,26.349082,92.68449,OZONE,11,79,41
India,Assam,Nalbari,"Bata Chowk, Nalbari - PCBA",02-05-2024 10:00:00,26.446912,91.439057,PM2.5,47,183,96
India,Assam,Silchar,"Tarapur, Silchar - PCBA",02-05-2024 10:00:00,24.82827,92.79525,NO2,13,13,13
India,Assam,Sivasagar,"Girls College, Sivasagar - PCBA",02-05-2024 10:00:00,26.987634,94.636574,NO2,9,15,12
India,Assam,Sivasagar,"Girls College, Sivasagar - PCBA",02-05-2024 10:00:00,26.987634,94.636574,NH3,1,2,1
India,Assam,Sivasagar,"Girls College, Sivasagar - PCBA",02-05-2024 10:00:00,26.987634,94.636574,OZONE,1,11,3
India,Bihar,Aurangabad,"Gurdeo Nagar, Aurangabad - BSPCB",02-05-2024 10:00:00,24.75746,84.366208,NO2,2,18,6
India,Bihar,Bettiah,"Kamalnath Nagar, Bettiah - BSPCB",02-05-2024 10:00:00,26.80365,84.51954,CO,62,66,63
India,Bihar,Bhagalpur,"DM Office_Kachari Chowk, Bhagalpur - BSPCB",02-05-2024 10:00:00,25.251013,86.989001,PM10,59,232,166
India,Bihar,Bhagalpur,"DM Office_Kachari Chowk, Bhagalpur - BSPCB",02-05-2024 10:00:00,25.251013,86.989001,NO2,37,121,78
India,Bihar,Bhagalpur,"DM Office_Kachari Chowk, Bhagalpur - BSPCB",02-05-2024 10:00:00,25.251013,86.989001,SO2,16,17,16
India,Bihar,Bhagalpur,"Mayaganj, Bhagalpur - BSPCB",02-05-2024 10:00:00,25.265194,87.012947,PM2.5,57,137,82
India,Bihar,Bhagalpur,"Mayaganj, Bhagalpur - BSPCB",02-05-2024 10:00:00,25.265194,87.012947,OZONE,40,162,57
India,Bihar,Bihar Sharif,"D M Colony, Bihar Sharif - BSPCB",02-05-2024 10:00:00,25.204762,85.514960,PM10,63,113,82
India,Bihar,Buxar,"Charitra Van, Buxar - BSPCB (Formerly known as Central Jail)",02-05-2024 10:00:00,25.567520,83.966379,OZONE,5,243,187
India,Bihar,Chhapra,"Darshan Nagar, Chhapra - BSPCB",02-05-2024 10:00:00,25.7808257,84.7446768,PM10,116,225,138
India,Bihar,Chhapra,"Darshan Nagar, Chhapra - BSPCB",02-05-2024 10:00:00,25.7808257,84.7446768,CO,41,74,52
India,Bihar,Gaya,"Kareemganj, Gaya - BSPCB",02-05-2024 10:00:00,24.792403,84.992416,PM2.5,20,73,41
India,Bihar,Gaya,"Kareemganj, Gaya - BSPCB",02-05-2024 10:00:00,24.792403,84.992416,NH3,1,5,3
India,Bihar,Gaya,"SFTI Kusdihra, Gaya - BSPCB",02-05-2024 10:00:00,24.762518,84.982348,CO,NA,NA,NA
India,Bihar,Hajipur,"Industrial Area, Hajipur - BSPCB",02-05-2024 10:00:00,25.697189,85.245900,NH3,1,16,7
India,Bihar,Katihar,"Mirchaibari, Katihar - BSPCB",02-05-2024 10:00:00,25.560083,87.553265,SO2,16,22,18
India,Bihar,Katihar,"Mirchaibari, Katihar - BSPCB",02-05-2024 10:00:00,25.560083,87.553265,OZONE,12,26,14
India,Bihar,Kishanganj,"SDM Office_Khagra, Kishanganj - BSPCB",02-05-2024 10:00:00,26.0881305,87.93840336,NO2,27,34,30
India,Bihar,Kishanganj,"SDM Office_Khagra, Kishanganj - BSPCB",02-05-2024 10:00:00,26.0881305,87.93840336,NH3,9,10,9
India,Bihar,Manguraha,"Forest Rest House, Manguraha - BSPCB",02-05-2024 10:00:00,27.308328,84.531742,NO2,7,22,19
India,Bihar,Manguraha,"Forest Rest House, Manguraha - BSPCB",02-05-2024 10:00:00,27.308328,84.531742,CO,11,70,46
India,Bihar,Manguraha,"Forest Rest House, Manguraha - BSPCB",02-05-2024 10:00:00,27.308328,84.531742,OZONE,2,114,49
India,Bihar,Motihari,"Gandak Colony, Motihari - BSPCB",02-05-2024 10:00:00,26.63086,84.90051,PM2.5,30,103,58
India,Bihar,Munger,"Town Hall, Munger - BSPCB",02-05-2024 10:00:00,25.376776,86.471523,PM10,88,172,131
India,Bihar,Muzaffarpur,"Buddha Colony, Muzaffarpur - BSPCB",02-05-2024 10:00:00,26.11442,85.39813,OZONE,13,31,17
India,Bihar,Muzaffarpur,"MIT-Daudpur Kothi, Muzaffarpur - BSPCB",02-05-2024 10:00:00,26.1403345,85.3650192,PM10,95,159,124
India,Bihar,Muzaffarpur,"MIT-Daudpur Kothi, Muzaffarpur - BSPCB",02-05-2024 10:00:00,26.1403345,85.3650192,SO2,4,4,4
India,Bihar,Patna,"Govt. High School Shikarpur, Patna - BSPCB",02-05-2024 10:00:00,25.592539,85.227158,NH3,5,6,5
India,Bihar,Patna,"Muradpur, Patna - BSPCB",02-05-2024 10:00:00,25.619651,85.147382,NO2,15,72,32
India,Bihar,Patna,"Muradpur, Patna - BSPCB",02-05-2024 10:00:00,25.619651,85.147382,CO,15,98,62
India,Bihar,Patna,"Rajbansi Nagar, Patna - BSPCB",02-05-2024 10:00:00,25.599486,85.113666,PM2.5,161,294,250
India,Bihar,Patna,"Samanpura, Patna - BSPCB",02-05-2024 10:00:00,25.596727,85.085624,PM10,172,438,252
India,Bihar,Patna,"Samanpura, Patna - BSPCB",02-05-2024 10:00:00,25.596727,85.085624,CO,28,104,74
India,Bihar,Purnia,"Mariam Nagar, Purnia - BSPCB",02-05-2024 10:00:00,25.366336,87.117468,NH3,5,9,8
India,Bihar,Rajgir,"Dangi Tola, Rajgir - BSPCB",02-05-2024 10:00:00,25.03280,85.41948,NH3,2,6,3
India,Bihar,Rajgir,"Dangi Tola, Rajgir - BSPCB",02-05-2024 10:00:00,25.03280,85.41948,SO2,3,5,4
India,Bihar,Samastipur,"DM Office_Kasipur, Samastipur - BSPCB",02-05-2024 10:00:00,25.859655,85.77944,PM10,64,181,110
India,Bihar,Sasaram,"Dada Peer, Sasaram - BSPCB",02-05-2024 10:00:00,24.952822,84.002396,PM10,89,153,113
India,Bihar,Sasaram,"Dada Peer, Sasaram - BSPCB",02-05-2024 10:00:00,24.952822,84.002396,NO2,14,101,43
India,Chandigarh,Chandigarh,"Sector 22, Chandigarh - CPCC",02-05-2024 10:00:00,30.735567,76.775714,NO2,13,64,28
India,Chandigarh,Chandigarh,"Sector 22, Chandigarh - CPCC",02-05-2024 10:00:00,30.735567,76.775714,CO,25,52,37
India,Chandigarh,Chandigarh,"Sector 22, Chandigarh - CPCC",02-05-2024 10:00:00,30.735567,76.775714,OZONE,54,189,79
India,Chandigarh,Chandigarh,"Sector-25, Chandigarh - CPCC",02-05-2024 10:00:00,30.751462,76.762879,PM2.5,34,90,52
India,Chandigarh,Chandigarh,"Sector-25, Chandigarh - CPCC",02-05-2024 10:00:00,30.751462,76.762879,CO,8,26,18
India,Chandigarh,Chandigarh,"Sector-53, Chandigarh - CPCC",02-05-2024 10:00:00,30.719859,76.738637,SO2,10,45,19
India,Chhattisgarh,Bhilai,"32Bungalows, Bhilai - CECB",02-05-2024 10:00:00,21.194815,81.314770,NH3,6,6,6
India,Chhattisgarh,Bhilai,"32Bungalows, Bhilai - CECB",02-05-2024 10:00:00,21.194815,81.314770,OZONE,6,51,8
India,Chhattisgarh,Bhilai,"Civic Center, Bhilai - Bhilai Steel Plant",02-05-2024 10:00:00,21.185571,81.343175,OZONE,8,72,24
India,Chhattisgarh,Bhilai,"Hathkhoj, Bhilai - CECB",02-05-2024 10:00:00,21.224231,81.408350,PM10,NA,NA,NA
India,Chhattisgarh,Chhal,"Nawapara SECL Colony, Chhal - CECB",02-05-2024 10:00:00,22.118125,83.140608,NO2,13,30,21
India,Chhattisgarh,Chhal,"Nawapara SECL Colony, Chhal - CECB",02-05-2024 10:00:00,22.118125,83.140608,CO,16,55,27
India,Chhattisgarh,Korba,"Rampur, Korba - CECB",02-05-2024 10:00:00,22.368195,82.746431,PM2.5,21,83,40
India,Chhattisgarh,Korba,"Urja Nagar, Korba - CECB",02-05-2024 10:00:00,22.348441,82.549611,PM2.5,6,93,62
India,Chhattisgarh,Korba,"Urja Nagar, Korba - CECB",02-05-2024 10:00:00,22.348441,82.549611,PM10,33,107,78
India,Chhattisgarh,Korba,"Urja Nagar, Korba - CECB",02-05-2024 10:00:00,22.348441,82.549611,NO2,64,76,68
India,Chhattisgarh,Korba,"Urja Nagar, Korba - CECB",02-05-2024 10:00:00,22.348441,82.549611,NH3,4,7,5
India,Chhattisgarh,Korba,"Urja Nagar, Korba - CECB",02-05-2024 10:00:00,22.348441,82.549611,SO2,NA,NA,NA
India,Chhattisgarh,Kunjemura,"OP Jindal School, Kunjemura - CECB",02-05-2024 10:00:00,22.126650,83.483212,PM10,66,414,137
India,Chhattisgarh,Kunjemura,"OP Jindal School, Kunjemura - CECB",02-05-2024 10:00:00,22.126650,83.483212,NH3,1,5,2
India,Chhattisgarh,Milupara,"Govt. Higher Secondary School, Milupara - CECB",02-05-2024 10:00:00,22.1910172,83.5197009,PM10,NA,NA,NA
India,Chhattisgarh,Milupara,"Govt. Higher Secondary School, Milupara - CECB",02-05-2024 10:00:00,22.1910172,83.5197009,OZONE,7,13,8
India,Chhattisgarh,Raipur,"AIIMS, Raipur - CECB",02-05-2024 10:00:00,21.258815,81.578979,PM2.5,31,66,47
India,Chhattisgarh,Raipur,"AIIMS, Raipur - CECB",02-05-2024 10:00:00,21.258815,81.578979,NH3,6,6,6
India,Chhattisgarh,Raipur,"Bhatagaon New ISBT, Raipur - CECB",02-05-2024 10:00:00,21.219665,81.630094,PM2.5,NA,NA,NA
India,Chhattisgarh,Raipur,"Bhatagaon New ISBT, Raipur - CECB",02-05-2024 10:00:00,21.219665,81.630094,PM10,39,86,53
India,Chhattisgarh,Raipur,"Bhatagaon New ISBT, Raipur - CECB",02-05-2024 10:00:00,21.219665,81.630094,NO2,33,54,43
India,Chhattisgarh,Tumidih,"OP Jindal Industrial Park, Tumidih - CECB",02-05-2024 10:00:00,22.06631475,83.33820077,NO2,11,79,26
India,Delhi,Delhi,"Alipur, Delhi - DPCC",02-05-2024 10:00:00,28.815329,77.153010,PM10,115,262,172
India,Delhi,Delhi,"Anand Vihar, Delhi - DPCC",02-05-2024 10:00:00,28.647622,77.3158090,PM10,161,244,201
India,Delhi,Delhi,"Ashok Vihar, Delhi - DPCC",02-05-2024 10:00:00,28.695381,77.181665,CO,22,54,44
India,Delhi,Delhi,"Burari Crossing, Delhi - IMD",02-05-2024 10:00:00,28.7256504,77.2011573,OZONE,9,71,17
India,Delhi,Delhi,"CRRI Mathura Road, Delhi - IMD",02-05-2024 10:00:00,28.5512005,77.2735737,PM10,128,204,165
India,Delhi,Delhi,"CRRI Mathura Road, Delhi - IMD",02-05-2024 10:00:00,28.5512005,77.2735737,NO2,2,12,8
India,Delhi,Delhi,"DTU, Delhi - CPCB",02-05-2024 10:00:00,28.7500499,77.1112615,PM2.5,58,345,182
India,Delhi,Delhi,"Dr. Karni Singh Shooting Range, Delhi - DPCC",02-05-2024 10:00:00,28.498571,77.264840,CO,20,72,40
India,Delhi,Delhi,"IGI Airport (T3), Delhi - IMD",02-05-2024 10:00:00,28.5627763,77.1180053,PM10,99,264,143
India,Delhi,Delhi,"IGI Airport (T3), Delhi - IMD",02-05-2024 10:00:00,28.5627763,77.1180053,OZONE,16,44,30
India,Delhi,Delhi,"IHBAS, Dilshad Garden, Delhi - CPCB",02-05-2024 10:00:00,28.6811736,77.3025234,NO2,32,66,43
India,Delhi,Delhi,"IHBAS, Dilshad Garden, Delhi - CPCB",02-05-2024 10:00:00,28.6811736,77.3025234,SO2,7,18,12
India,Delhi,Delhi,"ITO, Delhi - CPCB",02-05-2024 10:00:00,28.628624,77.241060,SO2,16,42,23
India,Delhi,Delhi,"Lodhi Road, Delhi - IMD",02-05-2024 10:00:00,28.5918245,77.2273074,NO2,3,9,6
India,Delhi,Delhi,"Major Dhyan Chand National Stadium, Delhi - DPCC",02-05-2024 10:00:00,28.611281,77.237738,CO,98,110,107
India,Delhi,Delhi,"Mandir Marg, Delhi - DPCC",02-05-2024 10:00:00,28.636429,77.201067,PM10,95,202,152
India,Delhi,Delhi,"Mandir Marg, Delhi - DPCC",02-05-2024 10:00:00,28.636429,77.201067,OZONE,12,29,17
India,Delhi,Delhi,"Mundka, Delhi - DPCC",02-05-2024 10:00:00,28.684678,77.076574,NO2,15,85,32
India,Delhi,Delhi,"NSIT Dwarka, Delhi - CPCB",02-05-2024 10:00:00,28.60909,77.0325413,PM2.5,120,423,269
India,Delhi,Delhi,"Narela, Delhi - DPCC",02-05-2024 10:00:00,28.822836,77.101981,NH3,3,6,4
India,Delhi,Delhi,"Nehru Nagar, Delhi - DPCC",02-05-2024 10:00:00,28.567890,77.250515,PM10,115,197,157
India,Delhi,Delhi,"Nehru Nagar, Delhi - DPCC",02-05-2024 10:00:00,28.567890,77.250515,NH3,2,3,2
India,Delhi,Delhi,"North Campus, DU, Delhi - IMD",02-05-2024 10:00:00,28.6573814,77.1585447,NO2,10,33,21
India,Delhi,Delhi,"Okhla Phase-2, Delhi - DPCC",02-05-2024 10:00:00,28.530785,77.271255,PM10,115,234,163
India,Delhi,Delhi,"Patparganj, Delhi - DPCC",02-05-2024 10:00:00,28.623763,77.287209,PM2.5,27,243,88
India,Delhi,Delhi,"Patparganj, Delhi - DPCC",02-05-2024 10:00:00,28.623763,77.287209,NO2,23,76,40
India,Delhi,Delhi,"Patparganj, Delhi - DPCC",02-05-2024 10:00:00,28.623763,77.287209,CO,51,87,55
India,Delhi,Delhi,"Punjabi Bagh, Delhi - DPCC",02-05-2024 10:00:00,28.674045,77.131023,PM2.5,55,316,195
India,Delhi,Delhi,"Punjabi Bagh, Delhi - DPCC",02-05-2024 10:00:00,28.674045,77.131023,SO2,16,33,24
India,Delhi,Delhi,"Pusa, Delhi - DPCC",02-05-2024 10:00:00,28.639652,77.146275,NO2,54,116,76
India,Delhi,Delhi,"Pusa, Delhi - IMD",02-05-2024 10:00:00,28.636110,77.173332,PM10,125,193,172
India,Delhi,Delhi,"Pusa, Delhi - IMD",02-05-2024 10:00:00,28.636110,77.173332,NO2,6,13,9
India,Delhi,Delhi,"R K Puram, Delhi - DPCC",02-05-2024 10:00:00,28.563262,77.186937,NH3,1,2,1
India,Delhi,Delhi,"R K Puram, Delhi - DPCC",02-05-2024 10:00:00,28.563262,77.186937,CO,12,92,41
India,Delhi,Delhi,"R K Puram, Delhi - DPCC",02-05-2024 10:00:00,28.563262,77.186937,OZONE,26,159,159
India,Delhi,Delhi,"Rohini, Delhi - DPCC",02-05-2024 10:00:00,28.732528,77.119920,CO,16,46,36
India,Delhi,Delhi,"Shadipur, Delhi - CPCB",02-05-2024 10:00:00,28.6514781,77.1473105,PM2.5,91,355,256
India,Delhi,Delhi,"Sonia Vihar, Delhi - DPCC",02-05-2024 10:00:00,28.710508,77.249485,PM10,114,228,172
India,Delhi,Delhi,"Sri Aurobindo Marg, Delhi - DPCC",02-05-2024 10:00:00,28.531346,77.190156,SO2,11,62,20
India,Delhi,Delhi,"Vivek Vihar, Delhi - DPCC",02-05-2024 10:00:00,28.672342,77.315260,CO,8,36,24
India,Delhi,Delhi,"Wazirpur, Delhi - DPCC",02-05-2024 10:00:00,28.699793,77.165453,PM2.5,30,335,140
India,Delhi,Delhi,"Wazirpur, Delhi - DPCC",02-05-2024 10:00:00,28.699793,77.165453,PM10,148,322,203
India,Delhi,Delhi,"Wazirpur, Delhi - DPCC",02-05-2024 10:00:00,28.699793,77.165453,NH3,13,14,14
India,Gujarat,Ahmedabad,"Chandkheda, Ahmedabad - IITM",02-05-2024 10:00:00,23.107969,72.574648,PM10,94,174,136
India,Gujarat,Ahmedabad,"Raikhad, Ahmedabad - IITM",02-05-2024 10:00:00,23.020509,72.579261,OZONE,5,40,15
India,Gujarat,Ahmedabad,"Rakhial, Ahmedabad - IITM",02-05-2024 10:00:00,23.016834,72.625775,PM2.5,93,250,160
India,Gujarat,Ahmedabad,"Rakhial, Ahmedabad - IITM",02-05-2024 10:00:00,23.016834,72.625775,PM10,109,172,140
India,Gujarat,Ahmedabad,"SAC ISRO Satellite, Ahmedabad - IITM",02-05-2024 10:00:00,23.023389,72.515201,OZONE,3,22,7
India,Gujarat,Ahmedabad,"Sardar Vallabhbhai Patel Stadium, Ahmedabad - IITM",02-05-2024 10:00:00,23.043070,72.562968,PM2.5,89,262,161
India,Gujarat,Ahmedabad,"Sardar Vallabhbhai Patel Stadium, Ahmedabad - IITM",02-05-2024 10:00:00,23.043070,72.562968,PM10,102,176,133
India,Gujarat,Ahmedabad,"Sardar Vallabhbhai Patel Stadium, Ahmedabad - IITM",02-05-2024 10:00:00,23.043070,72.562968,CO,4,50,30
India,Gujarat,Ankleshwar,"GIDC, Ankleshwar - GPCB",02-05-2024 10:00:00,21.613267,73.010555,SO2,5,68,22
India,Gujarat,Gandhinagar,"Sector-10, Gandhinagar - GPCB",02-05-2024 10:00:00,23.221714,72.654328,SO2,5,17,9
India,Gujarat,Nandesari,"GIDC, Nandesari - Nandesari Ind. Association",02-05-2024 10:00:00,22.410802,73.097923,PM2.5,47,338,179
India,Haryana,Dharuhera,"Municipal Corporation Office, Dharuhera -  HSPCB",02-05-2024 10:00:00,28.206800,76.799700,NH3,9,26,19
India,Haryana,Dharuhera,"Municipal Corporation Office, Dharuhera -  HSPCB",02-05-2024 10:00:00,28.206800,76.799700,CO,1,36,27
India,Haryana,Faridabad,"New Industrial Town, Faridabad - HSPCB",02-05-2024 10:00:00,28.39072,77.30059,PM10,153,499,222
India,Haryana,Faridabad,"Sector 11, Faridabad - HSPCB",02-05-2024 10:00:00,28.376058,77.315741,PM2.5,171,276,222
India,Haryana,Faridabad,"Sector 11, Faridabad - HSPCB",02-05-2024 10:00:00,28.376058,77.315741,NO2,30,32,31
India,Haryana,Faridabad,"Sector 11, Faridabad - HSPCB",02-05-2024 10:00:00,28.376058,77.315741,CO,33,46,41
India,Haryana,Faridabad,"Sector 30, Faridabad - HSPCB",02-05-2024 10:00:00,28.4417,77.3217,SO2,5,6,6
India,Haryana,Faridabad,"Sector 30, Faridabad - HSPCB",02-05-2024 10:00:00,28.4417,77.3217,CO,56,63,60
India,Haryana,Faridabad,"Sector- 16A, Faridabad - HSPCB",02-05-2024 10:00:00,28.4088421,77.3099081,PM2.5,NA,NA,NA
India,Haryana,Faridabad,"Sector- 16A, Faridabad - HSPCB",02-05-2024 10:00:00,28.4088421,77.3099081,OZONE,NA,NA,NA
India,Haryana,Gurugram,"Sector-51, Gurugram - HSPCB",02-05-2024 10:00:00,28.4227,77.0667,NO2,13,29,23
India,Haryana,Gurugram,"Sector-51, Gurugram - HSPCB",02-05-2024 10:00:00,28.4227,77.0667,NH3,7,14,9
India,Haryana,Gurugram,"Sector-51, Gurugram - HSPCB",02-05-2024 10:00:00,28.4227,77.0667,SO2,2,4,3
India,Haryana,Gurugram,"Sector-51, Gurugram - HSPCB",02-05-2024 10:00:00,28.4227,77.0667,OZONE,27,67,42
India,Haryana,Hisar,"Urban Estate-II, Hisar - HSPCB",02-05-2024 10:00:00,29.140560,75.744941,OZONE,62,164,162
India,Haryana,Jind,"Police Lines, Jind - HSPCB",02-05-2024 10:00:00,29.307814,76.337619,NH3,2,6,4
India,Haryana,Jind,"Police Lines, Jind - HSPCB",02-05-2024 10:00:00,29.307814,76.337619,SO2,4,54,15
India,Haryana,Kaithal,"Rishi Nagar, Kaithal - HSPCB",02-05-2024 10:00:00,29.8006,76.4155,CO,10,32,26
India,Haryana,Kurukshetra,"Sector-7, Kurukshetra - HSPCB",02-05-2024 10:00:00,29.966942,76.875879,PM2.5,49,120,78
India,Haryana,Kurukshetra,"Sector-7, Kurukshetra - HSPCB",02-05-2024 10:00:00,29.966942,76.875879,NO2,10,10,10
India,Haryana,Mandikhera,"General Hospital, Mandikhera - HSPCB",02-05-2024 10:00:00,27.9002,76.9938,PM2.5,NA,NA,NA
India,Haryana,Mandikhera,"General Hospital, Mandikhera - HSPCB",02-05-2024 10:00:00,27.9002,76.9938,NH3,16,19,18
India,Haryana,Narnaul,"Shastri Nagar, Narnaul - HSPCB",02-05-2024 10:00:00,28.060249,76.113115,PM2.5,82,328,137
India,Haryana,Panchkula,"Sector-6, Panchkula - HSPCB ",02-05-2024 10:00:00,30.7057778,76.8531805555555,SO2,2,10,3
India,Haryana,Rohtak,"MD University, Rohtak - HSPCB",02-05-2024 10:00:00,28.52123,76.37138,SO2,5,9,7
India,Haryana,Sirsa,"F-Block, Sirsa - HSPCB",02-05-2024 10:00:00,29.536400,75.015800,NH3,12,13,12
India,Himachal Pradesh,Baddi,"HIMUDA Complex Phase-1, Baddi - HPPCB",02-05-2024 10:00:00,30.943887,76.801991,NO2,6,36,19
India,Jharkhand,Dhanbad,"Kalakusuma, Dhanbad - DMC",02-05-2024 10:00:00,23.811548,86.481238,OZONE,32,40,40
India,Jharkhand,Dhanbad,"Sardar Patel Nagar, Dhanbad - JSPCB",02-05-2024 10:00:00,23.80569,86.44268,PM10,NA,NA,NA
India,Karnataka,Bagalkot,"Vidayagiri, Bagalkot - KSPCB",02-05-2024 10:00:00,16.172806,75.659694,NH3,1,2,1
India,Karnataka,Belgaum,"Ramteerth Nagar, Belgaum - KSPCB",02-05-2024 10:00:00,15.888653,74.541751,OZONE,19,20,20
India,Karnataka,Bengaluru,"BTM Layout, Bengaluru - CPCB",02-05-2024 10:00:00,12.9135218,77.5950804,PM2.5,33,36,34
India,Karnataka,Bengaluru,"Bapuji Nagar, Bengaluru - KSPCB",02-05-2024 10:00:00,12.951913,77.539784,OZONE,23,27,25
India,Karnataka,Bengaluru,"Jayanagar 5th Block, Bengaluru - KSPCB",02-05-2024 10:00:00,12.920984,77.584908,NH3,NA,NA,NA
India,Karnataka,Bengaluru,"Jayanagar 5th Block, Bengaluru - KSPCB",02-05-2024 10:00:00,12.920984,77.584908,OZONE,29,31,30
India,Karnataka,Bengaluru,"Peenya, Bengaluru - CPCB",02-05-2024 10:00:00,13.0270199,77.494094,NO2,13,35,22
India,Karnataka,Bengaluru,"RVCE-Mailasandra, Bengaluru - KSPCB",02-05-2024 10:00:00,12.921418,77.502466,PM10,37,253,91
India,Karnataka,Bengaluru,"RVCE-Mailasandra, Bengaluru - KSPCB",02-05-2024 10:00:00,12.921418,77.502466,NO2,16,17,17
India,Karnataka,Bengaluru,"Sanegurava Halli, Bengaluru - KSPCB",02-05-2024 10:00:00,12.990328,77.5431385,PM10,34,69,48
India,Karnataka,Bengaluru,"Silk Board, Bengaluru - KSPCB",02-05-2024 10:00:00,12.917348,77.622813,PM2.5,52,500,148
India,Karnataka,Bidar,"Naubad, Bidar - KSPCB",02-05-2024 10:00:00,17.930306,77.482194,CO,40,111,57
India,Karnataka,Bidar,"Naubad, Bidar - KSPCB",02-05-2024 10:00:00,17.930306,77.482194,OZONE,4,50,37
India,Karnataka,Chamarajanagar,"Urban, Chamarajanagar - KSPCB",02-05-2024 10:00:00,11.55358,76.55521,CO,22,120,22
India,Karnataka,Chikkaballapur,"Chikkaballapur Rural, Chikkaballapur - KSPCB",02-05-2024 10:00:00,13.428828,77.731418,SO2,18,31,23
India,Karnataka,Chikkamagaluru,"Kalyana Nagara, Chikkamagaluru - KSPCB",02-05-2024 10:00:00,13.328028,75.797056,NH3,NA,NA,NA
India,Karnataka,Davanagere,"Devaraj Urs Badavane, Davanagere - KSPCB",02-05-2024 10:00:00,14.475800,75.905200,PM2.5,52,89,64
India,Karnataka,Davanagere,"Devaraj Urs Badavane, Davanagere - KSPCB",02-05-2024 10:00:00,14.475800,75.905200,CO,18,19,18
India,Karnataka,Dharwad,"Kalabhavan, Dharwad - KSPCB",02-05-2024 10:00:00,15.459706,75.008381,PM10,72,128,104
India,Karnataka,Dharwad,"Kalabhavan, Dharwad - KSPCB",02-05-2024 10:00:00,15.459706,75.008381,CO,20,64,29
India,Karnataka,Dharwad,"Kalabhavan, Dharwad - KSPCB",02-05-2024 10:00:00,15.459706,75.008381,OZONE,2,15,2
India,Karnataka,Gadag,"Panchal Nagar, Gadag - KSPCB",02-05-2024 10:00:00,15.411456,75.638133,NO2,7,26,14
India,Karnataka,Gadag,"Panchal Nagar, Gadag - KSPCB",02-05-2024 10:00:00,15.411456,75.638133,OZONE,29,83,34
India,Karnataka,Hassan,"B.Katihalli, Hassan - KSPCB",02-05-2024 10:00:00,13.008556,76.125258,PM10,NA,NA,NA
India,Karnataka,Hassan,"B.Katihalli, Hassan - KSPCB",02-05-2024 10:00:00,13.008556,76.125258,NO2,NA,NA,NA
India,Karnataka,Haveri,"Ashwini Nagar, Haveri - KSPCB",02-05-2024 10:00:00,14.791800,75.389600,PM10,NA,NA,NA
India,Karnataka,Haveri,"Ashwini Nagar, Haveri - KSPCB",02-05-2024 10:00:00,14.791800,75.389600,NO2,27,40,32
India,Karnataka,Haveri,"Ashwini Nagar, Haveri - KSPCB",02-05-2024 10:00:00,14.791800,75.389600,NH3,3,3,3
India,Karnataka,Haveri,"Ashwini Nagar, Haveri - KSPCB",02-05-2024 10:00:00,14.791800,75.389600,OZONE,18,20,19
India,Karnataka,Hubballi,"Deshpande Nagar, Hubballi - KSPCB",02-05-2024 10:00:00,15.351773,75.140726,NH3,5,7,6
India,Karnataka,Kalaburagi,"Lal Bahadur Shastri Nagar, Kalaburagi - KSPCB",02-05-2024 10:00:00,17.321993,76.822628,NH3,1,2,2
India,Karnataka,Kalaburagi,"Lal Bahadur Shastri Nagar, Kalaburagi - KSPCB",02-05-2024 10:00:00,17.321993,76.822628,SO2,20,28,23
India,Karnataka,Kalaburagi,"Mahatma Basaveswar Colony, Kalaburgi - KSPCB",02-05-2024 10:00:00,17.336318,76.847397,PM10,34,93,56
India,Karnataka,Kalaburagi,"Mahatma Basaveswar Colony, Kalaburgi - KSPCB",02-05-2024 10:00:00,17.336318,76.847397,OZONE,17,35,23
India,Karnataka,Kolar,"Tamaka Ind. Area, Kolar - KSPCB",02-05-2024 10:00:00,13.1276288,78.1570122,PM2.5,32,111,50
India,Karnataka,Kolar,"Tamaka Ind. Area, Kolar - KSPCB",02-05-2024 10:00:00,13.1276288,78.1570122,PM10,53,147,79
India,Karnataka,Kolar,"Tamaka Ind. Area, Kolar - KSPCB",02-05-2024 10:00:00,13.1276288,78.1570122,NO2,20,37,24
India,Karnataka,Kolar,"Tamaka Ind. Area, Kolar - KSPCB",02-05-2024 10:00:00,13.1276288,78.1570122,CO,5,6,6
India,Karnataka,Madikeri,"Stuart Hill, Madikeri - KSPCB",02-05-2024 10:00:00,12.415911,75.735050,NH3,1,1,1
India,Karnataka,Mangalore,"Kadri, Mangalore - KSPCB",02-05-2024 10:00:00,12.889250,74.853000,PM2.5,34,68,54
India,Karnataka,Mangalore,"Kadri, Mangalore - KSPCB",02-05-2024 10:00:00,12.889250,74.853000,SO2,16,17,16
India,Karnataka,Mysuru,"Hebbal 1st Stage, Mysuru - KSPCB",02-05-2024 10:00:00,12.21041,76.37376,PM10,41,66,50
India,Karnataka,Mysuru,"Hebbal 1st Stage, Mysuru - KSPCB",02-05-2024 10:00:00,12.21041,76.37376,CO,8,29,14
India,Karnataka,Ramanagara,"Vijay Nagar, Ramanagara - KSPCB",02-05-2024 10:00:00,12.733409,77.298051,NH3,NA,NA,NA
India,Karnataka,Ramanagara,"Vijay Nagar, Ramanagara - KSPCB",02-05-2024 10:00:00,12.733409,77.298051,SO2,NA,NA,NA
India,Karnataka,Shivamogga,"Vinoba Nagara, Shivamogga - KSPCB",02-05-2024 10:00:00,13.940000,75.555917,PM10,50,77,62
India,Karnataka,Tumakuru,"Thimmalapura, Tumakuru - KSPCB",02-05-2024 10:00:00,13.377516,77.099072,PM10,96,412,147
India,Karnataka,Tumakuru,"Thimmalapura, Tumakuru - KSPCB",02-05-2024 10:00:00,13.377516,77.099072,SO2,7,13,8
India,Karnataka,Vijayapura,"Ibrahimpur, Vijayapura - KSPCB",02-05-2024 10:00:00,16.802639,75.722694,PM2.5,26,31,30
India,Karnataka,Vijayapura,"Ibrahimpur, Vijayapura - KSPCB",02-05-2024 10:00:00,16.802639,75.722694,NO2,17,19,19
India,Kerala,Kannur,"Thavakkara, Kannur - Kerala PCB",02-05-2024 10:00:00,11.875000,75.373200,NO2,6,7,6
India,Kerala,Kannur,"Thavakkara, Kannur - Kerala PCB",02-05-2024 10:00:00,11.875000,75.373200,SO2,1,5,1
India,Kerala,Kannur,"Thavakkara, Kannur - Kerala PCB",02-05-2024 10:00:00,11.875000,75.373200,CO,28,35,32
India,Kerala,Kollam,"Polayathode, Kollam - Kerala PCB",02-05-2024 10:00:00,8.8787,76.6073,NO2,8,9,8
India,Kerala,Thiruvananthapuram,"Plammoodu, Thiruvananthapuram - Kerala PCB",02-05-2024 10:00:00,8.5149093,76.9435879,PM10,18,60,37
India,Madhya Pradesh,Bhopal,"Idgah Hills, Bhopal - MPPCB",02-05-2024 10:00:00,23.264759,77.381568,OZONE,26,114,65
India,Madhya Pradesh,Bhopal,"Paryavaran Parisar, Bhopal - MPPCB",02-05-2024 10:00:00,23.210494,77.425409,PM2.5,18,120,57
India,Madhya Pradesh,Bhopal,"Paryavaran Parisar, Bhopal - MPPCB",02-05-2024 10:00:00,23.210494,77.425409,OZONE,2,97,39
India,Madhya Pradesh,Bhopal,"T T Nagar, Bhopal - MPPCB",02-05-2024 10:00:00,23.233584,77.400574,PM2.5,20,84,53
India,Madhya Pradesh,Bhopal,"T T Nagar, Bhopal - MPPCB",02-05-2024 10:00:00,23.233584,77.400574,OZONE,3,106,57
India,Madhya Pradesh,Dewas,"Bhopal Chauraha, Dewas - MPPCB",02-05-2024 10:00:00,22.9682591,76.064118,PM2.5,23,76,46
India,Madhya Pradesh,Gwalior,"Deen Dayal Nagar, Gwalior - MPPCB",02-05-2024 10:00:00,26.259242,78.216432,OZONE,48,220,166
India,Madhya Pradesh,Gwalior,"Maharaj Bada, Gwalior - MPPCB",02-05-2024 10:00:00,26.200388,78.147714,PM2.5,27,85,60
India,Madhya Pradesh,Gwalior,"Maharaj Bada, Gwalior - MPPCB",02-05-2024 10:00:00,26.200388,78.147714,PM10,56,207,153
India,Madhya Pradesh,Gwalior,"Maharaj Bada, Gwalior - MPPCB",02-05-2024 10:00:00,26.200388,78.147714,SO2,10,29,18
India,Madhya Pradesh,Indore,"Chhoti Gwaltoli, Indore - MPPCB",02-05-2024 10:00:00,22.4310,75.5213,NH3,2,4,3
India,Madhya Pradesh,Indore,"Chhoti Gwaltoli, Indore - MPPCB",02-05-2024 10:00:00,22.4310,75.5213,SO2,17,53,21
India,Madhya Pradesh,Indore,"Chhoti Gwaltoli, Indore - MPPCB",02-05-2024 10:00:00,22.4310,75.5213,OZONE,24,91,64
India,Madhya Pradesh,Jabalpur,"Govindh Bhavan Colony, Jabalpur - JMC",02-05-2024 10:00:00,23.163174,79.973061,SO2,8,26,16
India,Madhya Pradesh,Jabalpur,"Gupteshwar, Jabalpur - JMC",02-05-2024 10:00:00,23.142888,79.916147,NH3,7,8,7
India,Madhya Pradesh,Jabalpur,"Marhatal, Jabalpur - MPPCB",02-05-2024 10:00:00,23.168606,79.932247,PM2.5,26,82,57
India,Madhya Pradesh,Jabalpur,"Marhatal, Jabalpur - MPPCB",02-05-2024 10:00:00,23.168606,79.932247,OZONE,38,98,69
India,Madhya Pradesh,Jabalpur,"Suhagi, Jabalpur - JMC",02-05-2024 10:00:00,23.218135,79.957770,CO,30,73,55
India,Madhya Pradesh,Jabalpur,"Suhagi, Jabalpur - JMC",02-05-2024 10:00:00,23.218135,79.957770,OZONE,21,214,156
India,Madhya Pradesh,Katni,"Gole Bazar, Katni - MPPCB",02-05-2024 10:00:00,23.50016,80.23284,PM2.5,28,79,44
India,Madhya Pradesh,Katni,"Gole Bazar, Katni - MPPCB",02-05-2024 10:00:00,23.50016,80.23284,SO2,5,51,22
India,Madhya Pradesh,Katni,"Gole Bazar, Katni - MPPCB",02-05-2024 10:00:00,23.50016,80.23284,OZONE,34,145,86
India,Madhya Pradesh,Mandideep,"Sector-D Industrial Area, Mandideep - MPPCB",02-05-2024 10:00:00,23.108440,77.511428,PM10,107,366,170
India,Madhya Pradesh,Mandideep,"Sector-D Industrial Area, Mandideep - MPPCB",02-05-2024 10:00:00,23.108440,77.511428,SO2,2,135,46
India,Madhya Pradesh,Mandideep,"Sector-D Industrial Area, Mandideep - MPPCB",02-05-2024 10:00:00,23.108440,77.511428,CO,12,96,59
India,Madhya Pradesh,Pithampur,"Sector-2 Industrial Area, Pithampur - MPPCB",02-05-2024 10:00:00,22.624758,75.675238,OZONE,34,85,52
India,Madhya Pradesh,Ratlam,"Shasthri Nagar, Ratlam - IPCA Lab",02-05-2024 10:00:00,23.331731,75.045981,SO2,36,67,38
India,Madhya Pradesh,Sagar,"Civil Lines, Sagar - MPPCB",02-05-2024 10:00:00,23.838586,78.759431,PM2.5,30,83,45
India,Madhya Pradesh,Sagar,"Deen Dayal Nagar, Sagar - MPPCB",02-05-2024 10:00:00,23.8640158,78.80289321,PM2.5,18,55,32
India,Madhya Pradesh,Sagar,"Deen Dayal Nagar, Sagar - MPPCB",02-05-2024 10:00:00,23.8640158,78.80289321,CO,14,108,44
India,Madhya Pradesh,Satna,"Bandhavgar Colony, Satna - Birla Cement",02-05-2024 10:00:00,24.58434363,80.8549414,PM2.5,NA,NA,NA
India,Madhya Pradesh,Satna,"Bandhavgar Colony, Satna - Birla Cement",02-05-2024 10:00:00,24.58434363,80.8549414,CO,NA,NA,NA
India,Madhya Pradesh,Singrauli,"Suryakiran Bhawan NCL, Singrauli - MPPCB",02-05-2024 10:00:00,24.108970,82.645580,PM10,123,500,210
India,Madhya Pradesh,Ujjain,"Mahakaleshwar Temple, Ujjain - MPPCB",02-05-2024 10:00:00,23.182719 ,75.768218 ,NO2,NA,NA,NA
India,Madhya Pradesh,Ujjain,"Mahakaleshwar Temple, Ujjain - MPPCB",02-05-2024 10:00:00,23.182719 ,75.768218 ,NH3,NA,NA,NA
India,Maharashtra,Ahmednagar,"Tarakpur, Ahmednagar - MPCB",02-05-2024 10:00:00,19.10122,74.73339,PM10,73,135,107
India,Maharashtra,Akola,"Ramdaspeth, Akola - MPCB",02-05-2024 10:00:00,20.719516,77.000253,NH3,4,8,6
India,Maharashtra,Akola,"Ramdaspeth, Akola - MPCB",02-05-2024 10:00:00,20.719516,77.000253,CO,14,33,20
India,Maharashtra,Aurangabad,"More Chowk Waluj, Aurangabad - MPCB",02-05-2024 10:00:00,19.8389439,75.244448,OZONE,30,83,53
India,Maharashtra,Aurangabad,"Rachnakar Colony, Aurangabad - MPCB",02-05-2024 10:00:00,19.863756,75.321188,PM10,125,186,153
India,Maharashtra,Aurangabad,"Rachnakar Colony, Aurangabad - MPCB",02-05-2024 10:00:00,19.863756,75.321188,NO2,8,38,22
India,Maharashtra,Aurangabad,"Rachnakar Colony, Aurangabad - MPCB",02-05-2024 10:00:00,19.863756,75.321188,OZONE,22,111,41
India,Maharashtra,Badlapur,"Katrap, Badlapur - MPCB",02-05-2024 10:00:00,19.16485,73.23409,NO2,7,47,23
India,Maharashtra,Belapur,"CBD Belapur, Belapur - MPCB",02-05-2024 10:00:00,19.0243902,73.0406721,NO2,20,83,50
India,Maharashtra,Belapur,"CBD Belapur, Belapur - MPCB",02-05-2024 10:00:00,19.0243902,73.0406721,NH3,1,2,2
India,Maharashtra,Belapur,"CBD Belapur, Belapur - MPCB",02-05-2024 10:00:00,19.0243902,73.0406721,OZONE,60,169,120
India,Maharashtra,Bhiwandi,"Gokul Nagar, Bhiwandi - MPCB",02-05-2024 10:00:00,19.309073,73.057223,PM10,80,103,90
India,Maharashtra,Boisar,"Khaira, Boisar - MPCB",02-05-2024 10:00:00,19.786089,72.757971,NH3,4,13,6
India,Maharashtra,Boisar,"Khaira, Boisar - MPCB",02-05-2024 10:00:00,19.786089,72.757971,CO,10,58,24
India,Maharashtra,Chandrapur,"Chauhan Colony, Chandrapur - MPCB",02-05-2024 10:00:00,19.962900,79.298714,SO2,9,110,32
India,Maharashtra,Chandrapur,"Chauhan Colony, Chandrapur - MPCB",02-05-2024 10:00:00,19.962900,79.298714,OZONE,59,79,74
India,Maharashtra,Dhule,"Deopur, Dhule - MPCB",02-05-2024 10:00:00,20.918946,74.776388,PM10,115,138,128
India,Maharashtra,Dhule,"Deopur, Dhule - MPCB",02-05-2024 10:00:00,20.918946,74.776388,CO,13,24,20
India,Maharashtra,Jalgaon,"Prabhat Colony, Jalgaon - MPCB",02-05-2024 10:00:00,21.001264,75.565602,NO2,13,44,27
India,Maharashtra,Jalna,"Old MIDC, Jalna - MPCB",02-05-2024 10:00:00,19.854616,75.905894,NH3,6,8,7
India,Maharashtra,Kalyan,"Khadakpada, Kalyan - MPCB",02-05-2024 10:00:00,19.25292,73.142019,CO,15,19,16
India,Maharashtra,Kolhapur,"Shivaji University, Kolhapur - MPCB",02-05-2024 10:00:00,16.6870449,74.2505872,PM2.5,16,167,61
India,Maharashtra,Kolhapur,"Shivaji University, Kolhapur - MPCB",02-05-2024 10:00:00,16.6870449,74.2505872,PM10,92,144,119
India,Maharashtra,Kolhapur,"Shivaji University, Kolhapur - MPCB",02-05-2024 10:00:00,16.6870449,74.2505872,NH3,3,5,4
India,Maharashtra,Kolhapur,"Shivaji University, Kolhapur - MPCB",02-05-2024 10:00:00,16.6870449,74.2505872,OZONE,29,91,40
India,Maharashtra,Latur,"Sawe Wadi, Latur - MPCB",02-05-2024 10:00:00,18.39963,76.57452,SO2,5,16,10
India,Maharashtra,Mahad,"Kamble Tarf Birwadi, Mahad - MPCB",02-05-2024 10:00:00,18.1023399,73.4783687,CO,14,58,29
India,Maharashtra,Mahad,"Kamble Tarf Birwadi, Mahad - MPCB",02-05-2024 10:00:00,18.1023399,73.4783687,OZONE,5,84,13
India,Maharashtra,Malegaon,"Mahesh Nagar, Malegaon - MPCB",02-05-2024 10:00:00,20.555712,74.529236,CO,8,30,14
India,Maharashtra,Mira-Bhayandar,"Bhayandar West, Mira-Bhayandar - MPCB",02-05-2024 10:00:00,19.296481,72.840923,PM10,61,405,131
India,Maharashtra,Mira-Bhayandar,"Bhayandar West, Mira-Bhayandar - MPCB",02-05-2024 10:00:00,19.296481,72.840923,SO2,4,8,6
India,Maharashtra,Mira-Bhayandar,"Bhayandar West, Mira-Bhayandar - MPCB",02-05-2024 10:00:00,19.296481,72.840923,OZONE,4,100,20
India,Maharashtra,Mumbai,"Borivali East, Mumbai - MPCB",02-05-2024 10:00:00,19.2243333,72.8658113,PM2.5,11,32,21
India,Maharashtra,Mumbai,"Byculla, Mumbai - BMC",02-05-2024 10:00:00,18.9767,72.8380,PM2.5,12,26,20
India,Maharashtra,Mumbai,"Chakala-Andheri East, Mumbai - IITM",02-05-2024 10:00:00,19.11074,72.86084,PM10,102,417,158
India,Maharashtra,Mumbai,"Chakala-Andheri East, Mumbai - IITM",02-05-2024 10:00:00,19.11074,72.86084,OZONE,34,59,42
India,Maharashtra,Mumbai,"Chembur, Mumbai - MPCB",02-05-2024 10:00:00,19.0364585,72.8954371,PM10,56,104,84
India,Maharashtra,Mumbai,"Chembur, Mumbai - MPCB",02-05-2024 10:00:00,19.0364585,72.8954371,SO2,1,1,1
India,Maharashtra,Mumbai,"Colaba, Mumbai - MPCB",02-05-2024 10:00:00,18.910000,72.820000,CO,12,16,14
India,Maharashtra,Mumbai,"Deonar, Mumbai - IITM",02-05-2024 10:00:00,19.04946,72.9230,NH3,5,7,6
India,Maharashtra,Mumbai,"Kandivali East, Mumbai - MPCB",02-05-2024 10:00:00,19.205800,72.868200,NH3,2,7,4
India,Maharashtra,Mumbai,"Kandivali East, Mumbai - MPCB",02-05-2024 10:00:00,19.205800,72.868200,SO2,7,8,8
India,Maharashtra,Mumbai,"Kandivali West, Mumbai - BMC",02-05-2024 10:00:00,19.215859,72.831718,PM2.5,17,51,31
India,Maharashtra,Mumbai,"Kherwadi_Bandra East, Mumbai - MPCB",02-05-2024 10:00:00,19.0632143,72.8456324,PM2.5,20,52,33
India,Maharashtra,Mumbai,"Kherwadi_Bandra East, Mumbai - MPCB",02-05-2024 10:00:00,19.0632143,72.8456324,NO2,5,23,12
India,Maharashtra,Mumbai,"Kherwadi_Bandra East, Mumbai - MPCB",02-05-2024 10:00:00,19.0632143,72.8456324,SO2,14,16,15
India,Maharashtra,Mumbai,"Khindipada-Bhandup West, Mumbai - IITM",02-05-2024 10:00:00,19.1653323,72.922099,PM10,42,106,77
India,Maharashtra,Mumbai,"Kurla, Mumbai - MPCB",02-05-2024 10:00:00,19.0863,72.8888,PM10,52,105,83
India,Maharashtra,Mumbai,"Kurla, Mumbai - MPCB",02-05-2024 10:00:00,19.0863,72.8888,CO,2,20,5
India,Maharashtra,Mumbai,"Mazgaon, Mumbai - IITM",02-05-2024 10:00:00,18.96702,72.84214,NO2,25,48,34
India,Maharashtra,Mumbai,"Mazgaon, Mumbai - IITM",02-05-2024 10:00:00,18.96702,72.84214,NH3,14,21,16
India,Maharashtra,Mumbai,"Mindspace-Malad West, Mumbai - MPCB",02-05-2024 10:00:00,19.1878657,72.8304069,SO2,9,15,11
India,Maharashtra,Mumbai,"Mindspace-Malad West, Mumbai - MPCB",02-05-2024 10:00:00,19.1878657,72.8304069,OZONE,10,147,14
India,Maharashtra,Mumbai,"Mulund West, Mumbai - MPCB",02-05-2024 10:00:00,19.1750,72.9419,NH3,11,11,11
India,Maharashtra,Mumbai,"Navy Nagar-Colaba, Mumbai - IITM",02-05-2024 10:00:00,18.897756,72.813320,PM10,86,121,102
India,Maharashtra,Mumbai,"Powai, Mumbai - MPCB",02-05-2024 10:00:00,19.137500,72.915056,PM2.5,18,39,29
India,Maharashtra,Mumbai,"Powai, Mumbai - MPCB",02-05-2024 10:00:00,19.137500,72.915056,NH3,1,2,1
India,Maharashtra,Mumbai,"Powai, Mumbai - MPCB",02-05-2024 10:00:00,19.137500,72.915056,SO2,36,52,41
India,Maharashtra,Mumbai,"Sewri, Mumbai - BMC",02-05-2024 10:00:00,19.000084,72.856730,NH3,3,4,3
India,Maharashtra,Mumbai,"Sewri, Mumbai - BMC",02-05-2024 10:00:00,19.000084,72.856730,OZONE,32,86,43
India,Maharashtra,Mumbai,"Shivaji Nagar, Mumbai - BMC",02-05-2024 10:00:00,19.060498,72.923356,NO2,NA,NA,NA
India,Maharashtra,Mumbai,"Shivaji Nagar, Mumbai - BMC",02-05-2024 10:00:00,19.060498,72.923356,NH3,NA,NA,NA
India,Maharashtra,Mumbai,"Shivaji Nagar, Mumbai - BMC",02-05-2024 10:00:00,19.060498,72.923356,OZONE,NA,NA,NA
India,Maharashtra,Mumbai,"Siddharth Nagar-Worli, Mumbai - IITM",02-05-2024 10:00:00,19.000083,72.813993,PM2.5,80,130,102
India,Maharashtra,Mumbai,"Sion, Mumbai - MPCB",02-05-2024 10:00:00,19.047000,72.874600,NO2,88,97,92
India,Maharashtra,Mumbai,"Vasai West, Mumbai - MPCB",02-05-2024 10:00:00,19.383200,72.820400,NO2,26,28,27
India,Maharashtra,Mumbai,"Vasai West, Mumbai - MPCB",02-05-2024 10:00:00,19.383200,72.820400,NH3,4,4,4
India,Maharashtra,Mumbai,"Vasai West, Mumbai - MPCB",02-05-2024 10:00:00,19.383200,72.820400,OZONE,11,54,12
India,Maharashtra,Mumbai,"Worli, Mumbai - MPCB",02-05-2024 10:00:00,18.9936162,72.8128113,PM2.5,NA,NA,NA
India,Maharashtra,Nagpur,"Ambazari, Nagpur - MPCB",02-05-2024 10:00:00,21.121801,79.04952,OZONE,10,97,47
India,Maharashtra,Nagpur,"Mahal, Nagpur - MPCB",02-05-2024 10:00:00,21.14472,79.107595,NO2,13,102,48
India,Maharashtra,Nagpur,"Mahal, Nagpur - MPCB",02-05-2024 10:00:00,21.14472,79.107595,NH3,3,10,5
India,Maharashtra,Nagpur,"Opp GPO Civil Lines, Nagpur - MPCB",02-05-2024 10:00:00,21.152875,79.0517531,OZONE,3,81,39
India,Maharashtra,Nashik,"Gangapur Road, Nashik - MPCB",02-05-2024 10:00:00,20.0073285,73.7762427,OZONE,12,82,23
India,Maharashtra,Nashik,"Hirawadi, Nashik - MPCB",02-05-2024 10:00:00,20.021503,73.813844,PM10,56,90,75
India,Maharashtra,Nashik,"MIDC Ambad, Nashik - MPCB",02-05-2024 10:00:00,19.950220,73.731480,NO2,6,29,13
India,Maharashtra,Nashik,"MIDC Ambad, Nashik - MPCB",02-05-2024 10:00:00,19.950220,73.731480,NH3,2,10,4
India,Maharashtra,Nashik,"Pandav Nagari, Nashik - MPCB",02-05-2024 10:00:00,19.9591346,73.7788008,PM2.5,37,56,47
India,Maharashtra,Navi Mumbai,"Nerul, Navi Mumbai - MPCB",02-05-2024 10:00:00,19.008751,73.016620,SO2,16,16,16
India,Maharashtra,Navi Mumbai,"Sanpada, Navi Mumbai - MPCB",02-05-2024 10:00:00,19.0575752,73.0151367,CO,1,4,1
India,Maharashtra,Navi Mumbai,"Sector-2E Kalamboli, Navi Mumbai - MPCB",02-05-2024 10:00:00,19.02579,73.10297,PM2.5,28,105,65
India,Maharashtra,Navi Mumbai,"Sector-2E Kalamboli, Navi Mumbai - MPCB",02-05-2024 10:00:00,19.02579,73.10297,CO,4,20,13
India,Maharashtra,Pimpri-Chinchwad,"Park Street Wakad, Pimpri Chinchwad - MPCB",02-05-2024 10:00:00,18.59051,73.77946,PM2.5,35,54,45
India,Maharashtra,Pimpri-Chinchwad,"Park Street Wakad, Pimpri Chinchwad - MPCB",02-05-2024 10:00:00,18.59051,73.77946,PM10,39,69,54
India,Maharashtra,Pune,"Alandi, Pune - IITM",02-05-2024 10:00:00,18.675076,73.892743,PM2.5,5,33,14
India,Maharashtra,Pune,"Alandi, Pune - IITM",02-05-2024 10:00:00,18.675076,73.892743,PM10,69,127,98
India,Maharashtra,Pune,"Alandi, Pune - IITM",02-05-2024 10:00:00,18.675076,73.892743,OZONE,16,74,25
India,Maharashtra,Pune,"Bhosari, Pune - IITM",02-05-2024 10:00:00,18.640051,73.848956,PM10,48,100,79
India,Maharashtra,Pune,"Katraj Dairy, Pune - MPCB",02-05-2024 10:00:00,18.454450,73.854155,PM2.5,33,60,48
India,Maharashtra,Pune,"Katraj Dairy, Pune - MPCB",02-05-2024 10:00:00,18.454450,73.854155,NO2,13,32,22
India,Maharashtra,Pune,"Mhada Colony, Pune - IITM",02-05-2024 10:00:00,18.573040,73.927715,OZONE,10,87,20
India,Maharashtra,Pune,"Revenue Colony-Shivajinagar, Pune - IITM",02-05-2024 10:00:00,18.530085,73.849598,SO2,53,104,81
India,Maharashtra,Pune,"Revenue Colony-Shivajinagar, Pune - IITM",02-05-2024 10:00:00,18.530085,73.849598,CO,97,117,110
India,Maharashtra,Pune,"Revenue Colony-Shivajinagar, Pune - IITM",02-05-2024 10:00:00,18.530085,73.849598,OZONE,4,76,16
India,Maharashtra,Pune,"Savitribai Phule Pune University, Pune - MPCB",02-05-2024 10:00:00,18.547056,73.826908,PM10,66,88,76
India,Maharashtra,Pune,"Savitribai Phule Pune University, Pune - MPCB",02-05-2024 10:00:00,18.547056,73.826908,OZONE,4,155,35
India,Maharashtra,Pune,"Transport Nagar-Nigdi, Pune - IITM",02-05-2024 10:00:00,18.664282,73.763966,OZONE,20,71,27
India,Maharashtra,Sangli,"Vijay Nagar, Sangli - MPCB",02-05-2024 10:00:00, 16.5038,74.3623,NH3,1,2,2
India,Maharashtra,Sangli,"Vijay Nagar, Sangli - MPCB",02-05-2024 10:00:00, 16.5038,74.3623,SO2,7,19,12
India,Maharashtra,Solapur,"Dnyaneshwar Nagar, Solapur - MPCB",02-05-2024 10:00:00,17.6336264,75.9132495,NO2,12,43,23
India,Maharashtra,Solapur,"Ratandeep Housing Society, Solapur - MPCB",02-05-2024 10:00:00,17.65439,75.90649,PM10,NA,NA,NA
India,Maharashtra,Solapur,"Ratandeep Housing Society, Solapur - MPCB",02-05-2024 10:00:00,17.65439,75.90649,SO2,7,20,11
India,Maharashtra,Thane,"Upvan Fort, Thane - MPCB",02-05-2024 10:00:00,19.222279,72.957979,NH3,3,5,4
India,Maharashtra,Thane,"Upvan Fort, Thane - MPCB",02-05-2024 10:00:00,19.222279,72.957979,CO,5,38,19
India,Maharashtra,Ulhasnagar,"Sidhi Vinayak Nagar, Ulhasnagar - MPCB",02-05-2024 10:00:00,19.235581,73.159121,NO2,3,16,8
India,Maharashtra,Virar,"Bolinj, Virar - MPCB",02-05-2024 10:00:00,19.4458210,72.7988231,NO2,6,55,21
India,Manipur,Imphal,"DM College of Science, Imphal - Manipur PCB",02-05-2024 10:00:00,24.8207389,93.9423085,CO,6,7,6
India,Manipur,Imphal,"Manipur University, Imphal - Manipur PCB",02-05-2024 10:00:00,24.7524239,93.9286218,CO,8,22,11
India,Meghalaya,Shillong,"Lumpyngngad, Shillong - Meghalaya PCB",02-05-2024 10:00:00,25.5586,91.8985,OZONE,3,47,12
India,Mizoram,Aizawl,"Sikulpuikawn, Aizawl - Mizoram PCB",02-05-2024 10:00:00,23.7176342,92.7192841,PM2.5,14,37,24
India,Mizoram,Aizawl,"Sikulpuikawn, Aizawl - Mizoram PCB",02-05-2024 10:00:00,23.7176342,92.7192841,NO2,NA,NA,NA
India,Mizoram,Aizawl,"Sikulpuikawn, Aizawl - Mizoram PCB",02-05-2024 10:00:00,23.7176342,92.7192841,NH3,NA,NA,NA
India,Odisha,Angul,"Hakimapada, Angul - OSPCB",02-05-2024 10:00:00,20.832874,85.104082,NO2,4,31,14
India,Odisha,Balasore,"Kalidaspur, Balasore - OSPCB",02-05-2024 10:00:00,21.51161,86.89088,PM2.5,18,82,46
India,Odisha,Balasore,"Kalidaspur, Balasore - OSPCB",02-05-2024 10:00:00,21.51161,86.89088,PM10,57,500,159
India,Odisha,Balasore,"Kalidaspur, Balasore - OSPCB",02-05-2024 10:00:00,21.51161,86.89088,OZONE,16,153,30
India,Odisha,Barbil,"Forest Office, Barbil - OSPCB",02-05-2024 10:00:00,22.1166054,85.3945546,NO2,1,1,1
India,Odisha,Bhubaneswar,"Lingraj Mandir, Bhubaneswar - OSPCB",02-05-2024 10:00:00,20.240790,85.836784,CO,48,73,54
India,Odisha,Bileipada,"Tata Township, Bileipada - OSPCB",02-05-2024 10:00:00,22.06156703,85.47409613,NO2,9,14,12
India,Odisha,Brajrajnagar,"GM Office, Brajrajnagar - OSPCB",02-05-2024 10:00:00,21.8004996,83.8396977,NO2,15,17,16
India,Odisha,Brajrajnagar,"GM Office, Brajrajnagar - OSPCB",02-05-2024 10:00:00,21.8004996,83.8396977,NH3,8,9,8
India,Odisha,Byasanagar,"Ferro Chrome Colony, Byasanagar - OSPCB",02-05-2024 10:00:00,20.94185,86.11510,NH3,2,3,2
India,Odisha,Cuttack,"CDA Area, Cuttack - OSPCB",02-05-2024 10:00:00,20.48891     ,85.84768     ,OZONE,2,114,12
India,Odisha,Keonjhar,"Jagamohanpur, Keonjhar - OSPCB",02-05-2024 10:00:00,21.643900,85.599355,NO2,4,13,5
India,Odisha,Keonjhar,"Jagamohanpur, Keonjhar - OSPCB",02-05-2024 10:00:00,21.643900,85.599355,CO,25,42,35
India,Odisha,Keonjhar,"Jagamohanpur, Keonjhar - OSPCB",02-05-2024 10:00:00,21.643900,85.599355,OZONE,13,43,18
India,Odisha,Nayagarh,"Dabuna, Nayagarh - OSPCB",02-05-2024 10:00:00,21.847279,85.416905,NH3,5,5,5
India,Odisha,Rairangpur,"Divisional Forest Office, Rairangpur - OSPCB",02-05-2024 10:00:00,22.265816,86.174829,OZONE,3,57,17
India,Odisha,Rourkela,"Fertilizer Township, Rourkela - OSPCB",02-05-2024 10:00:00,22.18972222,84.86277778,SO2,NA,NA,NA
India,Odisha,Rourkela,"Sector-2, Rourkela - OSPCB",02-05-2024 10:00:00,22.24500000,84.88111111,CO,16,68,31
India,Odisha,Suakati,"OMC Colony, Suakati - OSPCB",02-05-2024 10:00:00,21.606865,85.510538,SO2,10,104,41
India,Odisha,Tensa,"Barsua Iron Ore Mines, Tensa - OSPCB",02-05-2024 10:00:00,21.869985,85.167016,NO2,14,69,35
India,Odisha,Tensa,"Barsua Iron Ore Mines, Tensa - OSPCB",02-05-2024 10:00:00,21.869985,85.167016,SO2,NA,NA,NA
India,Odisha,Tensa,"Barsua Iron Ore Mines, Tensa - OSPCB",02-05-2024 10:00:00,21.869985,85.167016,OZONE,40,99,55
India,Puducherry,Puducherry,"Jawahar Nagar, Puducherry - PPCC",02-05-2024 10:00:00,11.9309,79.8027,NO2,2,24,5
India,Puducherry,Puducherry,"Jawahar Nagar, Puducherry - PPCC",02-05-2024 10:00:00,11.9309,79.8027,CO,17,37,25
India,Puducherry,Puducherry,"Jawahar Nagar, Puducherry - PPCC",02-05-2024 10:00:00,11.9309,79.8027,OZONE,20,80,49
India,Punjab,Amritsar,"Golden Temple, Amritsar - PPCB",02-05-2024 10:00:00,31.620000,74.876512,NO2,16,31,23
India,Punjab,Amritsar,"Golden Temple, Amritsar - PPCB",02-05-2024 10:00:00,31.620000,74.876512,NH3,5,6,6
India,Punjab,Amritsar,"Golden Temple, Amritsar - PPCB",02-05-2024 10:00:00,31.620000,74.876512,OZONE,43,64,55
India,Punjab,Jalandhar,"Civil Line, Jalandhar - PPCB",02-05-2024 10:00:00,31.321907,75.578914,PM10,52,98,73
India,Punjab,Ludhiana,"Punjab Agricultural University, Ludhiana - PPCB",02-05-2024 10:00:00,30.9028,75.8086,PM2.5,82,161,109
India,Punjab,Ludhiana,"Punjab Agricultural University, Ludhiana - PPCB",02-05-2024 10:00:00,30.9028,75.8086,NO2,13,14,13
India,Punjab,Ludhiana,"Punjab Agricultural University, Ludhiana - PPCB",02-05-2024 10:00:00,30.9028,75.8086,NH3,2,3,3
India,Punjab,Ludhiana,"Punjab Agricultural University, Ludhiana - PPCB",02-05-2024 10:00:00,30.9028,75.8086,OZONE,14,56,23
India,Punjab,Mandi Gobindgarh,"RIMT University, Mandi Gobindgarh - PPCB",02-05-2024 10:00:00,30.649961,76.331442,NO2,32,33,33
India,Punjab,Rupnagar,"Ratanpura, Rupnagar - Ambuja Cements",02-05-2024 10:00:00,31.0325454,76.5623046,PM2.5,76,208,123
India,Rajasthan,Ajmer,"Civil Lines,  Ajmer - RSPCB",02-05-2024 10:00:00,26.470859,74.646594,CO,5,46,15
India,Rajasthan,Ajmer,"Civil Lines,  Ajmer - RSPCB",02-05-2024 10:00:00,26.470859,74.646594,OZONE,87,158,135
India,Rajasthan,Alwar,"Moti Doongri, Alwar - RSPCB",02-05-2024 10:00:00,27.554793,76.611536,CO,8,52,42
India,Rajasthan,Banswara,"Rati Talai, Banswara - RSPCB",02-05-2024 10:00:00,23.555190,74.440010,NO2,10,83,35
India,Rajasthan,Banswara,"Rati Talai, Banswara - RSPCB",02-05-2024 10:00:00,23.555190,74.440010,OZONE,1,151,60
India,Rajasthan,Baran,"Bamboliya, Baran - RSPCB",02-05-2024 10:00:00,25.106006,76.469948,NO2,6,104,34
India,Rajasthan,Baran,"Bamboliya, Baran - RSPCB",02-05-2024 10:00:00,25.106006,76.469948,CO,24,69,50
India,Rajasthan,Barmer,"Railway Colony, Barmer - RSPCB",02-05-2024 10:00:00,25.747299,71.393989,NH3,5,9,7
India,Rajasthan,Barmer,"Railway Colony, Barmer - RSPCB",02-05-2024 10:00:00,25.747299,71.393989,OZONE,78,132,83
India,Rajasthan,Bharatpur,"Krishna Nagar, Bharatpur - RSPCB",02-05-2024 10:00:00,27.215415,77.50873,OZONE,31,130,66
India,Rajasthan,Bhilwara,"Pratap Nagar, Bhilwara - RSPCB",02-05-2024 10:00:00,25.339605,74.618883,PM10,38,94,56
India,Rajasthan,Bhiwadi,"RIICO Ind. Area III, Bhiwadi - RSPCB",02-05-2024 10:00:00,28.194909,76.862296,PM10,112,304,205
India,Rajasthan,Bhiwadi,"RIICO Ind. Area III, Bhiwadi - RSPCB",02-05-2024 10:00:00,28.194909,76.862296,NH3,3,41,14
India,Rajasthan,Bhiwadi,"Vasundhara Nagar_UIT, Bhiwadi - RSPCB",02-05-2024 10:00:00,28.207266,76.829265,PM10,155,289,205
India,Rajasthan,Bikaner,"MM Ground, Bikaner - RSPCB",02-05-2024 10:00:00,28.018792,73.292658,PM2.5,22,137,52
India,Rajasthan,Bikaner,"MM Ground, Bikaner - RSPCB",02-05-2024 10:00:00,28.018792,73.292658,PM10,120,411,179
India,Rajasthan,Bikaner,"MM Ground, Bikaner - RSPCB",02-05-2024 10:00:00,28.018792,73.292658,SO2,2,11,5
India,Rajasthan,Bikaner,"MM Ground, Bikaner - RSPCB",02-05-2024 10:00:00,28.018792,73.292658,OZONE,33,102,61
India,Rajasthan,Bundi,"New Colony, Bundi - RSPCB",02-05-2024 10:00:00,25.435774,75.644272,OZONE,69,147,87
India,Rajasthan,Churu,"Subash Chowk, Churu - RSPCB",02-05-2024 10:00:00,28.296139,74.961696,PM2.5,NA,NA,NA
India,Rajasthan,Churu,"Subash Chowk, Churu - RSPCB",02-05-2024 10:00:00,28.296139,74.961696,NH3,NA,NA,NA
India,Rajasthan,Dausa,"Khatikan Mohalla, Dausa - RSPCB",02-05-2024 10:00:00,26.895552,76.334753,PM10,132,433,181
India,Rajasthan,Dholpur,"Raja Ganj, Dholpur - RSPCB",02-05-2024 10:00:00,26.699557,77.898881,NO2,29,63,43
India,Rajasthan,Dungarpur,"Bhoiwada, Dungarpur - RSPCB",02-05-2024 10:00:00,23.837789,73.714926,CO,12,38,20
India,Rajasthan,Jaipur,"Adarsh Nagar, Jaipur - RSPCB",02-05-2024 10:00:00,26.902909,75.836858,CO,14,55,33
India,Rajasthan,Jaipur,"Mansarovar Sector-12, Jaipur - RSPCB",02-05-2024 10:00:00,26.843698,75.766894,PM10,113,180,143
India,Rajasthan,Jaipur,"Mansarovar Sector-12, Jaipur - RSPCB",02-05-2024 10:00:00,26.843698,75.766894,NH3,3,12,5
India,Rajasthan,Jaipur,"Police Commissionerate, Jaipur - RSPCB",02-05-2024 10:00:00,26.9164092,75.7994901,CO,24,46,31
India,Rajasthan,Jaipur,"RIICO Sitapura, Jaipur - RSPCB",02-05-2024 10:00:00,26.786682,75.827928,PM10,97,160,127
India,Rajasthan,Jaipur,"RIICO Sitapura, Jaipur - RSPCB",02-05-2024 10:00:00,26.786682,75.827928,SO2,6,14,9
India,Rajasthan,Jaipur,"Sector-2 Murlipura, Jaipur - RSPCB",02-05-2024 10:00:00,26.960669,75.771817,NH3,2,11,6
India,Rajasthan,Jaipur,"Sector-2 Murlipura, Jaipur - RSPCB",02-05-2024 10:00:00,26.960669,75.771817,OZONE,36,84,62
India,Rajasthan,Jaipur,"Shastri Nagar, Jaipur - RSPCB",02-05-2024 10:00:00,26.9502929,75.730943,NO2,11,69,30
India,Rajasthan,Jaipur,"Shastri Nagar, Jaipur - RSPCB",02-05-2024 10:00:00,26.9502929,75.730943,CO,3,96,36
India,Rajasthan,Jaisalmer,"Sadar Bazar, Jaisalmer - RSPCB",02-05-2024 10:00:00,26.912329,70.909168,PM10,77,425,144
India,Rajasthan,Jaisalmer,"Sadar Bazar, Jaisalmer - RSPCB",02-05-2024 10:00:00,26.912329,70.909168,OZONE,68,131,88
India,Rajasthan,Jhunjhunu,"Indra Nagar, Jhunjhunu - RSPCB",02-05-2024 10:00:00,28.108988,75.386577,NO2,10,37,21
India,Rajasthan,Jhunjhunu,"Indra Nagar, Jhunjhunu - RSPCB",02-05-2024 10:00:00,28.108988,75.386577,NH3,21,37,29
India,Rajasthan,Jhunjhunu,"Indra Nagar, Jhunjhunu - RSPCB",02-05-2024 10:00:00,28.108988,75.386577,CO,14,31,19
India,Rajasthan,Jodhpur,"Collectorate, Jodhpur - RSPCB",02-05-2024 10:00:00,26.268249,73.0193853,PM2.5,31,312,109
India,Rajasthan,Jodhpur,"Digari Kalan, Jodhpur - RSPCB",02-05-2024 10:00:00,26.295810,73.082283,PM2.5,20,63,39
India,Rajasthan,Jodhpur,"Digari Kalan, Jodhpur - RSPCB",02-05-2024 10:00:00,26.295810,73.082283,PM10,106,173,133
India,Rajasthan,Jodhpur,"Jhalamand, Jodhpur - RSPCB",02-05-2024 10:00:00,26.215415,73.070156,PM2.5,37,116,65
India,Rajasthan,Jodhpur,"Jhalamand, Jodhpur - RSPCB",02-05-2024 10:00:00,26.215415,73.070156,PM10,85,179,119
India,Rajasthan,Jodhpur,"Jhalamand, Jodhpur - RSPCB",02-05-2024 10:00:00,26.215415,73.070156,CO,6,28,15
India,Rajasthan,Jodhpur,"Jhalamand, Jodhpur - RSPCB",02-05-2024 10:00:00,26.215415,73.070156,OZONE,59,134,77
India,Rajasthan,Jodhpur,"Samrat Ashok Udhyan, Jodhpur - RSPCB",02-05-2024 10:00:00,26.253384,72.976571,NH3,2,4,2
India,Rajasthan,Jodhpur,"Samrat Ashok Udhyan, Jodhpur - RSPCB",02-05-2024 10:00:00,26.253384,72.976571,SO2,4,13,8
India,Rajasthan,Jodhpur,"Samrat Ashok Udhyan, Jodhpur - RSPCB",02-05-2024 10:00:00,26.253384,72.976571,CO,2,21,12
India,Rajasthan,Karauli,"Satyawati Vihar, Karauli - RSPCB",02-05-2024 10:00:00,26.506177,77.025989,PM10,102,215,132
India,Rajasthan,Kota,"Dhanmandi, Kota - RSPCB",02-05-2024 10:00:00,25.164090,75.858137,NH3,3,6,4
India,Rajasthan,Kota,"Dhanmandi, Kota - RSPCB",02-05-2024 10:00:00,25.164090,75.858137,CO,15,111,29
India,Rajasthan,Kota,"Nayapura, Kota - RSPCB",02-05-2024 10:00:00,25.196024,75.855668,PM10,39,261,116
India,Rajasthan,Kota,"Nayapura, Kota - RSPCB",02-05-2024 10:00:00,25.196024,75.855668,NO2,20,123,58
India,Rajasthan,Kota,"Shrinath Puram, Kota - RSPCB",02-05-2024 10:00:00,25.14389,75.821256,PM2.5,64,292,129
India,Rajasthan,Kota,"Shrinath Puram, Kota - RSPCB",02-05-2024 10:00:00,25.14389,75.821256,OZONE,13,77,38
India,Rajasthan,Pali,"Indira Colony Vistar, Pali - RSPCB",02-05-2024 10:00:00,25.771061, 73.340227,PM2.5,101,225,154
India,Rajasthan,Pratapgarh,"Pragati Nagar, Pratapgarh - RSPCB",02-05-2024 10:00:00,24.041198,74.780702,NO2,5,42,14
India,Rajasthan,Pratapgarh,"Pragati Nagar, Pratapgarh - RSPCB",02-05-2024 10:00:00,24.041198,74.780702,OZONE,65,135,77
India,Rajasthan,Rajsamand,"Dhoinda, Rajsamand - RSPCB",02-05-2024 10:00:00,25.036360,73.883502,PM10,57,121,81
India,Rajasthan,Rajsamand,"Dhoinda, Rajsamand - RSPCB",02-05-2024 10:00:00,25.036360,73.883502,NO2,2,19,10
India,Rajasthan,Rajsamand,"Dhoinda, Rajsamand - RSPCB",02-05-2024 10:00:00,25.036360,73.883502,NH3,1,2,2
India,Rajasthan,Sawai Madhopur,"Sahu Nagar, Sawai Madhopur - RSPCB",02-05-2024 10:00:00,26.031443,76.359327,SO2,1,13,3
India,Rajasthan,Sikar,"Radhakishan Pura, Sikar - RSPCB",02-05-2024 10:00:00,27.608912,75.153302,PM10,101,228,153
India,Rajasthan,Sikar,"Radhakishan Pura, Sikar - RSPCB",02-05-2024 10:00:00,27.608912,75.153302,NO2,6,46,18
India,Rajasthan,Sikar,"Radhakishan Pura, Sikar - RSPCB",02-05-2024 10:00:00,27.608912,75.153302,NH3,1,1,1
India,Rajasthan,Sikar,"Radhakishan Pura, Sikar - RSPCB",02-05-2024 10:00:00,27.608912,75.153302,SO2,1,6,3
India,Rajasthan,Sikar,"Radhakishan Pura, Sikar - RSPCB",02-05-2024 10:00:00,27.608912,75.153302,CO,12,34,18
India,Rajasthan,Sirohi,"Vedhaynath Colony, Sirohi - RSPCB",02-05-2024 10:00:00,24.885261,72.857549,PM10,67,197,100
India,Rajasthan,Sri Ganganagar,"Old City, Sri Ganganagar - RSPCB",02-05-2024 10:00:00,29.931624,73.864511,PM2.5,48,365,193
India,Rajasthan,Sri Ganganagar,"Old City, Sri Ganganagar - RSPCB",02-05-2024 10:00:00,29.931624,73.864511,NO2,28,73,41
India,Sikkim,Gangtok,"Zero Point GICI, Gangtok - SSPCB",02-05-2024 10:00:00,27.338530,88.614099,NO2,1,12,3
India,TamilNadu,Ariyalur,"Keelapalur, Ariyalur - TNPCB",02-05-2024 10:00:00,11.06825,79.07033,NH3,2,2,2
India,TamilNadu,Chennai,"Alandur Bus Depot, Chennai - CPCB",02-05-2024 10:00:00,12.9099161,80.1076538,PM2.5,NA,NA,NA
India,TamilNadu,Chennai,"Alandur Bus Depot, Chennai - CPCB",02-05-2024 10:00:00,12.9099161,80.1076538,CO,100,100,100
India,TamilNadu,Chennai,"Manali, Chennai - CPCB",02-05-2024 10:00:00,13.164544,80.26285,NH3,3,4,4
India,TamilNadu,Chennai,"Perungudi, Chennai - TNPCB",02-05-2024 10:00:00,12.9533,80.2357,PM2.5,2,44,15
India,TamilNadu,Chennai,"Perungudi, Chennai - TNPCB",02-05-2024 10:00:00,12.9533,80.2357,NO2,1,8,4
India,TamilNadu,Chennai,"Velachery Res. Area, Chennai - CPCB",02-05-2024 10:00:00,13.0052189,80.2398125,NO2,11,22,17
India,TamilNadu,Coimbatore,"PSG College of Arts and Science, Coimbatore - TNPCB",02-05-2024 10:00:00,11.0328,77.0349,SO2,NA,NA,NA
India,TamilNadu,Cuddalore,"Kudikadu, Cuddalore - TNPCB",02-05-2024 10:00:00,11.6829898,79.7532099,SO2,8,9,9
India,TamilNadu,Gummidipoondi,"Anthoni Pillai Nagar, Gummidipoondi - TNPCB",02-05-2024 10:00:00,13.4127,80.1081,PM2.5,NA,NA,NA
India,TamilNadu,Gummidipoondi,"Anthoni Pillai Nagar, Gummidipoondi - TNPCB",02-05-2024 10:00:00,13.4127,80.1081,NO2,16,30,22
India,TamilNadu,Gummidipoondi,"Anthoni Pillai Nagar, Gummidipoondi - TNPCB",02-05-2024 10:00:00,13.4127,80.1081,SO2,1,58,16
India,TamilNadu,Ramanathapuram,"Chalai Bazaar, Ramanathapuram - TNPCB",02-05-2024 10:00:00,9.36399,78.831977,PM2.5,9,48,23
India,TamilNadu,Thoothukudi,"Meelavittan, Thoothukudi - TNPCB",02-05-2024 10:00:00,8.816428 ,78.099039,NO2,29,47,36
India,TamilNadu,Thoothukudi,"Meelavittan, Thoothukudi - TNPCB",02-05-2024 10:00:00,8.816428 ,78.099039,CO,4,106,37
India,TamilNadu,Tirupur,"Kumaran College, Tirupur - TNPCB",02-05-2024 10:00:00,11.0973603,77.3228673,NO2,3,16,8
India,TamilNadu,Tirupur,"Kumaran College, Tirupur - TNPCB",02-05-2024 10:00:00,11.0973603,77.3228673,SO2,23,25,24
India,TamilNadu,Tirupur,"Kumaran College, Tirupur - TNPCB",02-05-2024 10:00:00,11.0973603,77.3228673,OZONE,6,7,7
India,Telangana,Hyderabad,"Bollaram Industrial Area, Hyderabad - TSPCB",02-05-2024 10:00:00,17.540891,78.358528,PM2.5,44,167,91
India,Telangana,Hyderabad,"Central University, Hyderabad - TSPCB",02-05-2024 10:00:00,17.460103,78.334361,CO,14,78,38
India,Telangana,Hyderabad,"ECIL Kapra, Hyderabad - TSPCB",02-05-2024 10:00:00,17.470431,78.566959,PM10,75,105,84
India,Telangana,Hyderabad,"ECIL Kapra, Hyderabad - TSPCB",02-05-2024 10:00:00,17.470431,78.566959,NO2,10,14,13
India,Telangana,Hyderabad,"ECIL Kapra, Hyderabad - TSPCB",02-05-2024 10:00:00,17.470431,78.566959,OZONE,15,58,26
India,Telangana,Hyderabad,"IITH Kandi, Hyderabad - TSPCB",02-05-2024 10:00:00,17.585705,78.126199,PM2.5,23,52,36
India,Telangana,Hyderabad,"IITH Kandi, Hyderabad - TSPCB",02-05-2024 10:00:00,17.585705,78.126199,CO,1,85,43
India,Telangana,Hyderabad,"IITH Kandi, Hyderabad - TSPCB",02-05-2024 10:00:00,17.585705,78.126199,OZONE,25,54,25
India,Telangana,Hyderabad,"Kokapet, Hyderabad - TSPCB",02-05-2024 10:00:00,17.393559,78.339194,PM2.5,NA,NA,NA
India,Telangana,Hyderabad,"Kokapet, Hyderabad - TSPCB",02-05-2024 10:00:00,17.393559,78.339194,PM10,NA,NA,NA
India,Telangana,Hyderabad,"Kompally Municipal Office, Hyderabad - TSPCB",02-05-2024 10:00:00,17.544899,78.486949,CO,11,102,51
India,Telangana,Hyderabad,"New Malakpet, Hyderabad - TSPCB",02-05-2024 10:00:00,17.37206,78.50864,PM2.5,NA,NA,NA
India,Telangana,Hyderabad,"New Malakpet, Hyderabad - TSPCB",02-05-2024 10:00:00,17.37206,78.50864,NO2,23,49,34
India,Telangana,Hyderabad,"Sanathnagar, Hyderabad - TSPCB",02-05-2024 10:00:00,17.4559458,78.4332152,SO2,1,58,32
India,Telangana,Hyderabad,"Sanathnagar, Hyderabad - TSPCB",02-05-2024 10:00:00,17.4559458,78.4332152,OZONE,14,19,16
India,Telangana,Hyderabad,"Somajiguda, Hyderabad - TSPCB",02-05-2024 10:00:00,17.417094,78.457437,PM2.5,36,67,55
India,Telangana,Hyderabad,"Somajiguda, Hyderabad - TSPCB",02-05-2024 10:00:00,17.417094,78.457437,NH3,4,8,6
India,Telangana,Hyderabad,"Zoo Park, Hyderabad - TSPCB",02-05-2024 10:00:00,17.349694,78.451437,NO2,16,39,26
India,Telangana,Hyderabad,"Zoo Park, Hyderabad - TSPCB",02-05-2024 10:00:00,17.349694,78.451437,NH3,1,2,1
India,Telangana,Hyderabad,"Zoo Park, Hyderabad - TSPCB",02-05-2024 10:00:00,17.349694,78.451437,CO,28,104,63
India,Uttar_Pradesh,Agra,"Sanjay Palace, Agra - UPPCB",02-05-2024 10:00:00,27.19865833,78.00598056,NO2,23,31,27
India,Uttar_Pradesh,Agra,"Sanjay Palace, Agra - UPPCB",02-05-2024 10:00:00,27.19865833,78.00598056,CO,18,65,44
India,Uttar_Pradesh,Agra,"Sector-3B Avas Vikas Colony, Agra - UPPCB",02-05-2024 10:00:00,27.19412,77.96237,NO2,37,39,39
India,Uttar_Pradesh,Agra,"Sector-3B Avas Vikas Colony, Agra - UPPCB",02-05-2024 10:00:00,27.19412,77.96237,CO,6,16,15
India,Uttar_Pradesh,Agra,"Shahjahan Garden, Agra - UPPCB",02-05-2024 10:00:00,27.169338,78.03582,PM2.5,27,129,65
India,Uttar_Pradesh,Agra,"Shahjahan Garden, Agra - UPPCB",02-05-2024 10:00:00,27.169338,78.03582,SO2,16,34,22
India,Uttar_Pradesh,Baghpat,"Sardar Patel Inter College, Baghpat - UPPCB",02-05-2024 10:00:00,28.964949,77.278761,NO2,13,62,37
India,Uttar_Pradesh,Baghpat,"Sardar Patel Inter College, Baghpat - UPPCB",02-05-2024 10:00:00,28.964949,77.278761,SO2,12,100,50
India,Uttar_Pradesh,Bareilly,"Rajendra Nagar, Bareilly - UPPCB",02-05-2024 10:00:00,28.38910936,79.42963708,SO2,45,47,46
India,Uttar_Pradesh,Bulandshahr,"Yamunapuram, Bulandshahr - UPPCB",02-05-2024 10:00:00,28.406963,77.849831,NO2,11,84,54
India,Uttar_Pradesh,Bulandshahr,"Yamunapuram, Bulandshahr - UPPCB",02-05-2024 10:00:00,28.406963,77.849831,NH3,10,15,12
India,Uttar_Pradesh,Bulandshahr,"Yamunapuram, Bulandshahr - UPPCB",02-05-2024 10:00:00,28.406963,77.849831,CO,18,65,51
India,Uttar_Pradesh,Firozabad,"Nagla Bhau, Firozabad - UPPCB",02-05-2024 10:00:00,27.168897,78.376960,PM2.5,16,163,54
India,Uttar_Pradesh,Ghaziabad,"Indirapuram, Ghaziabad - UPPCB",02-05-2024 10:00:00,28.646233,77.358075,SO2,2,76,11
India,Uttar_Pradesh,Ghaziabad,"Indirapuram, Ghaziabad - UPPCB",02-05-2024 10:00:00,28.646233,77.358075,OZONE,20,54,28
India,Uttar_Pradesh,Ghaziabad,"Loni, Ghaziabad - UPPCB",02-05-2024 10:00:00,28.757294,77.278792,CO,14,55,47
India,Uttar_Pradesh,Ghaziabad,"Sanjay Nagar, Ghaziabad - UPPCB",02-05-2024 10:00:00,28.685382,77.453839,PM2.5,30,304,136
India,Uttar_Pradesh,Ghaziabad,"Sanjay Nagar, Ghaziabad - UPPCB",02-05-2024 10:00:00,28.685382,77.453839,NH3,4,8,6
India,Uttar_Pradesh,Ghaziabad,"Sanjay Nagar, Ghaziabad - UPPCB",02-05-2024 10:00:00,28.685382,77.453839,SO2,7,77,41
India,Uttar_Pradesh,Ghaziabad,"Vasundhara, Ghaziabad - UPPCB",02-05-2024 10:00:00,28.6603346,77.3572563,PM10,88,171,133
India,Uttar_Pradesh,Ghaziabad,"Vasundhara, Ghaziabad - UPPCB",02-05-2024 10:00:00,28.6603346,77.3572563,NO2,31,84,55
India,Uttar_Pradesh,Ghaziabad,"Vasundhara, Ghaziabad - UPPCB",02-05-2024 10:00:00,28.6603346,77.3572563,CO,2,56,36
India,Uttar_Pradesh,Gorakhpur,"Madan Mohan Malaviya University of Technology, Gorakhpur - UPPCB",02-05-2024 10:00:00,26.730136,83.433859,PM10,108,213,141
India,Uttar_Pradesh,Gorakhpur,"Madan Mohan Malaviya University of Technology, Gorakhpur - UPPCB",02-05-2024 10:00:00,26.730136,83.433859,SO2,35,40,37
India,Uttar_Pradesh,Greater Noida,"Knowledge Park - III, Greater Noida - UPPCB",02-05-2024 10:00:00,28.47272,77.482000,CO,63,108,71
India,Uttar_Pradesh,Greater Noida,"Knowledge Park - V, Greater Noida - UPPCB",02-05-2024 10:00:00,28.557054,77.453663,PM10,139,298,206
India,Uttar_Pradesh,Greater Noida,"Knowledge Park - V, Greater Noida - UPPCB",02-05-2024 10:00:00,28.557054,77.453663,NO2,23,44,33
India,Uttar_Pradesh,Greater Noida,"Knowledge Park - V, Greater Noida - UPPCB",02-05-2024 10:00:00,28.557054,77.453663,OZONE,47,112,68
India,Uttar_Pradesh,Hapur,"Anand Vihar, Hapur - UPPCB",02-05-2024 10:00:00,28.725645,77.749675,PM10,101,197,153
India,Uttar_Pradesh,Hapur,"Anand Vihar, Hapur - UPPCB",02-05-2024 10:00:00,28.725645,77.749675,SO2,9,83,35
India,Uttar_Pradesh,Jhansi,"Shivaji Nagar, Jhansi - UPPCB",02-05-2024 10:00:00,25.4547,78.6039,SO2,15,19,16
India,Uttar_Pradesh,Kanpur,"FTI Kidwai Nagar, Kanpur - UPPCB",02-05-2024 10:00:00,26.428282,80.327067,PM10,112,278,158
India,Uttar_Pradesh,Kanpur,"FTI Kidwai Nagar, Kanpur - UPPCB",02-05-2024 10:00:00,26.428282,80.327067,SO2,25,25,25
India,Uttar_Pradesh,Kanpur,"NSI Kalyanpur, Kanpur - UPPCB",02-05-2024 10:00:00,26.509954,80.249612,PM10,105,187,142
India,Uttar_Pradesh,Kanpur,"NSI Kalyanpur, Kanpur - UPPCB",02-05-2024 10:00:00,26.509954,80.249612,SO2,19,27,21
India,Uttar_Pradesh,Kanpur,"NSI Kalyanpur, Kanpur - UPPCB",02-05-2024 10:00:00,26.509954,80.249612,CO,32,40,36
India,Uttar_Pradesh,Kanpur,"Nehru Nagar, Kanpur - UPPCB",02-05-2024 10:00:00,26.4703136,80.3229863,NO2,29,49,41
India,Uttar_Pradesh,Lucknow,"B R Ambedkar University, Lucknow - UPPCB",02-05-2024 10:00:00,26.766433,80.927299,PM2.5,62,309,153
India,Uttar_Pradesh,Lucknow,"Gomti Nagar, Lucknow - UPPCB",02-05-2024 10:00:00,26.868120,81.005119,PM2.5,60,232,115
India,Uttar_Pradesh,Lucknow,"Gomti Nagar, Lucknow - UPPCB",02-05-2024 10:00:00,26.868120,81.005119,PM10,70,151,106
India,Uttar_Pradesh,Lucknow,"Gomti Nagar, Lucknow - UPPCB",02-05-2024 10:00:00,26.868120,81.005119,NO2,9,12,10
India,Uttar_Pradesh,Lucknow,"Gomti Nagar, Lucknow - UPPCB",02-05-2024 10:00:00,26.868120,81.005119,OZONE,30,42,32
India,Uttar_Pradesh,Lucknow,"Kendriya Vidyalaya, Lucknow - CPCB",02-05-2024 10:00:00,26.906111,80.948222,NH3,3,20,14
India,Uttar_Pradesh,Lucknow,"Kendriya Vidyalaya, Lucknow - CPCB",02-05-2024 10:00:00,26.906111,80.948222,SO2,3,6,5
India,Uttar_Pradesh,Lucknow,"Talkatora District Industries Center, Lucknow - CPCB",02-05-2024 10:00:00,26.83399722,80.8917361,NH3,4,13,11
India,Uttar_Pradesh,Lucknow,"Talkatora District Industries Center, Lucknow - CPCB",02-05-2024 10:00:00,26.83399722,80.8917361,SO2,3,11,7
India,Uttar_Pradesh,Meerut,"Ganga Nagar, Meerut - UPPCB",02-05-2024 10:00:00,28.999264,77.7590354,PM10,107,206,156
India,Uttar_Pradesh,Meerut,"Ganga Nagar, Meerut - UPPCB",02-05-2024 10:00:00,28.999264,77.7590354,NH3,4,7,6
India,Uttar_Pradesh,Meerut,"Jai Bhim Nagar, Meerut - UPPCB",02-05-2024 10:00:00,28.9535882,77.7622941,NH3,2,5,4
India,Uttar_Pradesh,Meerut,"Pallavpuram Phase 2, Meerut - UPPCB",02-05-2024 10:00:00,29.063510,77.709723,OZONE,17,73,30
India,Uttar_Pradesh,Moradabad,"Eco Herbal Park, Moradabad - UPPCB",02-05-2024 10:00:00,28.840739,78.697531,NO2,10,33,20
India,Uttar_Pradesh,Moradabad,"Eco Herbal Park, Moradabad - UPPCB",02-05-2024 10:00:00,28.840739,78.697531,CO,16,96,56
India,Uttar_Pradesh,Moradabad,"Kashiram Nagar, Moradabad - UPPCB",02-05-2024 10:00:00,28.849399,78.742362,PM2.5,21,162,64
India,Uttar_Pradesh,Moradabad,"Kashiram Nagar, Moradabad - UPPCB",02-05-2024 10:00:00,28.849399,78.742362,OZONE,13,66,17
India,Uttar_Pradesh,Moradabad,"Transport Nagar, Moradabad - UPPCB",02-05-2024 10:00:00,28.802625,78.753728,OZONE,16,61,22
India,Uttar_Pradesh,Muzaffarnagar,"New Mandi, Muzaffarnagar - UPPCB",02-05-2024 10:00:00,29.4723508,77.7194031,NO2,17,38,25
India,Uttar_Pradesh,Muzaffarnagar,"New Mandi, Muzaffarnagar - UPPCB",02-05-2024 10:00:00,29.4723508,77.7194031,NH3,9,12,10
India,Uttar_Pradesh,Noida,"Sector - 125, Noida - UPPCB",02-05-2024 10:00:00,28.5447608,77.3231257,PM2.5,25,158,59
India,Uttar_Pradesh,Noida,"Sector - 125, Noida - UPPCB",02-05-2024 10:00:00,28.5447608,77.3231257,CO,21,62,52
India,Uttar_Pradesh,Noida,"Sector-1, Noida - UPPCB",02-05-2024 10:00:00,28.5898,77.3101,NH3,1,3,2
India,Uttar_Pradesh,Noida,"Sector-116, Noida - UPPCB",02-05-2024 10:00:00,28.569230,77.393848,PM2.5,36,184,82
India,Uttar_Pradesh,Noida,"Sector-116, Noida - UPPCB",02-05-2024 10:00:00,28.569230,77.393848,NO2,18,62,36
India,Uttar_Pradesh,Noida,"Sector-116, Noida - UPPCB",02-05-2024 10:00:00,28.569230,77.393848,SO2,11,68,27
India,Uttar_Pradesh,Prayagraj,"Jhunsi, Prayagraj - UPPCB",02-05-2024 10:00:00,25.425602,81.917152,PM2.5,20,98,45
India,Uttar_Pradesh,Prayagraj,"Motilal Nehru NIT, Prayagraj - UPPCB",02-05-2024 10:00:00,25.494,81.863,PM2.5,21,64,33
India,Uttar_Pradesh,Prayagraj,"Motilal Nehru NIT, Prayagraj - UPPCB",02-05-2024 10:00:00,25.494,81.863,NO2,11,12,11
India,Uttar_Pradesh,Prayagraj,"Nagar Nigam, Prayagraj - UPPCB",02-05-2024 10:00:00,25.44919916 ,81.82735986 ,PM2.5,20,88,52
India,Uttar_Pradesh,Prayagraj,"Nagar Nigam, Prayagraj - UPPCB",02-05-2024 10:00:00,25.44919916 ,81.82735986 ,CO,15,100,21
India,Uttar_Pradesh,Varanasi,"Ardhali Bazar, Varanasi - UPPCB",02-05-2024 10:00:00,25.3505986,82.9083074,PM2.5,13,51,27
India,Uttar_Pradesh,Varanasi,"Ardhali Bazar, Varanasi - UPPCB",02-05-2024 10:00:00,25.3505986,82.9083074,NO2,13,29,20
India,Uttar_Pradesh,Varanasi,"Ardhali Bazar, Varanasi - UPPCB",02-05-2024 10:00:00,25.3505986,82.9083074,CO,7,39,17
India,Uttar_Pradesh,Varanasi,"Bhelupur, Varanasi - UPPCB",02-05-2024 10:00:00,25.301778,82.996789,PM10,31,119,49
India,Uttar_Pradesh,Varanasi,"IESD Banaras Hindu University, Varanasi - UPPCB",02-05-2024 10:00:00,25.262326,82.995408,OZONE,NA,NA,NA
India,Uttar_Pradesh,Varanasi,"Maldahiya, Varanasi - UPPCB",02-05-2024 10:00:00,25.32393,82.99687,OZONE,2,23,10
India,Uttar_Pradesh,Vrindavan,"Omex Eternity, Vrindavan - UPPCB",02-05-2024 10:00:00,27.5714090,77.6557570,CO,26,59,55
India,Uttarakhand,Dehradun,"Doon University, Dehradun - UKPCB",02-05-2024 10:00:00,30.269444,78.044167,PM10,67,138,96
India,Uttarakhand,Kashipur,"Govt. Girls Inter College, Kashipur - UKPCB",02-05-2024 10:00:00,29.2124114,78.9611753,PM10,57,111,94
India,Uttarakhand,Kashipur,"Govt. Girls Inter College, Kashipur - UKPCB",02-05-2024 10:00:00,29.2124114,78.9611753,NH3,6,9,7
India,Uttarakhand,Kashipur,"Govt. Girls Inter College, Kashipur - UKPCB",02-05-2024 10:00:00,29.2124114,78.9611753,CO,10,43,21
India,Uttarakhand,Kashipur,"Govt. Girls Inter College, Kashipur - UKPCB",02-05-2024 10:00:00,29.2124114,78.9611753,OZONE,11,63,35
India,West_Bengal,Barrackpore,"SVSPA Campus, Barrackpore - WBPCB",02-05-2024 10:00:00,22.7605581,88.3617589,SO2,7,11,9
India,West_Bengal,Durgapur,"PCBL Residential Complex, Durgapur - WBPCB",02-05-2024 10:00:00,23.5087640,87.3544400,PM10,132,401,200
India,West_Bengal,Durgapur,"PCBL Residential Complex, Durgapur - WBPCB",02-05-2024 10:00:00,23.5087640,87.3544400,OZONE,24,137,43
India,West_Bengal,Haldia,"Priyambada Housing Estate, Haldia - WBPCB",02-05-2024 10:00:00,22.06047,88.109737,NH3,4,6,5
India,West_Bengal,Howrah,"Belur Math, Howrah - WBPCB",02-05-2024 10:00:00,22.629801,88.352017,PM2.5,41,96,66
India,West_Bengal,Howrah,"Ghusuri, Howrah - WBPCB",02-05-2024 10:00:00,22.611968,88.347422,NH3,3,3,3
India,West_Bengal,Howrah,"Ghusuri, Howrah - WBPCB",02-05-2024 10:00:00,22.611968,88.347422,OZONE,13,35,16
India,West_Bengal,Kolkata,"Ballygunge, Kolkata - WBPCB",02-05-2024 10:00:00,22.5367507,88.3638022,CO,2,14,5
India,West_Bengal,Kolkata,"Ballygunge, Kolkata - WBPCB",02-05-2024 10:00:00,22.5367507,88.3638022,OZONE,52,169,72
India,West_Bengal,Kolkata,"Fort William, Kolkata - WBPCB",02-05-2024 10:00:00,22.556640,88.342674,NH3,2,3,2
India,West_Bengal,Kolkata,"Jadavpur, Kolkata - WBPCB",02-05-2024 10:00:00,22.49929,88.36917,PM2.5,25,79,56
India,West_Bengal,Kolkata,"Rabindra Bharati University, Kolkata - WBPCB",02-05-2024 10:00:00,22.627847,88.380669,PM10,49,116,86
India,West_Bengal,Kolkata,"Rabindra Bharati University, Kolkata - WBPCB",02-05-2024 10:00:00,22.627847,88.380669,OZONE,15,220,31
India,West_Bengal,Kolkata,"Rabindra Sarobar, Kolkata - WBPCB",02-05-2024 10:00:00,22.51106,88.35142,PM2.5,26,86,58
India,West_Bengal,Siliguri,"Ward-32 Bapupara, Siliguri - WBPCB",02-05-2024 10:00:00,26.6879226,88.4152495,NH3,6,11,9
India,West_Bengal,Siliguri,"Ward-32 Bapupara, Siliguri - WBPCB",02-05-2024 10:00:00,26.6879226,88.4152495,OZONE,21,66,32
India,Andhra_Pradesh,Amaravati,"Secretariat, Amaravati - APPCB",02-05-2024 10:00:00,16.5150833,80.5181667,PM2.5,2,83,34
India,Andhra_Pradesh,Amaravati,"Secretariat, Amaravati - APPCB",02-05-2024 10:00:00,16.5150833,80.5181667,NH3,3,4,4
India,Andhra_Pradesh,Anantapur,"Gulzarpet, Anantapur - APPCB",02-05-2024 10:00:00,14.675886,77.593027,NO2,12,13,12
India,Andhra_Pradesh,Chittoor,"Gangineni Cheruvu, Chittoor - APPCB",02-05-2024 10:00:00,13.204880,79.097889,NO2,2,8,5
India,Andhra_Pradesh,Chittoor,"Gangineni Cheruvu, Chittoor - APPCB",02-05-2024 10:00:00,13.204880,79.097889,NH3,1,2,1
India,Andhra_Pradesh,Chittoor,"Gangineni Cheruvu, Chittoor - APPCB",02-05-2024 10:00:00,13.204880,79.097889,SO2,1,23,8
India,Andhra_Pradesh,Kadapa,"Yerramukkapalli, Kadapa - APPCB",02-05-2024 10:00:00,14.465052,78.824187,PM2.5,18,142,55
India,Andhra_Pradesh,Kadapa,"Yerramukkapalli, Kadapa - APPCB",02-05-2024 10:00:00,14.465052,78.824187,SO2,2,3,2
India,Andhra_Pradesh,Tirupati,"Tirumala, Tirupati - APPCB",02-05-2024 10:00:00,13.67,79.35,NH3,1,2,1
India,Andhra_Pradesh,Tirupati,"Tirumala, Tirupati - APPCB",02-05-2024 10:00:00,13.67,79.35,CO,36,57,40
India,Andhra_Pradesh,Tirupati,"Vaikuntapuram, Tirupati - APPCB",02-05-2024 10:00:00,13.615387,79.409230,NO2,NA,NA,NA
India,Andhra_Pradesh,Tirupati,"Vaikuntapuram, Tirupati - APPCB",02-05-2024 10:00:00,13.615387,79.409230,OZONE,11,46,12
India,Andhra_Pradesh,Vijayawada,"HB Colony, Vijayawada - APPCB",02-05-2024 10:00:00,16.536107,80.594233,NO2,2,10,6
India,Andhra_Pradesh,Vijayawada,"Rajiv Gandhi Park, Vijayawada - APPCB",02-05-2024 10:00:00,16.509717,80.612222,PM10,32,100,65
India,Andhra_Pradesh,Vijayawada,"Rajiv Gandhi Park, Vijayawada - APPCB",02-05-2024 10:00:00,16.509717,80.612222,OZONE,10,103,20
India,Andhra_Pradesh,Visakhapatnam,"GVM Corporation, Visakhapatnam - APPCB",02-05-2024 10:00:00,17.72,83.3,CO,2,68,18
India,Arunachal_Pradesh,Naharlagun,"Naharlagun, Naharlagun - APSPCB",02-05-2024 10:00:00,27.103358,93.679645,CO,12,24,15
India,Assam,Byrnihat,"Central Academy for SFS, Byrnihat - PCBA",02-05-2024 10:00:00,26.071318,91.87488,PM10,79,500,157
India,Assam,Byrnihat,"Central Academy for SFS, Byrnihat - PCBA",02-05-2024 10:00:00,26.071318,91.87488,OZONE,23,27,23
India,Assam,Guwahati,"LGBI Airport, Guwahati - PCBA",02-05-2024 10:00:00,26.10887,91.589544,PM2.5,43,322,121
India,Assam,Guwahati,"LGBI Airport, Guwahati - PCBA",02-05-2024 10:00:00,26.10887,91.589544,NO2,19,58,40
India,Assam,Guwahati,"LGBI Airport, Guwahati - PCBA",02-05-2024 10:00:00,26.10887,91.589544,CO,44,78,51
India,Assam,Guwahati,"Pan Bazaar, Guwahati - PCBA",02-05-2024 10:00:00,26.187500,91.744194,OZONE,17,18,17
India,Assam,Nalbari,"Bata Chowk, Nalbari - PCBA",02-05-2024 10:00:00,26.446912,91.439057,PM10,82,358,147
India,Assam,Silchar,"Tarapur, Silchar - PCBA",02-05-2024 10:00:00,24.82827,92.79525,PM10,42,90,56
India,Assam,Silchar,"Tarapur, Silchar - PCBA",02-05-2024 10:00:00,24.82827,92.79525,NH3,1,1,1
India,Assam,Silchar,"Tarapur, Silchar - PCBA",02-05-2024 10:00:00,24.82827,92.79525,SO2,1,12,6
India,Bihar,Araria,"Kharahiya Basti, Araria - BSPCB",02-05-2024 10:00:00,26.146529,87.454184,PM2.5,57,177,92
India,Bihar,Araria,"Kharahiya Basti, Araria - BSPCB",02-05-2024 10:00:00,26.146529,87.454184,PM10,102,199,143
India,Bihar,Araria,"Kharahiya Basti, Araria - BSPCB",02-05-2024 10:00:00,26.146529,87.454184,NO2,6,11,8
India,Bihar,Araria,"Kharahiya Basti, Araria - BSPCB",02-05-2024 10:00:00,26.146529,87.454184,CO,12,30,28
India,Bihar,Arrah,"New DM Office, Arrah - BSPCB",02-05-2024 10:00:00,25.5626095,84.663264,OZONE,11,35,17
India,Bihar,Aurangabad,"Gurdeo Nagar, Aurangabad - BSPCB",02-05-2024 10:00:00,24.75746,84.366208,NH3,2,31,15
India,Bihar,Bettiah,"Kamalnath Nagar, Bettiah - BSPCB",02-05-2024 10:00:00,26.80365,84.51954,PM2.5,103,321,172
India,Bihar,Bettiah,"Kamalnath Nagar, Bettiah - BSPCB",02-05-2024 10:00:00,26.80365,84.51954,NH3,4,5,4
India,Bihar,Bettiah,"Kamalnath Nagar, Bettiah - BSPCB",02-05-2024 10:00:00,26.80365,84.51954,SO2,5,25,14
India,Bihar,Bettiah,"Kamalnath Nagar, Bettiah - BSPCB",02-05-2024 10:00:00,26.80365,84.51954,OZONE,5,24,10
India,Bihar,Bhagalpur,"DM Office_Kachari Chowk, Bhagalpur - BSPCB",02-05-2024 10:00:00,25.251013,86.989001,OZONE,33,49,46
India,Bihar,Bhagalpur,"Mayaganj, Bhagalpur - BSPCB",02-05-2024 10:00:00,25.265194,87.012947,SO2,11,12,12
India,Bihar,Bhagalpur,"Mayaganj, Bhagalpur - BSPCB",02-05-2024 10:00:00,25.265194,87.012947,CO,8,10,9
India,Bihar,Bihar Sharif,"D M Colony, Bihar Sharif - BSPCB",02-05-2024 10:00:00,25.204762,85.514960,SO2,7,15,10
India,Bihar,Bihar Sharif,"D M Colony, Bihar Sharif - BSPCB",02-05-2024 10:00:00,25.204762,85.514960,OZONE,7,49,44
India,Bihar,Buxar,"Charitra Van, Buxar - BSPCB (Formerly known as Central Jail)",02-05-2024 10:00:00,25.567520,83.966379,PM2.5,NA,NA,NA
India,Bihar,Gaya,"Collectorate, Gaya - BSPCB",02-05-2024 10:00:00,24.7955,84.9994,SO2,10,25,17
India,Bihar,Gaya,"SFTI Kusdihra, Gaya - BSPCB",02-05-2024 10:00:00,24.762518,84.982348,PM10,NA,NA,NA
India,Bihar,Gaya,"SFTI Kusdihra, Gaya - BSPCB",02-05-2024 10:00:00,24.762518,84.982348,NO2,NA,NA,NA
India,Bihar,Gaya,"SFTI Kusdihra, Gaya - BSPCB",02-05-2024 10:00:00,24.762518,84.982348,NH3,NA,NA,NA
India,Bihar,Hajipur,"Industrial Area, Hajipur - BSPCB",02-05-2024 10:00:00,25.697189,85.245900,OZONE,3,29,7
India,Bihar,Katihar,"Mirchaibari, Katihar - BSPCB",02-05-2024 10:00:00,25.560083,87.553265,PM10,54,178,132
India,Bihar,Katihar,"Mirchaibari, Katihar - BSPCB",02-05-2024 10:00:00,25.560083,87.553265,NH3,3,10,7
India,Bihar,Motihari,"Gandak Colony, Motihari - BSPCB",02-05-2024 10:00:00,26.63086,84.90051,CO,7,52,20
India,Bihar,Munger,"Town Hall, Munger - BSPCB",02-05-2024 10:00:00,25.376776,86.471523,PM2.5,73,247,147
India,Bihar,Munger,"Town Hall, Munger - BSPCB",02-05-2024 10:00:00,25.376776,86.471523,NO2,4,6,5
India,Bihar,Munger,"Town Hall, Munger - BSPCB",02-05-2024 10:00:00,25.376776,86.471523,CO,44,68,55
India,Bihar,Muzaffarpur,"Buddha Colony, Muzaffarpur - BSPCB",02-05-2024 10:00:00,26.11442,85.39813,SO2,4,31,10
India,Bihar,Muzaffarpur,"Buddha Colony, Muzaffarpur - BSPCB",02-05-2024 10:00:00,26.11442,85.39813,CO,12,39,25
India,Bihar,Muzaffarpur,"MIT-Daudpur Kothi, Muzaffarpur - BSPCB",02-05-2024 10:00:00,26.1403345,85.3650192,NO2,4,6,5
India,Bihar,Muzaffarpur,"MIT-Daudpur Kothi, Muzaffarpur - BSPCB",02-05-2024 10:00:00,26.1403345,85.3650192,NH3,1,3,2
India,Bihar,Muzaffarpur,"Muzaffarpur Collectorate, Muzaffarpur - BSPCB",02-05-2024 10:00:00,26.1209,85.3647,NO2,18,40,27
India,Bihar,Muzaffarpur,"Muzaffarpur Collectorate, Muzaffarpur - BSPCB",02-05-2024 10:00:00,26.1209,85.3647,SO2,4,12,8
India,Bihar,Patna,"DRM Office Danapur, Patna - BSPCB",02-05-2024 10:00:00,25.586562,85.043586,PM2.5,167,304,255
India,Bihar,Patna,"DRM Office Danapur, Patna - BSPCB",02-05-2024 10:00:00,25.586562,85.043586,PM10,159,200,180
India,Bihar,Patna,"DRM Office Danapur, Patna - BSPCB",02-05-2024 10:00:00,25.586562,85.043586,CO,13,84,33
India,Bihar,Patna,"Govt. High School Shikarpur, Patna - BSPCB",02-05-2024 10:00:00,25.592539,85.227158,CO,28,54,41
India,Bihar,Patna,"Govt. High School Shikarpur, Patna - BSPCB",02-05-2024 10:00:00,25.592539,85.227158,OZONE,1,59,7
India,Bihar,Patna,"Muradpur, Patna - BSPCB",02-05-2024 10:00:00,25.619651,85.147382,NH3,1,5,4
India,Bihar,Patna,"Rajbansi Nagar, Patna - BSPCB",02-05-2024 10:00:00,25.599486,85.113666,PM10,137,223,178
India,Bihar,Patna,"Rajbansi Nagar, Patna - BSPCB",02-05-2024 10:00:00,25.599486,85.113666,OZONE,16,137,51
India,Bihar,Patna,"Samanpura, Patna - BSPCB",02-05-2024 10:00:00,25.596727,85.085624,NH3,9,15,12
India,Bihar,Purnia,"Mariam Nagar, Purnia - BSPCB",02-05-2024 10:00:00,25.366336,87.117468,PM10,44,108,61
India,Bihar,Purnia,"Mariam Nagar, Purnia - BSPCB",02-05-2024 10:00:00,25.366336,87.117468,OZONE,9,66,13
India,Bihar,Saharsa,"Police Line, Saharsa - BSPCB",02-05-2024 10:00:00,25.892357,86.590325,OZONE,18,50,22
India,Bihar,Sasaram,"Dada Peer, Sasaram - BSPCB",02-05-2024 10:00:00,24.952822,84.002396,PM2.5,34,64,44
India,Bihar,Siwan,"Chitragupta Nagar, Siwan - BSPCB",02-05-2024 10:00:00,26.2271665,84.3570427,PM2.5,NA,NA,NA
India,Bihar,Siwan,"Chitragupta Nagar, Siwan - BSPCB",02-05-2024 10:00:00,26.2271665,84.3570427,SO2,NA,NA,NA
India,Bihar,Siwan,"Chitragupta Nagar, Siwan - BSPCB",02-05-2024 10:00:00,26.2271665,84.3570427,CO,NA,NA,NA
India,Chandigarh,Chandigarh,"Sector 22, Chandigarh - CPCC",02-05-2024 10:00:00,30.735567,76.775714,NH3,4,10,6
India,Chandigarh,Chandigarh,"Sector-25, Chandigarh - CPCC",02-05-2024 10:00:00,30.751462,76.762879,OZONE,6,41,15
India,Chandigarh,Chandigarh,"Sector-53, Chandigarh - CPCC",02-05-2024 10:00:00,30.719859,76.738637,PM2.5,22,130,64
India,Chandigarh,Chandigarh,"Sector-53, Chandigarh - CPCC",02-05-2024 10:00:00,30.719859,76.738637,PM10,64,163,101
India,Chhattisgarh,Bhilai,"32Bungalows, Bhilai - CECB",02-05-2024 10:00:00,21.194815,81.314770,CO,14,42,27
India,Chhattisgarh,Bhilai,"Civic Center, Bhilai - Bhilai Steel Plant",02-05-2024 10:00:00,21.185571,81.343175,PM2.5,23,90,37
India,Chhattisgarh,Bhilai,"Civic Center, Bhilai - Bhilai Steel Plant",02-05-2024 10:00:00,21.185571,81.343175,NO2,11,16,13
India,Chhattisgarh,Bhilai,"Hathkhoj, Bhilai - CECB",02-05-2024 10:00:00,21.224231,81.408350,NO2,NA,NA,NA
India,Chhattisgarh,Bhilai,"Hathkhoj, Bhilai - CECB",02-05-2024 10:00:00,21.224231,81.408350,OZONE,16,30,25
India,Chhattisgarh,Chhal,"Nawapara SECL Colony, Chhal - CECB",02-05-2024 10:00:00,22.118125,83.140608,PM10,49,121,83
India,Chhattisgarh,Kunjemura,"OP Jindal School, Kunjemura - CECB",02-05-2024 10:00:00,22.126650,83.483212,CO,16,48,38
India,Chhattisgarh,Kunjemura,"OP Jindal School, Kunjemura - CECB",02-05-2024 10:00:00,22.126650,83.483212,OZONE,5,88,20
India,Chhattisgarh,Milupara,"Govt. Higher Secondary School, Milupara - CECB",02-05-2024 10:00:00,22.1910172,83.5197009,SO2,NA,NA,NA
India,Chhattisgarh,Raipur,"AIIMS, Raipur - CECB",02-05-2024 10:00:00,21.258815,81.578979,NO2,19,50,29
India,Chhattisgarh,Raipur,"AIIMS, Raipur - CECB",02-05-2024 10:00:00,21.258815,81.578979,CO,20,33,24
India,Chhattisgarh,Raipur,"Bhatagaon New ISBT, Raipur - CECB",02-05-2024 10:00:00,21.219665,81.630094,NH3,2,2,2
India,Chhattisgarh,Raipur,"Krishak Nagar, Raipur - CECB",02-05-2024 10:00:00,21.237755,81.705301,PM2.5,25,59,39
India,Chhattisgarh,Raipur,"Krishak Nagar, Raipur - CECB",02-05-2024 10:00:00,21.237755,81.705301,PM10,42,97,68
India,Chhattisgarh,Raipur,"Krishak Nagar, Raipur - CECB",02-05-2024 10:00:00,21.237755,81.705301,OZONE,1,24,6
India,Chhattisgarh,Raipur,"Siltara Phase-II, Raipur - CECB",02-05-2024 10:00:00,21.371751,81.664929,CO,10,61,34
India,Chhattisgarh,Tumidih,"OP Jindal Industrial Park, Tumidih - CECB",02-05-2024 10:00:00,22.06631475,83.33820077,SO2,5,29,7
India,Delhi,Delhi,"Alipur, Delhi - DPCC",02-05-2024 10:00:00,28.815329,77.153010,SO2,9,62,19
India,Delhi,Delhi,"Ashok Vihar, Delhi - DPCC",02-05-2024 10:00:00,28.695381,77.181665,OZONE,9,31,15
India,Delhi,Delhi,"Aya Nagar, Delhi - IMD",02-05-2024 10:00:00,28.4706914,77.1099364,NO2,NA,NA,NA
India,Delhi,Delhi,"Aya Nagar, Delhi - IMD",02-05-2024 10:00:00,28.4706914,77.1099364,OZONE,25,52,39
India,Delhi,Delhi,"Bawana, Delhi - DPCC",02-05-2024 10:00:00,28.776200,77.051074,OZONE,18,126,48
India,Delhi,Delhi,"Burari Crossing, Delhi - IMD",02-05-2024 10:00:00,28.7256504,77.2011573,PM10,139,407,233
India,Delhi,Delhi,"Burari Crossing, Delhi - IMD",02-05-2024 10:00:00,28.7256504,77.2011573,CO,9,29,24
India,Delhi,Delhi,"DTU, Delhi - CPCB",02-05-2024 10:00:00,28.7500499,77.1112615,PM10,115,401,199
India,Delhi,Delhi,"DTU, Delhi - CPCB",02-05-2024 10:00:00,28.7500499,77.1112615,NO2,3,8,6
India,Delhi,Delhi,"DTU, Delhi - CPCB",02-05-2024 10:00:00,28.7500499,77.1112615,OZONE,25,177,52
India,Delhi,Delhi,"Dr. Karni Singh Shooting Range, Delhi - DPCC",02-05-2024 10:00:00,28.498571,77.264840,PM2.5,31,312,127
India,Delhi,Delhi,"Dr. Karni Singh Shooting Range, Delhi - DPCC",02-05-2024 10:00:00,28.498571,77.264840,PM10,122,249,170
India,Delhi,Delhi,"Dr. Karni Singh Shooting Range, Delhi - DPCC",02-05-2024 10:00:00,28.498571,77.264840,NO2,22,122,58
India,Delhi,Delhi,"Dr. Karni Singh Shooting Range, Delhi - DPCC",02-05-2024 10:00:00,28.498571,77.264840,SO2,19,54,30
India,Delhi,Delhi,"ITO, Delhi - CPCB",02-05-2024 10:00:00,28.628624,77.241060,NO2,17,140,61
India,Delhi,Delhi,"Jahangirpuri, Delhi - DPCC",02-05-2024 10:00:00,28.732820,77.170633,PM2.5,32,362,184
India,Delhi,Delhi,"Jahangirpuri, Delhi - DPCC",02-05-2024 10:00:00,28.732820,77.170633,NO2,37,124,82
India,Delhi,Delhi,"Jahangirpuri, Delhi - DPCC",02-05-2024 10:00:00,28.732820,77.170633,NH3,6,44,15
India,Delhi,Delhi,"Jawaharlal Nehru Stadium, Delhi - DPCC",02-05-2024 10:00:00,28.580280,77.233829,NO2,24,94,56
India,Delhi,Delhi,"Major Dhyan Chand National Stadium, Delhi - DPCC",02-05-2024 10:00:00,28.611281,77.237738,PM10,90,207,142
India,Delhi,Delhi,"Major Dhyan Chand National Stadium, Delhi - DPCC",02-05-2024 10:00:00,28.611281,77.237738,NO2,19,89,52
India,Delhi,Delhi,"Major Dhyan Chand National Stadium, Delhi - DPCC",02-05-2024 10:00:00,28.611281,77.237738,SO2,9,42,22
India,Delhi,Delhi,"Major Dhyan Chand National Stadium, Delhi - DPCC",02-05-2024 10:00:00,28.611281,77.237738,OZONE,34,160,160
India,Delhi,Delhi,"Mandir Marg, Delhi - DPCC",02-05-2024 10:00:00,28.636429,77.201067,SO2,4,14,9
India,Delhi,Delhi,"Mundka, Delhi - DPCC",02-05-2024 10:00:00,28.684678,77.076574,PM10,172,384,286
India,Delhi,Delhi,"Mundka, Delhi - DPCC",02-05-2024 10:00:00,28.684678,77.076574,NH3,2,4,3
India,Delhi,Delhi,"Mundka, Delhi - DPCC",02-05-2024 10:00:00,28.684678,77.076574,CO,32,69,58
India,Delhi,Delhi,"NSIT Dwarka, Delhi - CPCB",02-05-2024 10:00:00,28.60909,77.0325413,PM10,83,410,258
India,Delhi,Delhi,"Najafgarh, Delhi - DPCC",02-05-2024 10:00:00,28.570173,76.933762,NO2,22,77,48
India,Delhi,Delhi,"Najafgarh, Delhi - DPCC",02-05-2024 10:00:00,28.570173,76.933762,SO2,9,29,16
India,Delhi,Delhi,"Najafgarh, Delhi - DPCC",02-05-2024 10:00:00,28.570173,76.933762,CO,24,70,54
India,Delhi,Delhi,"Narela, Delhi - DPCC",02-05-2024 10:00:00,28.822836,77.101981,SO2,4,106,28
India,Delhi,Delhi,"Nehru Nagar, Delhi - DPCC",02-05-2024 10:00:00,28.567890,77.250515,SO2,4,9,6
India,Delhi,Delhi,"New Moti Bagh, Delhi - MHUA",02-05-2024 10:00:00,28.57834,77.18400,PM2.5,29,339,156
India,Delhi,Delhi,"North Campus, DU, Delhi - IMD",02-05-2024 10:00:00,28.6573814,77.1585447,PM2.5,52,249,145
India,Delhi,Delhi,"Okhla Phase-2, Delhi - DPCC",02-05-2024 10:00:00,28.530785,77.271255,NH3,5,7,6
India,Delhi,Delhi,"Patparganj, Delhi - DPCC",02-05-2024 10:00:00,28.623763,77.287209,SO2,3,8,5
India,Delhi,Delhi,"Pusa, Delhi - IMD",02-05-2024 10:00:00,28.636110,77.173332,OZONE,18,42,25
India,Delhi,Delhi,"R K Puram, Delhi - DPCC",02-05-2024 10:00:00,28.563262,77.186937,PM10,126,381,218
India,Delhi,Delhi,"Rohini, Delhi - DPCC",02-05-2024 10:00:00,28.732528,77.119920,PM10,134,391,220
India,Delhi,Delhi,"Rohini, Delhi - DPCC",02-05-2024 10:00:00,28.732528,77.119920,NO2,9,42,24
India,Delhi,Delhi,"Sirifort, Delhi - CPCB",02-05-2024 10:00:00,28.5504249,77.2159377,NH3,23,34,27
India,Delhi,Delhi,"Sonia Vihar, Delhi - DPCC",02-05-2024 10:00:00,28.710508,77.249485,PM2.5,25,304,105
India,Delhi,Delhi,"Sonia Vihar, Delhi - DPCC",02-05-2024 10:00:00,28.710508,77.249485,CO,44,74,67
India,Delhi,Delhi,"Sonia Vihar, Delhi - DPCC",02-05-2024 10:00:00,28.710508,77.249485,OZONE,34,109,56
India,Delhi,Delhi,"Sri Aurobindo Marg, Delhi - DPCC",02-05-2024 10:00:00,28.531346,77.190156,NO2,9,76,33
India,Delhi,Delhi,"Vivek Vihar, Delhi - DPCC",02-05-2024 10:00:00,28.672342,77.315260,SO2,26,65,36
India,Delhi,Delhi,"Wazirpur, Delhi - DPCC",02-05-2024 10:00:00,28.699793,77.165453,NO2,6,18,11
India,Gujarat,Ahmedabad,"Chandkheda, Ahmedabad - IITM",02-05-2024 10:00:00,23.107969,72.574648,CO,13,36,19
India,Gujarat,Ahmedabad,"Gyaspur, Ahmedabad - IITM",02-05-2024 10:00:00,22.977134,72.553024,SO2,6,36,14
India,Gujarat,Ahmedabad,"Gyaspur, Ahmedabad - IITM",02-05-2024 10:00:00,22.977134,72.553024,CO,14,44,30
India,Gujarat,Ahmedabad,"Maninagar, Ahmedabad - GPCB",02-05-2024 10:00:00,23.002657,72.591912,PM10,86,182,125
India,Gujarat,Ahmedabad,"Maninagar, Ahmedabad - GPCB",02-05-2024 10:00:00,23.002657,72.591912,NO2,27,90,45
India,Gujarat,Ahmedabad,"Maninagar, Ahmedabad - GPCB",02-05-2024 10:00:00,23.002657,72.591912,CO,62,108,85
India,Gujarat,Ahmedabad,"Raikhad, Ahmedabad - IITM",02-05-2024 10:00:00,23.020509,72.579261,NH3,NA,NA,NA
India,Gujarat,Ahmedabad,"Raikhad, Ahmedabad - IITM",02-05-2024 10:00:00,23.020509,72.579261,CO,4,46,18
India,Gujarat,Ahmedabad,"Rakhial, Ahmedabad - IITM",02-05-2024 10:00:00,23.016834,72.625775,NO2,93,217,121
India,Gujarat,Ahmedabad,"Rakhial, Ahmedabad - IITM",02-05-2024 10:00:00,23.016834,72.625775,SO2,3,67,17
India,Gujarat,Ahmedabad,"Rakhial, Ahmedabad - IITM",02-05-2024 10:00:00,23.016834,72.625775,OZONE,4,79,20
India,Gujarat,Ahmedabad,"SAC ISRO Satellite, Ahmedabad - IITM",02-05-2024 10:00:00,23.023389,72.515201,PM10,90,90,90
India,Gujarat,Ahmedabad,"SAC ISRO Satellite, Ahmedabad - IITM",02-05-2024 10:00:00,23.023389,72.515201,CO,40,50,43
India,Gujarat,Gandhinagar,"Sector-10, Gandhinagar - GPCB",02-05-2024 10:00:00,23.221714,72.654328,CO,34,103,51
India,Gujarat,Gandhinagar,"Sector-10, Gandhinagar - GPCB",02-05-2024 10:00:00,23.221714,72.654328,OZONE,2,52,13
India,Gujarat,Surat,"Science Center, Surat - SMC",02-05-2024 10:00:00,21.170046,72.795405,CO,17,26,20
India,Gujarat,Vapi,"Phase-1 GIDC, Vapi - GPCB",02-05-2024 10:00:00,20.362421,72.918013,PM10,45,99,72
India,Gujarat,Vapi,"Phase-1 GIDC, Vapi - GPCB",02-05-2024 10:00:00,20.362421,72.918013,SO2,53,55,54
India,Gujarat,Vatva,"Phase-4 GIDC, Vatva - GPCB",02-05-2024 10:00:00,22.969611,72.643500,PM10,93,93,93
India,Gujarat,Vatva,"Phase-4 GIDC, Vatva - GPCB",02-05-2024 10:00:00,22.969611,72.643500,SO2,3,86,30
India,Haryana,Ambala,"Patti Mehar, Ambala - HSPCB",02-05-2024 10:00:00,30.379589,76.778328,NO2,3,5,4
India,Haryana,Bahadurgarh,"Arya Nagar, Bahadurgarh - HSPCB",02-05-2024 10:00:00,28.6701,76.9254,PM2.5,40,315,138
India,Haryana,Bahadurgarh,"Arya Nagar, Bahadurgarh - HSPCB",02-05-2024 10:00:00,28.6701,76.9254,OZONE,32,43,38
India,Haryana,Ballabgarh,"Nathu Colony, Ballabgarh - HSPCB",02-05-2024 10:00:00,28.3419248,77.319699,OZONE,2,21,9
India,Haryana,Charkhi Dadri,"Mini Secretariat, Charkhi Dadri - HSPCB",02-05-2024 10:00:00,28.593883,76.270653,PM2.5,46,413,274
India,Haryana,Charkhi Dadri,"Mini Secretariat, Charkhi Dadri - HSPCB",02-05-2024 10:00:00,28.593883,76.270653,PM10,46,408,185
India,Haryana,Charkhi Dadri,"Mini Secretariat, Charkhi Dadri - HSPCB",02-05-2024 10:00:00,28.593883,76.270653,NH3,6,8,7
India,Haryana,Charkhi Dadri,"Mini Secretariat, Charkhi Dadri - HSPCB",02-05-2024 10:00:00,28.593883,76.270653,SO2,21,52,36
India,Haryana,Charkhi Dadri,"Mini Secretariat, Charkhi Dadri - HSPCB",02-05-2024 10:00:00,28.593883,76.270653,CO,25,58,46
India,Haryana,Charkhi Dadri,"Mini Secretariat, Charkhi Dadri - HSPCB",02-05-2024 10:00:00,28.593883,76.270653,OZONE,12,17,16
India,Haryana,Dharuhera,"Municipal Corporation Office, Dharuhera -  HSPCB",02-05-2024 10:00:00,28.206800,76.799700,PM2.5,48,258,127
India,Haryana,Dharuhera,"Municipal Corporation Office, Dharuhera -  HSPCB",02-05-2024 10:00:00,28.206800,76.799700,PM10,173,500,232
India,Haryana,Dharuhera,"Municipal Corporation Office, Dharuhera -  HSPCB",02-05-2024 10:00:00,28.206800,76.799700,SO2,3,102,30
India,Haryana,Faridabad,"New Industrial Town, Faridabad - HSPCB",02-05-2024 10:00:00,28.39072,77.30059,NH3,1,3,2
India,Haryana,Faridabad,"New Industrial Town, Faridabad - HSPCB",02-05-2024 10:00:00,28.39072,77.30059,CO,6,22,20
India,Haryana,Faridabad,"Sector 11, Faridabad - HSPCB",02-05-2024 10:00:00,28.376058,77.315741,PM10,186,326,232
India,Haryana,Faridabad,"Sector 11, Faridabad - HSPCB",02-05-2024 10:00:00,28.376058,77.315741,OZONE,4,15,6
India,Haryana,Faridabad,"Sector 30, Faridabad - HSPCB",02-05-2024 10:00:00,28.4417,77.3217,PM2.5,91,107,96
India,Haryana,Faridabad,"Sector 30, Faridabad - HSPCB",02-05-2024 10:00:00,28.4417,77.3217,PM10,135,150,144
India,Haryana,Faridabad,"Sector- 16A, Faridabad - HSPCB",02-05-2024 10:00:00,28.4088421,77.3099081,NO2,NA,NA,NA
India,Haryana,Faridabad,"Sector- 16A, Faridabad - HSPCB",02-05-2024 10:00:00,28.4088421,77.3099081,SO2,NA,NA,NA
India,Haryana,Fatehabad,"Huda Sector, Fatehabad - HSPCB",02-05-2024 10:00:00,29.503664,75.467934,NH3,9,10,10
India,Haryana,Fatehabad,"Huda Sector, Fatehabad - HSPCB",02-05-2024 10:00:00,29.503664,75.467934,CO,5,14,7
India,Haryana,Gurugram,"Sector-51, Gurugram - HSPCB",02-05-2024 10:00:00,28.4227,77.0667,PM10,105,307,187
India,Haryana,Gurugram,"Sector-51, Gurugram - HSPCB",02-05-2024 10:00:00,28.4227,77.0667,CO,32,58,52
India,Haryana,Gurugram,"Teri Gram, Gurugram - HSPCB",02-05-2024 10:00:00,28.4275,77.1465,OZONE,3,254,5
India,Haryana,Gurugram,"Vikas Sadan, Gurugram - HSPCB",02-05-2024 10:00:00,28.4501238,77.0263051,OZONE,8,69,14
India,Haryana,Hisar,"Urban Estate-II, Hisar - HSPCB",02-05-2024 10:00:00,29.140560,75.744941,PM10,93,152,121
India,Haryana,Hisar,"Urban Estate-II, Hisar - HSPCB",02-05-2024 10:00:00,29.140560,75.744941,SO2,3,56,41
India,Haryana,Jind,"Police Lines, Jind - HSPCB",02-05-2024 10:00:00,29.307814,76.337619,NO2,7,22,12
India,Haryana,Kaithal,"Rishi Nagar, Kaithal - HSPCB",02-05-2024 10:00:00,29.8006,76.4155,NH3,8,8,8
India,Haryana,Kaithal,"Rishi Nagar, Kaithal - HSPCB",02-05-2024 10:00:00,29.8006,76.4155,SO2,30,60,42
India,Haryana,Kurukshetra,"Sector-7, Kurukshetra - HSPCB",02-05-2024 10:00:00,29.966942,76.875879,NH3,5,5,5
India,Haryana,Kurukshetra,"Sector-7, Kurukshetra - HSPCB",02-05-2024 10:00:00,29.966942,76.875879,CO,3,19,14
India,Haryana,Mandikhera,"General Hospital, Mandikhera - HSPCB",02-05-2024 10:00:00,27.9002,76.9938,PM10,NA,NA,NA
India,Haryana,Mandikhera,"General Hospital, Mandikhera - HSPCB",02-05-2024 10:00:00,27.9002,76.9938,CO,2,35,18
India,Haryana,Palwal,"Shyam Nagar, Palwal - HSPCB",02-05-2024 10:00:00,28.1485564,77.3320667,PM2.5,56,82,68
India,Haryana,Panchkula,"Sector-6, Panchkula - HSPCB ",02-05-2024 10:00:00,30.7057778,76.8531805555555,CO,6,14,11
India,Haryana,Panipat,"Sector-18, Panipat - HSPCB",02-05-2024 10:00:00,29.497973,76.993331,PM2.5,128,132,130
India,Haryana,Sirsa,"F-Block, Sirsa - HSPCB",02-05-2024 10:00:00,29.536400,75.015800,NO2,10,11,10
India,Haryana,Sonipat,"Murthal, Sonipat - HSPCB",02-05-2024 10:00:00,29.027200,77.062100,PM10,81,82,81
India,Haryana,Sonipat,"Murthal, Sonipat - HSPCB",02-05-2024 10:00:00,29.027200,77.062100,CO,6,52,19
India,Haryana,Yamuna Nagar,"Gobind Pura, Yamuna Nagar - HSPCB",02-05-2024 10:00:00,30.1480566,77.2893471,PM10,77,126,99
India,Himachal Pradesh,Baddi,"HIMUDA Complex Phase-1, Baddi - HPPCB",02-05-2024 10:00:00,30.943887,76.801991,PM2.5,15,183,64
India,Himachal Pradesh,Baddi,"HIMUDA Complex Phase-1, Baddi - HPPCB",02-05-2024 10:00:00,30.943887,76.801991,PM10,69,158,117
India,Himachal Pradesh,Baddi,"HIMUDA Complex Phase-1, Baddi - HPPCB",02-05-2024 10:00:00,30.943887,76.801991,NH3,2,4,3
India,Himachal Pradesh,Baddi,"HIMUDA Complex Phase-1, Baddi - HPPCB",02-05-2024 10:00:00,30.943887,76.801991,SO2,8,86,34
India,Jharkhand,Dhanbad,"Kalakusuma, Dhanbad - DMC",02-05-2024 10:00:00,23.811548,86.481238,NO2,248,398,388
India,Jharkhand,Dhanbad,"Sardar Patel Nagar, Dhanbad - JSPCB",02-05-2024 10:00:00,23.80569,86.44268,PM2.5,NA,NA,NA
India,Jharkhand,Dhanbad,"Sardar Patel Nagar, Dhanbad - JSPCB",02-05-2024 10:00:00,23.80569,86.44268,CO,NA,NA,NA
India,Karnataka,Bagalkot,"Vidayagiri, Bagalkot - KSPCB",02-05-2024 10:00:00,16.172806,75.659694,PM2.5,25,37,36
India,Karnataka,Belgaum,"Ramteerth Nagar, Belgaum - KSPCB",02-05-2024 10:00:00,15.888653,74.541751,NO2,1,45,20
India,Karnataka,Belgaum,"Ramteerth Nagar, Belgaum - KSPCB",02-05-2024 10:00:00,15.888653,74.541751,SO2,8,9,8
India,Karnataka,Belgaum,"Ramteerth Nagar, Belgaum - KSPCB",02-05-2024 10:00:00,15.888653,74.541751,CO,34,52,49
India,Karnataka,Bengaluru,"BTM Layout, Bengaluru - CPCB",02-05-2024 10:00:00,12.9135218,77.5950804,PM10,52,114,77
India,Karnataka,Bengaluru,"Bapuji Nagar, Bengaluru - KSPCB",02-05-2024 10:00:00,12.951913,77.539784,SO2,5,8,6
India,Karnataka,Bengaluru,"Bapuji Nagar, Bengaluru - KSPCB",02-05-2024 10:00:00,12.951913,77.539784,CO,12,154,21
India,Karnataka,Bengaluru,"Hebbal, Bengaluru - KSPCB",02-05-2024 10:00:00,13.029152,77.585901,PM10,57,147,89
India,Karnataka,Bengaluru,"Hombegowda Nagar, Bengaluru - KSPCB",02-05-2024 10:00:00,12.938539,77.590100,PM10,58,153,77
India,Karnataka,Bengaluru,"Hombegowda Nagar, Bengaluru - KSPCB",02-05-2024 10:00:00,12.938539,77.590100,OZONE,2,89,30
India,Karnataka,Bengaluru,"Jayanagar 5th Block, Bengaluru - KSPCB",02-05-2024 10:00:00,12.920984,77.584908,PM2.5,54,298,99
India,Karnataka,Bengaluru,"Jayanagar 5th Block, Bengaluru - KSPCB",02-05-2024 10:00:00,12.920984,77.584908,NO2,NA,NA,NA
India,Karnataka,Bengaluru,"Jayanagar 5th Block, Bengaluru - KSPCB",02-05-2024 10:00:00,12.920984,77.584908,CO,4,6,6
India,Karnataka,Bengaluru,"Kasturi Nagar, Bengaluru - KSPCB",02-05-2024 10:00:00,13.003872,77.664217,PM10,64,323,121
India,Karnataka,Bengaluru,"Kasturi Nagar, Bengaluru - KSPCB",02-05-2024 10:00:00,13.003872,77.664217,CO,20,28,27
India,Karnataka,Bengaluru,"Peenya, Bengaluru - CPCB",02-05-2024 10:00:00,13.0270199,77.494094,SO2,1,12,7
India,Karnataka,Bengaluru,"RVCE-Mailasandra, Bengaluru - KSPCB",02-05-2024 10:00:00,12.921418,77.502466,SO2,8,12,9
India,Karnataka,Bengaluru,"Sanegurava Halli, Bengaluru - KSPCB",02-05-2024 10:00:00,12.990328,77.5431385,CO,2,114,8
India,Karnataka,Bengaluru,"Shivapura_Peenya, Bengaluru - KSPCB",02-05-2024 10:00:00,13.0246342,77.5080115,PM2.5,1,212,41
India,Karnataka,Bengaluru,"Silk Board, Bengaluru - KSPCB",02-05-2024 10:00:00,12.917348,77.622813,NH3,NA,NA,NA
India,Karnataka,Bengaluru,"Silk Board, Bengaluru - KSPCB",02-05-2024 10:00:00,12.917348,77.622813,SO2,6,18,11
India,Karnataka,Bidar,"Naubad, Bidar - KSPCB",02-05-2024 10:00:00,17.930306,77.482194,SO2,13,22,19
India,Karnataka,Chamarajanagar,"Urban, Chamarajanagar - KSPCB",02-05-2024 10:00:00,11.55358,76.55521,PM10,49,54,49
India,Karnataka,Chamarajanagar,"Urban, Chamarajanagar - KSPCB",02-05-2024 10:00:00,11.55358,76.55521,SO2,4,8,5
India,Karnataka,Chamarajanagar,"Urban, Chamarajanagar - KSPCB",02-05-2024 10:00:00,11.55358,76.55521,OZONE,28,33,29
India,Karnataka,Chikkaballapur,"Chikkaballapur Rural, Chikkaballapur - KSPCB",02-05-2024 10:00:00,13.428828,77.731418,PM10,51,129,79
India,Karnataka,Chikkaballapur,"Chikkaballapur Rural, Chikkaballapur - KSPCB",02-05-2024 10:00:00,13.428828,77.731418,NO2,5,21,9
India,Karnataka,Chikkaballapur,"Chikkaballapur Rural, Chikkaballapur - KSPCB",02-05-2024 10:00:00,13.428828,77.731418,CO,14,45,18
India,Karnataka,Chikkamagaluru,"Kalyana Nagara, Chikkamagaluru - KSPCB",02-05-2024 10:00:00,13.328028,75.797056,NO2,NA,NA,NA
India,Karnataka,Davanagere,"Devaraj Urs Badavane, Davanagere - KSPCB",02-05-2024 10:00:00,14.475800,75.905200,PM10,61,113,79
India,Karnataka,Davanagere,"Devaraj Urs Badavane, Davanagere - KSPCB",02-05-2024 10:00:00,14.475800,75.905200,NO2,11,14,12
India,Karnataka,Davanagere,"Devaraj Urs Badavane, Davanagere - KSPCB",02-05-2024 10:00:00,14.475800,75.905200,NH3,1,2,2
India,Karnataka,Dharwad,"Kalabhavan, Dharwad - KSPCB",02-05-2024 10:00:00,15.459706,75.008381,NO2,6,15,10
India,Karnataka,Dharwad,"Kalabhavan, Dharwad - KSPCB",02-05-2024 10:00:00,15.459706,75.008381,SO2,3,4,4
India,Karnataka,Gadag,"Panchal Nagar, Gadag - KSPCB",02-05-2024 10:00:00,15.411456,75.638133,CO,44,50,47
India,Karnataka,Haveri,"Ashwini Nagar, Haveri - KSPCB",02-05-2024 10:00:00,14.791800,75.389600,PM2.5,51,73,59
India,Karnataka,Haveri,"Ashwini Nagar, Haveri - KSPCB",02-05-2024 10:00:00,14.791800,75.389600,CO,32,38,34
India,Karnataka,Hubballi,"Deshpande Nagar, Hubballi - KSPCB",02-05-2024 10:00:00,15.351773,75.140726,NO2,26,27,27
India,Karnataka,Kalaburagi,"Lal Bahadur Shastri Nagar, Kalaburagi - KSPCB",02-05-2024 10:00:00,17.321993,76.822628,OZONE,13,77,23
India,Karnataka,Kolar,"Tamaka Ind. Area, Kolar - KSPCB",02-05-2024 10:00:00,13.1276288,78.1570122,NH3,6,9,8
India,Karnataka,Koppal,"Diwator Nagar, Koppal - KSPCB",02-05-2024 10:00:00,15.347630,76.181767,CO,100,100,100
India,Karnataka,Mangalore,"Kadri, Mangalore - KSPCB",02-05-2024 10:00:00,12.889250,74.853000,PM10,60,81,69
India,Karnataka,Mysuru,"Hebbal 1st Stage, Mysuru - KSPCB",02-05-2024 10:00:00,12.21041,76.37376,NO2,15,23,20
India,Karnataka,Mysuru,"Hebbal 1st Stage, Mysuru - KSPCB",02-05-2024 10:00:00,12.21041,76.37376,NH3,1,2,2
India,Karnataka,Ramanagara,"Vijay Nagar, Ramanagara - KSPCB",02-05-2024 10:00:00,12.733409,77.298051,CO,8,62,35
India,Karnataka,Shivamogga,"Vinoba Nagara, Shivamogga - KSPCB",02-05-2024 10:00:00,13.940000,75.555917,PM2.5,34,50,44
India,Karnataka,Yadgir,"Collector Office, Yadgir - KSPCB",02-05-2024 10:00:00,16.7602,77.1428,NH3,1,1,1
India,Karnataka,Yadgir,"Collector Office, Yadgir - KSPCB",02-05-2024 10:00:00,16.7602,77.1428,OZONE,18,19,19
India,Kerala,Eloor,"Udyogamandal, Eloor - Kerala PCB",02-05-2024 10:00:00,10.073232,76.302765,NH3,1,1,1
India,Kerala,Kollam,"Polayathode, Kollam - Kerala PCB",02-05-2024 10:00:00,8.8787,76.6073,PM2.5,86,184,104
India,Kerala,Kollam,"Polayathode, Kollam - Kerala PCB",02-05-2024 10:00:00,8.8787,76.6073,CO,14,17,15
India,Kerala,Kollam,"Polayathode, Kollam - Kerala PCB",02-05-2024 10:00:00,8.8787,76.6073,OZONE,33,38,34
India,Kerala,Thiruvananthapuram,"Kariavattom, Thiruvananthapuram - Kerala PCB",02-05-2024 10:00:00,8.563700,76.886500,PM10,82,92,86
India,Kerala,Thiruvananthapuram,"Kariavattom, Thiruvananthapuram - Kerala PCB",02-05-2024 10:00:00,8.563700,76.886500,OZONE,28,32,30
India,Kerala,Thiruvananthapuram,"Plammoodu, Thiruvananthapuram - Kerala PCB",02-05-2024 10:00:00,8.5149093,76.9435879,PM2.5,4,58,24
India,Kerala,Thiruvananthapuram,"Plammoodu, Thiruvananthapuram - Kerala PCB",02-05-2024 10:00:00,8.5149093,76.9435879,NH3,1,1,1
India,Kerala,Thiruvananthapuram,"Plammoodu, Thiruvananthapuram - Kerala PCB",02-05-2024 10:00:00,8.5149093,76.9435879,CO,8,32,19
India,Kerala,Thrissur,"Corporation Ground, Thrissur - Kerala PCB",02-05-2024 10:00:00,10.532400,76.215900,NO2,7,8,7
India,Madhya Pradesh,Bhopal,"Idgah Hills, Bhopal - MPPCB",02-05-2024 10:00:00,23.264759,77.381568,PM10,103,143,116
India,Madhya Pradesh,Bhopal,"Paryavaran Parisar, Bhopal - MPPCB",02-05-2024 10:00:00,23.210494,77.425409,PM10,95,176,120
India,Madhya Pradesh,Bhopal,"Paryavaran Parisar, Bhopal - MPPCB",02-05-2024 10:00:00,23.210494,77.425409,NH3,6,10,7
India,Madhya Pradesh,Bhopal,"T T Nagar, Bhopal - MPPCB",02-05-2024 10:00:00,23.233584,77.400574,PM10,113,160,131
India,Madhya Pradesh,Bhopal,"T T Nagar, Bhopal - MPPCB",02-05-2024 10:00:00,23.233584,77.400574,SO2,12,33,24
India,Madhya Pradesh,Dewas,"Bhopal Chauraha, Dewas - MPPCB",02-05-2024 10:00:00,22.9682591,76.064118,NO2,12,14,13
India,Madhya Pradesh,Dewas,"Bhopal Chauraha, Dewas - MPPCB",02-05-2024 10:00:00,22.9682591,76.064118,SO2,15,66,31
India,Madhya Pradesh,Gwalior,"City Center, Gwalior - MPPCB",02-05-2024 10:00:00,26.203442,78.193251,PM2.5,40,122,72
India,Madhya Pradesh,Gwalior,"City Center, Gwalior - MPPCB",02-05-2024 10:00:00,26.203442,78.193251,NH3,2,6,4
India,Madhya Pradesh,Gwalior,"City Center, Gwalior - MPPCB",02-05-2024 10:00:00,26.203442,78.193251,SO2,11,40,30
India,Madhya Pradesh,Indore,"Chhoti Gwaltoli, Indore - MPPCB",02-05-2024 10:00:00,22.4310,75.5213,PM10,103,151,121
India,Madhya Pradesh,Indore,"Residency Area, Indore - IMC",02-05-2024 10:00:00,22.7084,75.8815,CO,NA,NA,NA
India,Madhya Pradesh,Jabalpur,"Gupteshwar, Jabalpur - JMC",02-05-2024 10:00:00,23.142888,79.916147,SO2,8,22,12
India,Madhya Pradesh,Jabalpur,"Marhatal, Jabalpur - MPPCB",02-05-2024 10:00:00,23.168606,79.932247,NH3,2,3,2
India,Madhya Pradesh,Jabalpur,"Marhatal, Jabalpur - MPPCB",02-05-2024 10:00:00,23.168606,79.932247,SO2,10,20,16
India,Madhya Pradesh,Katni,"Gole Bazar, Katni - MPPCB",02-05-2024 10:00:00,23.50016,80.23284,PM10,102,185,129
India,Madhya Pradesh,Mandideep,"Sector-D Industrial Area, Mandideep - MPPCB",02-05-2024 10:00:00,23.108440,77.511428,NO2,1,78,35
India,Madhya Pradesh,Pithampur,"Sector-2 Industrial Area, Pithampur - MPPCB",02-05-2024 10:00:00,22.624758,75.675238,NH3,2,3,2
India,Madhya Pradesh,Ratlam,"Shasthri Nagar, Ratlam - IPCA Lab",02-05-2024 10:00:00,23.331731,75.045981,PM2.5,18,105,61
India,Madhya Pradesh,Sagar,"Civil Lines, Sagar - MPPCB",02-05-2024 10:00:00,23.838586,78.759431,NO2,6,27,14
India,Madhya Pradesh,Sagar,"Deen Dayal Nagar, Sagar - MPPCB",02-05-2024 10:00:00,23.8640158,78.80289321,NO2,13,25,23
India,Madhya Pradesh,Satna,"Bandhavgar Colony, Satna - Birla Cement",02-05-2024 10:00:00,24.58434363,80.8549414,SO2,NA,NA,NA
India,Madhya Pradesh,Singrauli,"Suryakiran Bhawan NCL, Singrauli - MPPCB",02-05-2024 10:00:00,24.108970,82.645580,NH3,3,4,3
India,Madhya Pradesh,Ujjain,"Mahakaleshwar Temple, Ujjain - MPPCB",02-05-2024 10:00:00,23.182719 ,75.768218 ,PM10,NA,NA,NA
India,Maharashtra,Ahmednagar,"Tarakpur, Ahmednagar - MPCB",02-05-2024 10:00:00,19.10122,74.73339,NH3,3,5,4
India,Maharashtra,Ahmednagar,"Tarakpur, Ahmednagar - MPCB",02-05-2024 10:00:00,19.10122,74.73339,OZONE,6,119,36
India,Maharashtra,Amravati,"Shivneri Colony, Amravati - MPCB",02-05-2024 10:00:00,20.9402359,77.7895248,NH3,1,4,3
India,Maharashtra,Amravati,"Shri Shivaji Science College, Amaravati - MPCB",02-05-2024 10:00:00,20.939198,77.765701,PM10,98,132,115
India,Maharashtra,Aurangabad,"More Chowk Waluj, Aurangabad - MPCB",02-05-2024 10:00:00,19.8389439,75.244448,PM10,42,95,61
India,Maharashtra,Aurangabad,"Rachnakar Colony, Aurangabad - MPCB",02-05-2024 10:00:00,19.863756,75.321188,NH3,1,2,1
India,Maharashtra,Aurangabad,"Rachnakar Colony, Aurangabad - MPCB",02-05-2024 10:00:00,19.863756,75.321188,CO,2,35,24
India,Maharashtra,Badlapur,"Katrap, Badlapur - MPCB",02-05-2024 10:00:00,19.16485,73.23409,PM2.5,31,145,62
India,Maharashtra,Badlapur,"Katrap, Badlapur - MPCB",02-05-2024 10:00:00,19.16485,73.23409,PM10,69,144,91
India,Maharashtra,Badlapur,"Katrap, Badlapur - MPCB",02-05-2024 10:00:00,19.16485,73.23409,NH3,1,2,1
India,Maharashtra,Belapur,"CBD Belapur, Belapur - MPCB",02-05-2024 10:00:00,19.0243902,73.0406721,SO2,2,9,4
India,Maharashtra,Bhiwandi,"Gokul Nagar, Bhiwandi - MPCB",02-05-2024 10:00:00,19.309073,73.057223,CO,10,30,24
India,Maharashtra,Jalgaon,"Prabhat Colony, Jalgaon - MPCB",02-05-2024 10:00:00,21.001264,75.565602,PM2.5,50,102,75
India,Maharashtra,Jalgaon,"Prabhat Colony, Jalgaon - MPCB",02-05-2024 10:00:00,21.001264,75.565602,NH3,1,16,10
India,Maharashtra,Jalgaon,"Prabhat Colony, Jalgaon - MPCB",02-05-2024 10:00:00,21.001264,75.565602,SO2,3,25,15
India,Maharashtra,Jalgaon,"Prabhat Colony, Jalgaon - MPCB",02-05-2024 10:00:00,21.001264,75.565602,CO,12,28,15
India,Maharashtra,Jalna,"Old MIDC, Jalna - MPCB",02-05-2024 10:00:00,19.854616,75.905894,NO2,14,30,22
India,Maharashtra,Jalna,"Old MIDC, Jalna - MPCB",02-05-2024 10:00:00,19.854616,75.905894,SO2,1,3,1
India,Maharashtra,Kalyan,"Khadakpada, Kalyan - MPCB",02-05-2024 10:00:00,19.25292,73.142019,SO2,23,30,27
India,Maharashtra,Latur,"Sawe Wadi, Latur - MPCB",02-05-2024 10:00:00,18.39963,76.57452,PM2.5,NA,NA,NA
India,Maharashtra,Mahad,"Kamble Tarf Birwadi, Mahad - MPCB",02-05-2024 10:00:00,18.1023399,73.4783687,NO2,18,72,28
India,Maharashtra,Malegaon,"Mahesh Nagar, Malegaon - MPCB",02-05-2024 10:00:00,20.555712,74.529236,PM2.5,50,160,79
India,Maharashtra,Malegaon,"Mahesh Nagar, Malegaon - MPCB",02-05-2024 10:00:00,20.555712,74.529236,NO2,11,70,27
India,Maharashtra,Malegaon,"Mahesh Nagar, Malegaon - MPCB",02-05-2024 10:00:00,20.555712,74.529236,SO2,3,27,10
India,Maharashtra,Mumbai,"Borivali East, Mumbai - IITM",02-05-2024 10:00:00,19.23241,72.86895,NO2,40,93,68
India,Maharashtra,Mumbai,"Borivali East, Mumbai - MPCB",02-05-2024 10:00:00,19.2243333,72.8658113,NO2,6,18,11
India,Maharashtra,Mumbai,"Byculla, Mumbai - BMC",02-05-2024 10:00:00,18.9767,72.8380,CO,9,30,14
India,Maharashtra,Mumbai,"Byculla, Mumbai - BMC",02-05-2024 10:00:00,18.9767,72.8380,OZONE,36,94,46
India,Maharashtra,Mumbai,"Chakala-Andheri East, Mumbai - IITM",02-05-2024 10:00:00,19.11074,72.86084,PM2.5,31,208,117
India,Maharashtra,Mumbai,"Chakala-Andheri East, Mumbai - IITM",02-05-2024 10:00:00,19.11074,72.86084,NO2,33,70,48
India,Maharashtra,Mumbai,"Chakala-Andheri East, Mumbai - IITM",02-05-2024 10:00:00,19.11074,72.86084,NH3,5,12,8
India,Maharashtra,Mumbai,"Chembur, Mumbai - MPCB",02-05-2024 10:00:00,19.0364585,72.8954371,NO2,10,70,30
India,Maharashtra,Mumbai,"Chembur, Mumbai - MPCB",02-05-2024 10:00:00,19.0364585,72.8954371,NH3,3,4,3
India,Maharashtra,Mumbai,"Chembur, Mumbai - MPCB",02-05-2024 10:00:00,19.0364585,72.8954371,OZONE,9,72,17
India,Maharashtra,Mumbai,"Chhatrapati Shivaji Intl. Airport (T2), Mumbai - MPCB",02-05-2024 10:00:00,19.10078,72.87462,PM2.5,42,67,55
India,Maharashtra,Mumbai,"Chhatrapati Shivaji Intl. Airport (T2), Mumbai - MPCB",02-05-2024 10:00:00,19.10078,72.87462,NO2,NA,NA,NA
India,Maharashtra,Mumbai,"Colaba, Mumbai - MPCB",02-05-2024 10:00:00,18.910000,72.820000,NO2,19,23,20
India,Maharashtra,Mumbai,"Colaba, Mumbai - MPCB",02-05-2024 10:00:00,18.910000,72.820000,NH3,1,1,1
India,Maharashtra,Mumbai,"Colaba, Mumbai - MPCB",02-05-2024 10:00:00,18.910000,72.820000,OZONE,11,11,11
India,Maharashtra,Mumbai,"Deonar, Mumbai - IITM",02-05-2024 10:00:00,19.04946,72.9230,OZONE,2,65,13
India,Maharashtra,Mumbai,"Ghatkopar, Mumbai - BMC",02-05-2024 10:00:00,19.083694,72.920967,SO2,1,2,2
India,Maharashtra,Mumbai,"Kandivali East, Mumbai - MPCB",02-05-2024 10:00:00,19.205800,72.868200,PM10,56,146,83
India,Maharashtra,Mumbai,"Kherwadi_Bandra East, Mumbai - MPCB",02-05-2024 10:00:00,19.0632143,72.8456324,CO,6,19,11
India,Maharashtra,Mumbai,"Khindipada-Bhandup West, Mumbai - IITM",02-05-2024 10:00:00,19.1653323,72.922099,PM2.5,37,91,65
India,Maharashtra,Mumbai,"Kurla, Mumbai - MPCB",02-05-2024 10:00:00,19.0863,72.8888,OZONE,27,35,28
India,Maharashtra,Mumbai,"Mazgaon, Mumbai - IITM",02-05-2024 10:00:00,18.96702,72.84214,PM2.5,30,42,37
India,Maharashtra,Mumbai,"Mindspace-Malad West, Mumbai - MPCB",02-05-2024 10:00:00,19.1878657,72.8304069,NH3,9,9,9
India,Maharashtra,Mumbai,"Navy Nagar-Colaba, Mumbai - IITM",02-05-2024 10:00:00,18.897756,72.813320,CO,12,53,40
India,Maharashtra,Mumbai,"Sewri, Mumbai - BMC",02-05-2024 10:00:00,19.000084,72.856730,NO2,16,35,25
India,Maharashtra,Mumbai,"Siddharth Nagar-Worli, Mumbai - IITM",02-05-2024 10:00:00,19.000083,72.813993,PM10,104,135,115
India,Maharashtra,Mumbai,"Sion, Mumbai - MPCB",02-05-2024 10:00:00,19.047000,72.874600,PM2.5,26,56,39
India,Maharashtra,Mumbai,"Worli, Mumbai - MPCB",02-05-2024 10:00:00,18.9936162,72.8128113,NO2,15,16,15
India,Maharashtra,Mumbai,"Worli, Mumbai - MPCB",02-05-2024 10:00:00,18.9936162,72.8128113,CO,29,30,30
India,Maharashtra,Mumbai,"Worli, Mumbai - MPCB",02-05-2024 10:00:00,18.9936162,72.8128113,OZONE,7,11,9
India,Maharashtra,Nagpur,"Ambazari, Nagpur - MPCB",02-05-2024 10:00:00,21.121801,79.04952,PM10,70,126,92
India,Maharashtra,Nagpur,"Opp GPO Civil Lines, Nagpur - MPCB",02-05-2024 10:00:00,21.152875,79.0517531,PM2.5,23,99,58
India,Maharashtra,Nagpur,"Opp GPO Civil Lines, Nagpur - MPCB",02-05-2024 10:00:00,21.152875,79.0517531,CO,10,96,25
India,Maharashtra,Nanded,"Sneh Nagar, Nanded - MPCB",02-05-2024 10:00:00,19.173852,77.296291,PM10,107,135,120
India,Maharashtra,Nanded,"Sneh Nagar, Nanded - MPCB",02-05-2024 10:00:00,19.173852,77.296291,CO,1,14,2
India,Maharashtra,Nanded,"Sneh Nagar, Nanded - MPCB",02-05-2024 10:00:00,19.173852,77.296291,OZONE,21,144,46
India,Maharashtra,Nashik,"Hirawadi, Nashik - MPCB",02-05-2024 10:00:00,20.021503,73.813844,SO2,9,21,16
India,Maharashtra,Nashik,"MIDC Ambad, Nashik - MPCB",02-05-2024 10:00:00,19.950220,73.731480,PM2.5,33,60,44
India,Maharashtra,Nashik,"Pandav Nagari, Nashik - MPCB",02-05-2024 10:00:00,19.9591346,73.7788008,NH3,2,5,3
India,Maharashtra,Navi Mumbai,"Kopripada-Vashi, Navi Mumbai - MPCB",02-05-2024 10:00:00,19.090337,73.014232,NO2,16,51,32
India,Maharashtra,Navi Mumbai,"Kopripada-Vashi, Navi Mumbai - MPCB",02-05-2024 10:00:00,19.090337,73.014232,SO2,13,18,15
India,Maharashtra,Navi Mumbai,"Mahape, Navi Mumbai - MPCB",02-05-2024 10:00:00,19.1135051,73.008978,SO2,23,23,23
India,Maharashtra,Navi Mumbai,"Nerul, Navi Mumbai - MPCB",02-05-2024 10:00:00,19.008751,73.016620,CO,18,24,23
India,Maharashtra,Navi Mumbai,"Nerul, Navi Mumbai - MPCB",02-05-2024 10:00:00,19.008751,73.016620,OZONE,24,33,31
India,Maharashtra,Navi Mumbai,"Sector-19A Nerul, Navi Mumbai - IITM",02-05-2024 10:00:00,19.044,73.0325,PM10,59,110,95
India,Maharashtra,Navi Mumbai,"Sector-19A Nerul, Navi Mumbai - IITM",02-05-2024 10:00:00,19.044,73.0325,NO2,11,27,21
India,Maharashtra,Navi Mumbai,"Tondare-Taloja, Navi Mumbai - MPCB",02-05-2024 10:00:00,19.0630,73.1209,CO,1,19,9
India,Maharashtra,Parbhani,"Masoom Colony, Parbhani - MPCB",02-05-2024 10:00:00,19.265594,76.761463,SO2,1,9,5
India,Maharashtra,Parbhani,"Masoom Colony, Parbhani - MPCB",02-05-2024 10:00:00,19.265594,76.761463,CO,2,61,41
India,Maharashtra,Pimpri-Chinchwad,"Gavalinagar, Pimpri Chinchwad - MPCB",02-05-2024 10:00:00,18.63673,73.82487,NO2,11,58,24
India,Maharashtra,Pimpri-Chinchwad,"Thergaon, Pimpri Chinchwad - MPCB",02-05-2024 10:00:00,18.616318,73.765797,PM10,NA,NA,NA
India,Maharashtra,Pimpri-Chinchwad,"Thergaon, Pimpri Chinchwad - MPCB",02-05-2024 10:00:00,18.616318,73.765797,NO2,NA,NA,NA
India,Maharashtra,Pimpri-Chinchwad,"Thergaon, Pimpri Chinchwad - MPCB",02-05-2024 10:00:00,18.616318,73.765797,CO,29,29,29
India,Maharashtra,Pune,"Alandi, Pune - IITM",02-05-2024 10:00:00,18.675076,73.892743,CO,23,43,31
India,Maharashtra,Pune,"Karve Road, Pune - MPCB",02-05-2024 10:00:00,18.5011743,73.8165527,SO2,7,36,17
India,Maharashtra,Pune,"Katraj Dairy, Pune - MPCB",02-05-2024 10:00:00,18.454450,73.854155,CO,15,50,24
India,Maharashtra,Pune,"Savitribai Phule Pune University, Pune - MPCB",02-05-2024 10:00:00,18.547056,73.826908,CO,9,39,21
India,Maharashtra,Pune,"Transport Nagar-Nigdi, Pune - IITM",02-05-2024 10:00:00,18.664282,73.763966,PM2.5,61,61,61
India,Maharashtra,Pune,"Transport Nagar-Nigdi, Pune - IITM",02-05-2024 10:00:00,18.664282,73.763966,CO,22,39,33
India,Maharashtra,Sangli,"Vijay Nagar, Sangli - MPCB",02-05-2024 10:00:00, 16.5038,74.3623,NO2,10,36,16
India,Maharashtra,Solapur,"Dnyaneshwar Nagar, Solapur - MPCB",02-05-2024 10:00:00,17.6336264,75.9132495,NH3,13,20,17
India,Maharashtra,Solapur,"Solapur, Solapur - MPCB",02-05-2024 10:00:00,17.6599188,75.9063906,PM2.5,61,61,61
India,Maharashtra,Thane,"Kasarvadavali, Thane - MPCB",02-05-2024 10:00:00,19.26777,72.97182,CO,4,40,16
India,Maharashtra,Thane,"Pimpleshwar Mandir, Thane - MPCB",02-05-2024 10:00:00,19.192056,72.9585188,NO2,1,21,13
India,Maharashtra,Virar,"Bolinj, Virar - MPCB",02-05-2024 10:00:00,19.4458210,72.7988231,PM2.5,41,72,58
India,Maharashtra,Virar,"Bolinj, Virar - MPCB",02-05-2024 10:00:00,19.4458210,72.7988231,SO2,4,13,7
India,Maharashtra,Virar,"Bolinj, Virar - MPCB",02-05-2024 10:00:00,19.4458210,72.7988231,CO,10,99,28
India,Manipur,Imphal,"DM College of Science, Imphal - Manipur PCB",02-05-2024 10:00:00,24.8207389,93.9423085,NO2,7,8,7
India,Manipur,Imphal,"Manipur University, Imphal - Manipur PCB",02-05-2024 10:00:00,24.7524239,93.9286218,PM2.5,30,86,51
India,Meghalaya,Shillong,"Lumpyngngad, Shillong - Meghalaya PCB",02-05-2024 10:00:00,25.5586,91.8985,PM10,42,147,79
India,Meghalaya,Shillong,"Lumpyngngad, Shillong - Meghalaya PCB",02-05-2024 10:00:00,25.5586,91.8985,SO2,39,42,41
India,Meghalaya,Shillong,"Lumpyngngad, Shillong - Meghalaya PCB",02-05-2024 10:00:00,25.5586,91.8985,CO,6,15,8
India,Nagaland,Kohima,"PWD Juction, Kohima - NPCB",02-05-2024 10:00:00,25.6635413,94.0989878,OZONE,19,27,23
India,Odisha,Angul,"Hakimapada, Angul - OSPCB",02-05-2024 10:00:00,20.832874,85.104082,PM10,76,487,160
India,Odisha,Balasore,"Kalidaspur, Balasore - OSPCB",02-05-2024 10:00:00,21.51161,86.89088,NO2,3,15,9
India,Odisha,Balasore,"Kalidaspur, Balasore - OSPCB",02-05-2024 10:00:00,21.51161,86.89088,CO,27,103,34
India,Odisha,Barbil,"Forest Office, Barbil - OSPCB",02-05-2024 10:00:00,22.1166054,85.3945546,PM2.5,78,173,106
India,Odisha,Baripada,"Meher Colony, Baripada - OSPCB",02-05-2024 10:00:00,21.941841,86.728318,NO2,NA,NA,NA
India,Odisha,Baripada,"Meher Colony, Baripada - OSPCB",02-05-2024 10:00:00,21.941841,86.728318,OZONE,NA,NA,NA
India,Odisha,Byasanagar,"Ferro Chrome Colony, Byasanagar - OSPCB",02-05-2024 10:00:00,20.94185,86.11510,PM2.5,15,167,71
India,Odisha,Cuttack,"CDA Area, Cuttack - OSPCB",02-05-2024 10:00:00,20.48891     ,85.84768     ,PM10,29,151,63
India,Odisha,Cuttack,"CDA Area, Cuttack - OSPCB",02-05-2024 10:00:00,20.48891     ,85.84768     ,NH3,1,2,1
India,Odisha,Cuttack,"CDA Area, Cuttack - OSPCB",02-05-2024 10:00:00,20.48891     ,85.84768     ,SO2,1,6,2
India,Odisha,Nayagarh,"Dabuna, Nayagarh - OSPCB",02-05-2024 10:00:00,21.847279,85.416905,CO,14,30,23
India,Odisha,Rourkela,"Raghunathpali, Rourkela - OSPCB",02-05-2024 10:00:00,22.220833,84.809444,PM2.5,144,303,207
India,Odisha,Rourkela,"Raghunathpali, Rourkela - OSPCB",02-05-2024 10:00:00,22.220833,84.809444,NH3,1,3,1
India,Odisha,Rourkela,"Sector-2, Rourkela - OSPCB",02-05-2024 10:00:00,22.24500000,84.88111111,PM2.5,55,241,117
India,Odisha,Suakati,"OMC Colony, Suakati - OSPCB",02-05-2024 10:00:00,21.606865,85.510538,PM10,114,141,122
India,Odisha,Suakati,"OMC Colony, Suakati - OSPCB",02-05-2024 10:00:00,21.606865,85.510538,NH3,5,7,6
India,Odisha,Talcher,"Talcher Coalfields,Talcher - OSPCB",02-05-2024 10:00:00,20.9360711,85.1707021,PM2.5,39,354,104
India,Odisha,Talcher,"Talcher Coalfields,Talcher - OSPCB",02-05-2024 10:00:00,20.9360711,85.1707021,PM10,42,415,108
India,Odisha,Talcher,"Talcher Coalfields,Talcher - OSPCB",02-05-2024 10:00:00,20.9360711,85.1707021,NO2,18,20,19
India,Odisha,Talcher,"Talcher Coalfields,Talcher - OSPCB",02-05-2024 10:00:00,20.9360711,85.1707021,SO2,44,53,48
India,Punjab,Amritsar,"Golden Temple, Amritsar - PPCB",02-05-2024 10:00:00,31.620000,74.876512,PM10,58,77,67
India,Punjab,Bathinda,"Hardev Nagar, Bathinda - PPCB",02-05-2024 10:00:00,30.233011,74.907758,PM2.5,29,112,72
India,Punjab,Bathinda,"Hardev Nagar, Bathinda - PPCB",02-05-2024 10:00:00,30.233011,74.907758,PM10,54,332,130
India,Punjab,Jalandhar,"Civil Line, Jalandhar - PPCB",02-05-2024 10:00:00,31.321907,75.578914,NO2,40,43,42
India,Punjab,Jalandhar,"Civil Line, Jalandhar - PPCB",02-05-2024 10:00:00,31.321907,75.578914,NH3,3,5,5
India,Punjab,Jalandhar,"Civil Line, Jalandhar - PPCB",02-05-2024 10:00:00,31.321907,75.578914,CO,28,84,51
India,Punjab,Khanna,"Kalal Majra, Khanna - PPCB",02-05-2024 10:00:00,30.736056 ,76.209694,NH3,20,21,21
India,Punjab,Khanna,"Kalal Majra, Khanna - PPCB",02-05-2024 10:00:00,30.736056 ,76.209694,CO,18,48,37
India,Punjab,Patiala,"Model Town, Patiala - PPCB",02-05-2024 10:00:00,30.349388,76.366642,PM2.5,39,122,69
India,Punjab,Patiala,"Model Town, Patiala - PPCB",02-05-2024 10:00:00,30.349388,76.366642,NO2,23,28,25
India,Rajasthan,Ajmer,"Civil Lines,  Ajmer - RSPCB",02-05-2024 10:00:00,26.470859,74.646594,NO2,7,11,9
India,Rajasthan,Alwar,"Moti Doongri, Alwar - RSPCB",02-05-2024 10:00:00,27.554793,76.611536,NO2,30,53,39
India,Rajasthan,Banswara,"Rati Talai, Banswara - RSPCB",02-05-2024 10:00:00,23.555190,74.440010,PM10,117,214,146
India,Rajasthan,Baran,"Bamboliya, Baran - RSPCB",02-05-2024 10:00:00,25.106006,76.469948,NH3,4,19,8
India,Rajasthan,Barmer,"Railway Colony, Barmer - RSPCB",02-05-2024 10:00:00,25.747299,71.393989,PM2.5,19,55,37
India,Rajasthan,Bharatpur,"Krishna Nagar, Bharatpur - RSPCB",02-05-2024 10:00:00,27.215415,77.50873,SO2,1,20,7
India,Rajasthan,Bhiwadi,"RIICO Ind. Area III, Bhiwadi - RSPCB",02-05-2024 10:00:00,28.194909,76.862296,NO2,27,210,59
India,Rajasthan,Bhiwadi,"RIICO Ind. Area III, Bhiwadi - RSPCB",02-05-2024 10:00:00,28.194909,76.862296,SO2,2,50,26
India,Rajasthan,Bhiwadi,"RIICO Ind. Area III, Bhiwadi - RSPCB",02-05-2024 10:00:00,28.194909,76.862296,CO,12,117,75
India,Rajasthan,Bhiwadi,"RIICO Ind. Area III, Bhiwadi - RSPCB",02-05-2024 10:00:00,28.194909,76.862296,OZONE,4,64,19
India,Rajasthan,Bhiwadi,"Vasundhara Nagar_UIT, Bhiwadi - RSPCB",02-05-2024 10:00:00,28.207266,76.829265,NO2,NA,NA,NA
India,Rajasthan,Bhiwadi,"Vasundhara Nagar_UIT, Bhiwadi - RSPCB",02-05-2024 10:00:00,28.207266,76.829265,CO,7,38,29
India,Rajasthan,Bikaner,"MM Ground, Bikaner - RSPCB",02-05-2024 10:00:00,28.018792,73.292658,CO,13,54,31
India,Rajasthan,Chittorgarh,"Shastri Nagar, Chittorgarh - RSPCB",02-05-2024 10:00:00,24.892047,74.623527,NH3,6,10,9
India,Rajasthan,Chittorgarh,"Shastri Nagar, Chittorgarh - RSPCB",02-05-2024 10:00:00,24.892047,74.623527,SO2,3,109,10
India,Rajasthan,Churu,"Subash Chowk, Churu - RSPCB",02-05-2024 10:00:00,28.296139,74.961696,NO2,NA,NA,NA
India,Rajasthan,Dausa,"Khatikan Mohalla, Dausa - RSPCB",02-05-2024 10:00:00,26.895552,76.334753,NO2,26,100,54
India,Rajasthan,Dausa,"Khatikan Mohalla, Dausa - RSPCB",02-05-2024 10:00:00,26.895552,76.334753,NH3,2,7,4
India,Rajasthan,Dausa,"Khatikan Mohalla, Dausa - RSPCB",02-05-2024 10:00:00,26.895552,76.334753,OZONE,38,152,85
India,Rajasthan,Dungarpur,"Bhoiwada, Dungarpur - RSPCB",02-05-2024 10:00:00,23.837789,73.714926,PM2.5,17,93,35
India,Rajasthan,Hanumangarh,"Housing Board, Hanumangarh - RSPCB",02-05-2024 10:00:00,29.610750,74.283608,PM2.5,35,367,143
India,Rajasthan,Hanumangarh,"Housing Board, Hanumangarh - RSPCB",02-05-2024 10:00:00,29.610750,74.283608,OZONE,16,50,24
India,Rajasthan,Jaipur,"Adarsh Nagar, Jaipur - RSPCB",02-05-2024 10:00:00,26.902909,75.836858,PM2.5,44,126,81
India,Rajasthan,Jaipur,"Police Commissionerate, Jaipur - RSPCB",02-05-2024 10:00:00,26.9164092,75.7994901,NH3,3,6,4
India,Rajasthan,Jaipur,"Police Commissionerate, Jaipur - RSPCB",02-05-2024 10:00:00,26.9164092,75.7994901,SO2,5,38,17
India,Rajasthan,Jaipur,"RIICO Sitapura, Jaipur - RSPCB",02-05-2024 10:00:00,26.786682,75.827928,NH3,6,30,15
India,Rajasthan,Jaipur,"RIICO Sitapura, Jaipur - RSPCB",02-05-2024 10:00:00,26.786682,75.827928,OZONE,21,72,38
India,Rajasthan,Jaipur,"Sector-2 Murlipura, Jaipur - RSPCB",02-05-2024 10:00:00,26.960669,75.771817,NO2,16,62,35
India,Rajasthan,Jaisalmer,"Sadar Bazar, Jaisalmer - RSPCB",02-05-2024 10:00:00,26.912329,70.909168,PM2.5,26,64,44
India,Rajasthan,Jaisalmer,"Sadar Bazar, Jaisalmer - RSPCB",02-05-2024 10:00:00,26.912329,70.909168,NO2,16,60,30
India,Rajasthan,Jaisalmer,"Sadar Bazar, Jaisalmer - RSPCB",02-05-2024 10:00:00,26.912329,70.909168,NH3,3,9,5
India,Rajasthan,Jaisalmer,"Sadar Bazar, Jaisalmer - RSPCB",02-05-2024 10:00:00,26.912329,70.909168,SO2,4,6,5
India,Rajasthan,Jalore,"Mudtra Sili, Jalore - RSPCB",02-05-2024 10:00:00,25.344694,72.626208,PM2.5,41,106,55
India,Rajasthan,Jalore,"Mudtra Sili, Jalore - RSPCB",02-05-2024 10:00:00,25.344694,72.626208,PM10,122,248,149
India,Rajasthan,Jalore,"Mudtra Sili, Jalore - RSPCB",02-05-2024 10:00:00,25.344694,72.626208,NO2,9,130,39
India,Rajasthan,Jalore,"Mudtra Sili, Jalore - RSPCB",02-05-2024 10:00:00,25.344694,72.626208,SO2,6,11,8
India,Rajasthan,Jalore,"Mudtra Sili, Jalore - RSPCB",02-05-2024 10:00:00,25.344694,72.626208,CO,11,100,17
India,Rajasthan,Jhalawar,"Rajlaxmi Nagar, Jhalawar - RSPCB",02-05-2024 10:00:00,24.588397,76.172782,NH3,1,2,2
India,Rajasthan,Jhunjhunu,"Indra Nagar, Jhunjhunu - RSPCB",02-05-2024 10:00:00,28.108988,75.386577,PM2.5,12,120,41
India,Rajasthan,Jhunjhunu,"Indra Nagar, Jhunjhunu - RSPCB",02-05-2024 10:00:00,28.108988,75.386577,SO2,2,10,6
India,Rajasthan,Jhunjhunu,"Indra Nagar, Jhunjhunu - RSPCB",02-05-2024 10:00:00,28.108988,75.386577,OZONE,16,55,34
India,Rajasthan,Jodhpur,"Collectorate, Jodhpur - RSPCB",02-05-2024 10:00:00,26.268249,73.0193853,PM10,60,214,153
India,Rajasthan,Jodhpur,"Collectorate, Jodhpur - RSPCB",02-05-2024 10:00:00,26.268249,73.0193853,SO2,8,15,12
India,Rajasthan,Jodhpur,"Digari Kalan, Jodhpur - RSPCB",02-05-2024 10:00:00,26.295810,73.082283,SO2,3,8,5
India,Rajasthan,Jodhpur,"Jhalamand, Jodhpur - RSPCB",02-05-2024 10:00:00,26.215415,73.070156,SO2,4,15,6
India,Rajasthan,Jodhpur,"Samrat Ashok Udhyan, Jodhpur - RSPCB",02-05-2024 10:00:00,26.253384,72.976571,PM10,98,181,132
India,Rajasthan,Karauli,"Satyawati Vihar, Karauli - RSPCB",02-05-2024 10:00:00,26.506177,77.025989,NH3,6,11,8
India,Rajasthan,Karauli,"Satyawati Vihar, Karauli - RSPCB",02-05-2024 10:00:00,26.506177,77.025989,CO,3,103,96
India,Rajasthan,Kota,"Dhanmandi, Kota - RSPCB",02-05-2024 10:00:00,25.164090,75.858137,PM2.5,21,189,72
India,Rajasthan,Kota,"Dhanmandi, Kota - RSPCB",02-05-2024 10:00:00,25.164090,75.858137,PM10,107,184,137
India,Rajasthan,Kota,"Dhanmandi, Kota - RSPCB",02-05-2024 10:00:00,25.164090,75.858137,SO2,4,26,8
India,Rajasthan,Kota,"Dhanmandi, Kota - RSPCB",02-05-2024 10:00:00,25.164090,75.858137,OZONE,4,142,55
India,Rajasthan,Kota,"Nayapura, Kota - RSPCB",02-05-2024 10:00:00,25.196024,75.855668,PM2.5,25,227,78
India,Rajasthan,Kota,"Shrinath Puram, Kota - RSPCB",02-05-2024 10:00:00,25.14389,75.821256,SO2,4,71,12
India,Rajasthan,Nagaur,"Karni Colony, Nagaur - RSPCB",02-05-2024 10:00:00,27.213494,73.734444,PM10,104,374,154
India,Rajasthan,Pali,"Indira Colony Vistar, Pali - RSPCB",02-05-2024 10:00:00,25.771061, 73.340227,SO2,6,10,8
India,Rajasthan,Pali,"Indira Colony Vistar, Pali - RSPCB",02-05-2024 10:00:00,25.771061, 73.340227,OZONE,39,80,49
India,Rajasthan,Pratapgarh,"Pragati Nagar, Pratapgarh - RSPCB",02-05-2024 10:00:00,24.041198,74.780702,SO2,3,11,5
India,Rajasthan,Rajsamand,"Dhoinda, Rajsamand - RSPCB",02-05-2024 10:00:00,25.036360,73.883502,PM2.5,28,82,47
India,Rajasthan,Rajsamand,"Dhoinda, Rajsamand - RSPCB",02-05-2024 10:00:00,25.036360,73.883502,CO,23,60,56
India,Rajasthan,Sawai Madhopur,"Sahu Nagar, Sawai Madhopur - RSPCB",02-05-2024 10:00:00,26.031443,76.359327,NH3,1,14,8
India,Rajasthan,Sawai Madhopur,"Sahu Nagar, Sawai Madhopur - RSPCB",02-05-2024 10:00:00,26.031443,76.359327,CO,6,54,18
India,Rajasthan,Sikar,"Radhakishan Pura, Sikar - RSPCB",02-05-2024 10:00:00,27.608912,75.153302,PM2.5,26,89,44
India,Rajasthan,Sri Ganganagar,"Old City, Sri Ganganagar - RSPCB",02-05-2024 10:00:00,29.931624,73.864511,NH3,13,40,22
India,Rajasthan,Tonk,"Shastri Nagar, Tonk - RSPCB",02-05-2024 10:00:00,26.159933,75.780517,PM2.5,15,82,38
India,Rajasthan,Tonk,"Shastri Nagar, Tonk - RSPCB",02-05-2024 10:00:00,26.159933,75.780517,NH3,2,17,5
India,Rajasthan,Tonk,"Shastri Nagar, Tonk - RSPCB",02-05-2024 10:00:00,26.159933,75.780517,SO2,1,10,5
India,Rajasthan,Tonk,"Shastri Nagar, Tonk - RSPCB",02-05-2024 10:00:00,26.159933,75.780517,OZONE,27,128,52
India,Rajasthan,Udaipur,"Ashok Nagar, Udaipur - RSPCB",02-05-2024 10:00:00,24.5886166,73.6321397,PM10,102,142,118
India,Rajasthan,Udaipur,"Ashok Nagar, Udaipur - RSPCB",02-05-2024 10:00:00,24.5886166,73.6321397,NH3,4,9,6
India,Rajasthan,Udaipur,"Ashok Nagar, Udaipur - RSPCB",02-05-2024 10:00:00,24.5886166,73.6321397,SO2,3,28,8
India,Sikkim,Gangtok,"Zero Point GICI, Gangtok - SSPCB",02-05-2024 10:00:00,27.338530,88.614099,OZONE,34,122,48
India,TamilNadu,Ariyalur,"Keelapalur, Ariyalur - TNPCB",02-05-2024 10:00:00,11.06825,79.07033,SO2,28,30,29
India,TamilNadu,Chennai,"Arumbakkam, Chennai - TNPCB",02-05-2024 10:00:00,13.0664,80.2112 ,PM2.5,2,45,17
India,TamilNadu,Chennai,"Kodungaiyur, Chennai - TNPCB",02-05-2024 10:00:00,13.1278,80.2642,CO,4,56,40
India,TamilNadu,Chennai,"Manali, Chennai - CPCB",02-05-2024 10:00:00,13.164544,80.26285,CO,33,107,104
India,TamilNadu,Chennai,"Perungudi, Chennai - TNPCB",02-05-2024 10:00:00,12.9533,80.2357,PM10,2,114,41
India,TamilNadu,Chennai,"Royapuram, Chennai - TNPCB",02-05-2024 10:00:00,13.1036,80.2909,PM10,7,63,31
India,TamilNadu,Chennai,"Royapuram, Chennai - TNPCB",02-05-2024 10:00:00,13.1036,80.2909,NO2,4,19,10
India,TamilNadu,Chennai,"Royapuram, Chennai - TNPCB",02-05-2024 10:00:00,13.1036,80.2909,SO2,2,8,4
India,TamilNadu,Chennai,"Velachery Res. Area, Chennai - CPCB",02-05-2024 10:00:00,13.0052189,80.2398125,PM10,14,46,30
India,TamilNadu,Cuddalore,"Kudikadu, Cuddalore - TNPCB",02-05-2024 10:00:00,11.6829898,79.7532099,NO2,1,3,2
India,TamilNadu,Cuddalore,"Kudikadu, Cuddalore - TNPCB",02-05-2024 10:00:00,11.6829898,79.7532099,NH3,3,4,4
India,TamilNadu,Cuddalore,"Semmandalam, Cuddalore - TNPCB",02-05-2024 10:00:00,11.7637683,79.7499835,PM2.5,8,120,29
India,TamilNadu,Gummidipoondi,"Anthoni Pillai Nagar, Gummidipoondi - TNPCB",02-05-2024 10:00:00,13.4127,80.1081,NH3,2,3,3
India,TamilNadu,Ooty,"Bombay Castel, Ooty - TNPCB",02-05-2024 10:00:00,11.4068288,76.7138973,SO2,NA,NA,NA
India,TamilNadu,Ooty,"Bombay Castel, Ooty - TNPCB",02-05-2024 10:00:00,11.4068288,76.7138973,CO,22,22,22
India,TamilNadu,Palkalaiperur,"Bharathidasan University, Palkalaiperur - TNPCB",02-05-2024 10:00:00,10.681158,78.741746,SO2,27,29,28
India,TamilNadu,Palkalaiperur,"Bharathidasan University, Palkalaiperur - TNPCB",02-05-2024 10:00:00,10.681158,78.741746,OZONE,1,12,2
India,TamilNadu,Ramanathapuram,"Chalai Bazaar, Ramanathapuram - TNPCB",02-05-2024 10:00:00,9.36399,78.831977,PM10,17,52,29
India,Telangana,Hyderabad,"Bollaram Industrial Area, Hyderabad - TSPCB",02-05-2024 10:00:00,17.540891,78.358528,PM10,74,154,114
India,Telangana,Hyderabad,"Bollaram Industrial Area, Hyderabad - TSPCB",02-05-2024 10:00:00,17.540891,78.358528,NH3,2,8,4
India,Telangana,Hyderabad,"Bollaram Industrial Area, Hyderabad - TSPCB",02-05-2024 10:00:00,17.540891,78.358528,CO,1,60,25
India,Telangana,Hyderabad,"Bollaram Industrial Area, Hyderabad - TSPCB",02-05-2024 10:00:00,17.540891,78.358528,OZONE,34,35,35
India,Telangana,Hyderabad,"Central University, Hyderabad - TSPCB",02-05-2024 10:00:00,17.460103,78.334361,PM2.5,31,100,56
India,Telangana,Hyderabad,"Central University, Hyderabad - TSPCB",02-05-2024 10:00:00,17.460103,78.334361,NO2,26,69,46
India,Telangana,Hyderabad,"Central University, Hyderabad - TSPCB",02-05-2024 10:00:00,17.460103,78.334361,NH3,4,11,8
India,Telangana,Hyderabad,"ECIL Kapra, Hyderabad - TSPCB",02-05-2024 10:00:00,17.470431,78.566959,NH3,5,9,7
India,Telangana,Hyderabad,"ICRISAT Patancheru, Hyderabad - TSPCB",02-05-2024 10:00:00,17.518400,78.278777,NH3,2,2,2
India,Telangana,Hyderabad,"Kokapet, Hyderabad - TSPCB",02-05-2024 10:00:00,17.393559,78.339194,NO2,NA,NA,NA
India,Telangana,Hyderabad,"Kokapet, Hyderabad - TSPCB",02-05-2024 10:00:00,17.393559,78.339194,SO2,NA,NA,NA
India,Telangana,Hyderabad,"Kompally Municipal Office, Hyderabad - TSPCB",02-05-2024 10:00:00,17.544899,78.486949,PM2.5,55,90,73
India,Telangana,Hyderabad,"Kompally Municipal Office, Hyderabad - TSPCB",02-05-2024 10:00:00,17.544899,78.486949,PM10,58,115,75
India,Telangana,Hyderabad,"Nacharam_TSIIC IALA, Hyderabad - TSPCB",02-05-2024 10:00:00,17.429398,78.569354,PM10,83,87,87
India,Telangana,Hyderabad,"Nacharam_TSIIC IALA, Hyderabad - TSPCB",02-05-2024 10:00:00,17.429398,78.569354,SO2,20,33,24
India,Telangana,Hyderabad,"Nacharam_TSIIC IALA, Hyderabad - TSPCB",02-05-2024 10:00:00,17.429398,78.569354,CO,22,36,22
India,Telangana,Hyderabad,"New Malakpet, Hyderabad - TSPCB",02-05-2024 10:00:00,17.37206,78.50864,NH3,2,3,3
India,Telangana,Hyderabad,"Ramachandrapuram, Hyderabad - TSPCB",02-05-2024 10:00:00,17.528544,78.286195,SO2,2,18,9
India,Telangana,Hyderabad,"Somajiguda, Hyderabad - TSPCB",02-05-2024 10:00:00,17.417094,78.457437,PM10,68,82,75
India,Telangana,Hyderabad,"Zoo Park, Hyderabad - TSPCB",02-05-2024 10:00:00,17.349694,78.451437,PM2.5,36,119,66
India,Telangana,Hyderabad,"Zoo Park, Hyderabad - TSPCB",02-05-2024 10:00:00,17.349694,78.451437,OZONE,15,50,21
India,Tripura,Agartala,"Bardowali, Agartala - Tripura SPCB",02-05-2024 10:00:00,23.8175497,91.2726974,PM10,73,117,94
India,Uttar_Pradesh,Agra,"Manoharpur, Agra - UPPCB",02-05-2024 10:00:00,27.23711,78.01936,SO2,3,15,9
India,Uttar_Pradesh,Agra,"Sector-3B Avas Vikas Colony, Agra - UPPCB",02-05-2024 10:00:00,27.19412,77.96237,PM10,49,137,86
India,Uttar_Pradesh,Agra,"Shahjahan Garden, Agra - UPPCB",02-05-2024 10:00:00,27.169338,78.03582,CO,10,26,23
India,Uttar_Pradesh,Agra,"Shastripuram, Agra - UPPCB",02-05-2024 10:00:00,27.19862,77.92066,NO2,34,146,49
India,Uttar_Pradesh,Agra,"Shastripuram, Agra - UPPCB",02-05-2024 10:00:00,27.19862,77.92066,OZONE,1,18,4
India,Uttar_Pradesh,Baghpat,"Sardar Patel Inter College, Baghpat - UPPCB",02-05-2024 10:00:00,28.964949,77.278761,CO,26,78,50
India,Uttar_Pradesh,Bareilly,"Civil Lines, Bareilly - UPPCB",02-05-2024 10:00:00,28.359581,79.414455,SO2,49,67,53
India,Uttar_Pradesh,Bareilly,"Civil Lines, Bareilly - UPPCB",02-05-2024 10:00:00,28.359581,79.414455,OZONE,1,17,1
India,Uttar_Pradesh,Bareilly,"Rajendra Nagar, Bareilly - UPPCB",02-05-2024 10:00:00,28.38910936,79.42963708,PM10,55,101,75
India,Uttar_Pradesh,Bareilly,"Rajendra Nagar, Bareilly - UPPCB",02-05-2024 10:00:00,28.38910936,79.42963708,NO2,2,2,2
India,Uttar_Pradesh,Firozabad,"Nagla Bhau, Firozabad - UPPCB",02-05-2024 10:00:00,27.168897,78.376960,SO2,19,34,25
India,Uttar_Pradesh,Firozabad,"Nagla Bhau, Firozabad - UPPCB",02-05-2024 10:00:00,27.168897,78.376960,OZONE,15,18,16
India,Uttar_Pradesh,Ghaziabad,"Indirapuram, Ghaziabad - UPPCB",02-05-2024 10:00:00,28.646233,77.358075,PM10,134,296,200
India,Uttar_Pradesh,Ghaziabad,"Loni, Ghaziabad - UPPCB",02-05-2024 10:00:00,28.757294,77.278792,PM2.5,51,180,99
India,Uttar_Pradesh,Ghaziabad,"Sanjay Nagar, Ghaziabad - UPPCB",02-05-2024 10:00:00,28.685382,77.453839,OZONE,47,152,78
India,Uttar_Pradesh,Ghaziabad,"Vasundhara, Ghaziabad - UPPCB",02-05-2024 10:00:00,28.6603346,77.3572563,PM2.5,17,176,67
India,Uttar_Pradesh,Ghaziabad,"Vasundhara, Ghaziabad - UPPCB",02-05-2024 10:00:00,28.6603346,77.3572563,NH3,3,7,5
India,Uttar_Pradesh,Ghaziabad,"Vasundhara, Ghaziabad - UPPCB",02-05-2024 10:00:00,28.6603346,77.3572563,OZONE,3,254,109
India,Uttar_Pradesh,Greater Noida,"Knowledge Park - III, Greater Noida - UPPCB",02-05-2024 10:00:00,28.47272,77.482000,PM2.5,30,292,102
India,Uttar_Pradesh,Greater Noida,"Knowledge Park - III, Greater Noida - UPPCB",02-05-2024 10:00:00,28.47272,77.482000,SO2,3,36,14
India,Uttar_Pradesh,Greater Noida,"Knowledge Park - III, Greater Noida - UPPCB",02-05-2024 10:00:00,28.47272,77.482000,OZONE,26,131,61
India,Uttar_Pradesh,Greater Noida,"Knowledge Park - V, Greater Noida - UPPCB",02-05-2024 10:00:00,28.557054,77.453663,SO2,9,50,25
India,Uttar_Pradesh,Jhansi,"Shivaji Nagar, Jhansi - UPPCB",02-05-2024 10:00:00,25.4547,78.6039,NH3,6,6,6
India,Uttar_Pradesh,Jhansi,"Shivaji Nagar, Jhansi - UPPCB",02-05-2024 10:00:00,25.4547,78.6039,CO,8,20,15
India,Uttar_Pradesh,Kanpur,"FTI Kidwai Nagar, Kanpur - UPPCB",02-05-2024 10:00:00,26.428282,80.327067,PM2.5,49,225,92
India,Uttar_Pradesh,Kanpur,"FTI Kidwai Nagar, Kanpur - UPPCB",02-05-2024 10:00:00,26.428282,80.327067,OZONE,9,14,10
India,Uttar_Pradesh,Khurja,"Kalindi Kunj, Khurja - UPPCB",02-05-2024 10:00:00,28.2348927,77.8683002,PM10,39,132,83
India,Uttar_Pradesh,Khurja,"Kalindi Kunj, Khurja - UPPCB",02-05-2024 10:00:00,28.2348927,77.8683002,NO2,3,4,3
India,Uttar_Pradesh,Meerut,"Ganga Nagar, Meerut - UPPCB",02-05-2024 10:00:00,28.999264,77.7590354,NO2,15,58,33
India,Uttar_Pradesh,Meerut,"Pallavpuram Phase 2, Meerut - UPPCB",02-05-2024 10:00:00,29.063510,77.709723,NO2,12,72,40
India,Uttar_Pradesh,Meerut,"Pallavpuram Phase 2, Meerut - UPPCB",02-05-2024 10:00:00,29.063510,77.709723,SO2,11,48,32
India,Uttar_Pradesh,Meerut,"Pallavpuram Phase 2, Meerut - UPPCB",02-05-2024 10:00:00,29.063510,77.709723,CO,2,61,39
India,Uttar_Pradesh,Moradabad,"Buddhi Vihar, Moradabad - UPPCB",02-05-2024 10:00:00,28.83526,78.74460,PM2.5,16,116,50
India,Uttar_Pradesh,Moradabad,"Buddhi Vihar, Moradabad - UPPCB",02-05-2024 10:00:00,28.83526,78.74460,PM10,81,166,117
India,Uttar_Pradesh,Moradabad,"Buddhi Vihar, Moradabad - UPPCB",02-05-2024 10:00:00,28.83526,78.74460,NH3,2,2,2
India,Uttar_Pradesh,Moradabad,"Buddhi Vihar, Moradabad - UPPCB",02-05-2024 10:00:00,28.83526,78.74460,SO2,15,18,16
India,Uttar_Pradesh,Moradabad,"Eco Herbal Park, Moradabad - UPPCB",02-05-2024 10:00:00,28.840739,78.697531,PM10,75,119,97
India,Uttar_Pradesh,Moradabad,"Employment Office, Moradabad - UPPCB",02-05-2024 10:00:00,28.88528,78.73880,PM2.5,26,68,43
India,Uttar_Pradesh,Moradabad,"Employment Office, Moradabad - UPPCB",02-05-2024 10:00:00,28.88528,78.73880,NH3,3,4,4
India,Uttar_Pradesh,Moradabad,"Employment Office, Moradabad - UPPCB",02-05-2024 10:00:00,28.88528,78.73880,CO,14,29,25
India,Uttar_Pradesh,Moradabad,"Jigar Colony, Moradabad - UPPCB",02-05-2024 10:00:00,28.856664,78.772638,PM2.5,19,86,44
India,Uttar_Pradesh,Moradabad,"Jigar Colony, Moradabad - UPPCB",02-05-2024 10:00:00,28.856664,78.772638,NO2,17,19,18
India,Uttar_Pradesh,Moradabad,"Kashiram Nagar, Moradabad - UPPCB",02-05-2024 10:00:00,28.849399,78.742362,SO2,34,44,39
India,Uttar_Pradesh,Moradabad,"Transport Nagar, Moradabad - UPPCB",02-05-2024 10:00:00,28.802625,78.753728,PM10,67,131,95
India,Uttar_Pradesh,Moradabad,"Transport Nagar, Moradabad - UPPCB",02-05-2024 10:00:00,28.802625,78.753728,CO,40,43,42
India,Uttar_Pradesh,Muzaffarnagar,"New Mandi, Muzaffarnagar - UPPCB",02-05-2024 10:00:00,29.4723508,77.7194031,PM10,128,247,184
India,Uttar_Pradesh,Muzaffarnagar,"New Mandi, Muzaffarnagar - UPPCB",02-05-2024 10:00:00,29.4723508,77.7194031,SO2,3,56,23
India,Uttar_Pradesh,Muzaffarnagar,"New Mandi, Muzaffarnagar - UPPCB",02-05-2024 10:00:00,29.4723508,77.7194031,CO,16,54,42
India,Uttar_Pradesh,Noida,"Sector - 125, Noida - UPPCB",02-05-2024 10:00:00,28.5447608,77.3231257,PM10,90,166,126
India,Uttar_Pradesh,Noida,"Sector - 62, Noida - IMD",02-05-2024 10:00:00,28.6245479,77.3577104,OZONE,16,54,22
India,Uttar_Pradesh,Noida,"Sector-1, Noida - UPPCB",02-05-2024 10:00:00,28.5898,77.3101,NO2,30,96,56
India,Uttar_Pradesh,Prayagraj,"Jhunsi, Prayagraj - UPPCB",02-05-2024 10:00:00,25.425602,81.917152,PM10,37,200,100
India,Uttar_Pradesh,Prayagraj,"Motilal Nehru NIT, Prayagraj - UPPCB",02-05-2024 10:00:00,25.494,81.863,PM10,58,112,84
India,Uttar_Pradesh,Prayagraj,"Nagar Nigam, Prayagraj - UPPCB",02-05-2024 10:00:00,25.44919916 ,81.82735986 ,NO2,5,5,5
India,Uttar_Pradesh,Prayagraj,"Nagar Nigam, Prayagraj - UPPCB",02-05-2024 10:00:00,25.44919916 ,81.82735986 ,SO2,11,104,38
India,Uttar_Pradesh,Varanasi,"Ardhali Bazar, Varanasi - UPPCB",02-05-2024 10:00:00,25.3505986,82.9083074,OZONE,32,37,35
India,Uttar_Pradesh,Varanasi,"Bhelupur, Varanasi - UPPCB",02-05-2024 10:00:00,25.301778,82.996789,CO,15,110,27
India,Uttar_Pradesh,Varanasi,"IESD Banaras Hindu University, Varanasi - UPPCB",02-05-2024 10:00:00,25.262326,82.995408,NO2,2,2,2
India,Uttar_Pradesh,Varanasi,"Maldahiya, Varanasi - UPPCB",02-05-2024 10:00:00,25.32393,82.99687,PM10,24,45,33
India,Uttar_Pradesh,Varanasi,"Maldahiya, Varanasi - UPPCB",02-05-2024 10:00:00,25.32393,82.99687,NH3,1,2,1
India,Uttar_Pradesh,Varanasi,"Maldahiya, Varanasi - UPPCB",02-05-2024 10:00:00,25.32393,82.99687,SO2,25,26,26
India,Uttarakhand,Dehradun,"Doon University, Dehradun - UKPCB",02-05-2024 10:00:00,30.269444,78.044167,SO2,1,6,3
India,Uttarakhand,Kashipur,"Govt. Girls Inter College, Kashipur - UKPCB",02-05-2024 10:00:00,29.2124114,78.9611753,SO2,NA,NA,NA
India,Uttarakhand,Rishikesh,"Shivaji Nagar, Rishikesh - UKPCB",02-05-2024 10:00:00,30.075911,78.2859547,CO,14,42,26
India,Uttarakhand,Rishikesh,"Shivaji Nagar, Rishikesh - UKPCB",02-05-2024 10:00:00,30.075911,78.2859547,OZONE,25,126,40
India,West_Bengal,Asansol,"Asansol Court Area, Asansol - WBPCB",02-05-2024 10:00:00,23.685297,86.945968,OZONE,42,111,70
India,West_Bengal,Barrackpore,"SVSPA Campus, Barrackpore - WBPCB",02-05-2024 10:00:00,22.7605581,88.3617589,PM2.5,48,125,78
India,West_Bengal,Barrackpore,"SVSPA Campus, Barrackpore - WBPCB",02-05-2024 10:00:00,22.7605581,88.3617589,CO,14,32,17
India,West_Bengal,Durgapur,"PCBL Residential Complex, Durgapur - WBPCB",02-05-2024 10:00:00,23.5087640,87.3544400,SO2,25,110,62
India,West_Bengal,Durgapur,"Sidhu Kanhu Indoor Stadium, Durgapur - WBPCB",02-05-2024 10:00:00,23.5404352,87.2892225,OZONE,3,126,21
India,West_Bengal,Haldia,"Priyambada Housing Estate, Haldia - WBPCB",02-05-2024 10:00:00,22.06047,88.109737,PM2.5,17,60,35
India,West_Bengal,Haldia,"Priyambada Housing Estate, Haldia - WBPCB",02-05-2024 10:00:00,22.06047,88.109737,PM10,27,108,61
India,West_Bengal,Howrah,"Belur Math, Howrah - WBPCB",02-05-2024 10:00:00,22.629801,88.352017,SO2,8,15,11
India,West_Bengal,Howrah,"Belur Math, Howrah - WBPCB",02-05-2024 10:00:00,22.629801,88.352017,OZONE,15,157,29
India,West_Bengal,Howrah,"Padmapukur, Howrah - WBPCB",02-05-2024 10:00:00,22.5687319,88.2797276,OZONE,6,75,15
India,West_Bengal,Kolkata,"Ballygunge, Kolkata - WBPCB",02-05-2024 10:00:00,22.5367507,88.3638022,PM2.5,32,136,76
India,West_Bengal,Kolkata,"Bidhannagar, Kolkata - WBPCB",02-05-2024 10:00:00,22.58157048,88.41002457,PM2.5,30,96,62
India,West_Bengal,Kolkata,"Fort William, Kolkata - WBPCB",02-05-2024 10:00:00,22.556640,88.342674,CO,12,30,15
India,West_Bengal,Kolkata,"Rabindra Bharati University, Kolkata - WBPCB",02-05-2024 10:00:00,22.627847,88.380669,NO2,34,39,36
India,West_Bengal,Kolkata,"Rabindra Sarobar, Kolkata - WBPCB",02-05-2024 10:00:00,22.51106,88.35142,PM10,51,121,89
India,West_Bengal,Kolkata,"Victoria, Kolkata - WBPCB",02-05-2024 10:00:00,22.5448082,88.3403691,NO2,14,20,15
India,West_Bengal,Siliguri,"Ward-32 Bapupara, Siliguri - WBPCB",02-05-2024 10:00:00,26.6879226,88.4152495,PM10,70,134,106
India,West_Bengal,Siliguri,"Ward-32 Bapupara, Siliguri - WBPCB",02-05-2024 10:00:00,26.6879226,88.4152495,CO,18,54,30
India,Andhra_Pradesh,Amaravati,"Secretariat, Amaravati - APPCB",02-05-2024 10:00:00,16.5150833,80.5181667,SO2,9,15,11
India,Andhra_Pradesh,Anantapur,"Gulzarpet, Anantapur - APPCB",02-05-2024 10:00:00,14.675886,77.593027,PM2.5,48,76,67
India,Andhra_Pradesh,Anantapur,"Gulzarpet, Anantapur - APPCB",02-05-2024 10:00:00,14.675886,77.593027,PM10,62,155,104
India,Andhra_Pradesh,Anantapur,"Gulzarpet, Anantapur - APPCB",02-05-2024 10:00:00,14.675886,77.593027,CO,19,129,24
India,Andhra_Pradesh,Tirupati,"Tirumala, Tirupati - APPCB",02-05-2024 10:00:00,13.67,79.35,PM2.5,19,78,48
India,Andhra_Pradesh,Tirupati,"Tirumala, Tirupati - APPCB",02-05-2024 10:00:00,13.67,79.35,NO2,12,48,25
India,Andhra_Pradesh,Tirupati,"Vaikuntapuram, Tirupati - APPCB",02-05-2024 10:00:00,13.615387,79.409230,NH3,NA,NA,NA
India,Andhra_Pradesh,Tirupati,"Vaikuntapuram, Tirupati - APPCB",02-05-2024 10:00:00,13.615387,79.409230,SO2,NA,NA,NA
India,Andhra_Pradesh,Vijayawada,"Kanuru, Vijayawada - APPCB",02-05-2024 10:00:00,16.486692,80.699436,PM2.5,46,71,53
India,Andhra_Pradesh,Vijayawada,"Kanuru, Vijayawada - APPCB",02-05-2024 10:00:00,16.486692,80.699436,NH3,9,26,15
India,Andhra_Pradesh,Vijayawada,"Rajiv Nagar, Vijayawada - APPCB",02-05-2024 10:00:00,16.554731,80.649110,NH3,2,3,2
India,Andhra_Pradesh,Visakhapatnam,"GVM Corporation, Visakhapatnam - APPCB",02-05-2024 10:00:00,17.72,83.3,NO2,29,58,40
India,Assam,Byrnihat,"Central Academy for SFS, Byrnihat - PCBA",02-05-2024 10:00:00,26.071318,91.87488,PM2.5,75,500,185
India,Assam,Byrnihat,"Central Academy for SFS, Byrnihat - PCBA",02-05-2024 10:00:00,26.071318,91.87488,SO2,5,14,11
India,Assam,Guwahati,"IITG, Guwahati - PCBA",02-05-2024 10:00:00,26.2028636,91.70046436,OZONE,2,30,11
India,Assam,Guwahati,"LGBI Airport, Guwahati - PCBA",02-05-2024 10:00:00,26.10887,91.589544,NH3,2,6,4
India,Assam,Guwahati,"LGBI Airport, Guwahati - PCBA",02-05-2024 10:00:00,26.10887,91.589544,SO2,9,11,10
India,Assam,Guwahati,"Pan Bazaar, Guwahati - PCBA",02-05-2024 10:00:00,26.187500,91.744194,PM2.5,35,124,76
India,Assam,Guwahati,"Pan Bazaar, Guwahati - PCBA",02-05-2024 10:00:00,26.187500,91.744194,NO2,1,9,4
India,Assam,Guwahati,"Railway Colony, Guwahati - PCBA",02-05-2024 10:00:00,26.181742,91.78063,NO2,3,3,3
India,Assam,Nagaon,"Christianpatty, Nagaon - PCBA",02-05-2024 10:00:00,26.349082,92.68449,NO2,1,39,12
India,Assam,Nalbari,"Bata Chowk, Nalbari - PCBA",02-05-2024 10:00:00,26.446912,91.439057,NH3,1,1,1
India,Assam,Nalbari,"Bata Chowk, Nalbari - PCBA",02-05-2024 10:00:00,26.446912,91.439057,CO,54,105,91
India,Assam,Sivasagar,"Girls College, Sivasagar - PCBA",02-05-2024 10:00:00,26.987634,94.636574,PM2.5,30,50,38
India,Bihar,Araria,"Kharahiya Basti, Araria - BSPCB",02-05-2024 10:00:00,26.146529,87.454184,SO2,7,17,13
India,Bihar,Arrah,"New DM Office, Arrah - BSPCB",02-05-2024 10:00:00,25.5626095,84.663264,PM10,87,173,111
India,Bihar,Aurangabad,"Gurdeo Nagar, Aurangabad - BSPCB",02-05-2024 10:00:00,24.75746,84.366208,PM2.5,NA,NA,NA
India,Bihar,Aurangabad,"Gurdeo Nagar, Aurangabad - BSPCB",02-05-2024 10:00:00,24.75746,84.366208,PM10,NA,NA,NA
India,Bihar,Bhagalpur,"DM Office_Kachari Chowk, Bhagalpur - BSPCB",02-05-2024 10:00:00,25.251013,86.989001,PM2.5,50,97,74
India,Bihar,Bhagalpur,"Mayaganj, Bhagalpur - BSPCB",02-05-2024 10:00:00,25.265194,87.012947,PM10,49,102,70
India,Bihar,Bhagalpur,"Mayaganj, Bhagalpur - BSPCB",02-05-2024 10:00:00,25.265194,87.012947,NH3,9,10,10
India,Bihar,Buxar,"Charitra Van, Buxar - BSPCB (Formerly known as Central Jail)",02-05-2024 10:00:00,25.567520,83.966379,PM10,NA,NA,NA
India,Bihar,Buxar,"Charitra Van, Buxar - BSPCB (Formerly known as Central Jail)",02-05-2024 10:00:00,25.567520,83.966379,CO,32,122,62
India,Bihar,Chhapra,"Darshan Nagar, Chhapra - BSPCB",02-05-2024 10:00:00,25.7808257,84.7446768,NO2,23,33,28
India,Bihar,Chhapra,"Darshan Nagar, Chhapra - BSPCB",02-05-2024 10:00:00,25.7808257,84.7446768,NH3,6,11,9
India,Bihar,Gaya,"Collectorate, Gaya - BSPCB",02-05-2024 10:00:00,24.7955,84.9994,PM2.5,27,336,126
India,Bihar,Gaya,"Collectorate, Gaya - BSPCB",02-05-2024 10:00:00,24.7955,84.9994,OZONE,51,84,63
India,Bihar,Gaya,"Kareemganj, Gaya - BSPCB",02-05-2024 10:00:00,24.792403,84.992416,PM10,62,115,81
India,Bihar,Gaya,"Kareemganj, Gaya - BSPCB",02-05-2024 10:00:00,24.792403,84.992416,NO2,30,31,30
India,Bihar,Gaya,"Kareemganj, Gaya - BSPCB",02-05-2024 10:00:00,24.792403,84.992416,CO,11,21,18
India,Bihar,Hajipur,"Industrial Area, Hajipur - BSPCB",02-05-2024 10:00:00,25.697189,85.245900,CO,18,56,40
India,Bihar,Katihar,"Mirchaibari, Katihar - BSPCB",02-05-2024 10:00:00,25.560083,87.553265,PM2.5,15,60,35
India,Bihar,Kishanganj,"SDM Office_Khagra, Kishanganj - BSPCB",02-05-2024 10:00:00,26.0881305,87.93840336,PM2.5,67,157,105
India,Bihar,Kishanganj,"SDM Office_Khagra, Kishanganj - BSPCB",02-05-2024 10:00:00,26.0881305,87.93840336,OZONE,26,33,28
India,Bihar,Manguraha,"Forest Rest House, Manguraha - BSPCB",02-05-2024 10:00:00,27.308328,84.531742,PM10,NA,NA,NA
India,Bihar,Motihari,"Gandak Colony, Motihari - BSPCB",02-05-2024 10:00:00,26.63086,84.90051,OZONE,46,192,180
India,Bihar,Munger,"Town Hall, Munger - BSPCB",02-05-2024 10:00:00,25.376776,86.471523,NH3,2,3,3
India,Bihar,Munger,"Town Hall, Munger - BSPCB",02-05-2024 10:00:00,25.376776,86.471523,SO2,18,37,26
India,Bihar,Muzaffarpur,"Buddha Colony, Muzaffarpur - BSPCB",02-05-2024 10:00:00,26.11442,85.39813,NO2,22,51,32
India,Bihar,Patna,"Govt. High School Shikarpur, Patna - BSPCB",02-05-2024 10:00:00,25.592539,85.227158,PM10,112,380,193
India,Bihar,Patna,"Muradpur, Patna - BSPCB",02-05-2024 10:00:00,25.619651,85.147382,OZONE,22,86,47
India,Bihar,Patna,"Rajbansi Nagar, Patna - BSPCB",02-05-2024 10:00:00,25.599486,85.113666,NH3,7,16,10
India,Bihar,Purnia,"Mariam Nagar, Purnia - BSPCB",02-05-2024 10:00:00,25.366336,87.117468,PM2.5,52,78,59
India,Bihar,Purnia,"Mariam Nagar, Purnia - BSPCB",02-05-2024 10:00:00,25.366336,87.117468,SO2,5,16,10
India,Bihar,Rajgir,"Dangi Tola, Rajgir - BSPCB",02-05-2024 10:00:00,25.03280,85.41948,PM2.5,38,190,87
India,Bihar,Rajgir,"Dangi Tola, Rajgir - BSPCB",02-05-2024 10:00:00,25.03280,85.41948,NO2,17,25,20
India,Bihar,Rajgir,"Dangi Tola, Rajgir - BSPCB",02-05-2024 10:00:00,25.03280,85.41948,OZONE,31,37,33
India,Bihar,Saharsa,"Police Line, Saharsa - BSPCB",02-05-2024 10:00:00,25.892357,86.590325,PM2.5,NA,NA,NA
India,Bihar,Saharsa,"Police Line, Saharsa - BSPCB",02-05-2024 10:00:00,25.892357,86.590325,CO,54,56,54
India,Bihar,Samastipur,"DM Office_Kasipur, Samastipur - BSPCB",02-05-2024 10:00:00,25.859655,85.77944,SO2,10,10,10
India,Bihar,Samastipur,"DM Office_Kasipur, Samastipur - BSPCB",02-05-2024 10:00:00,25.859655,85.77944,CO,21,22,22
India,Bihar,Samastipur,"DM Office_Kasipur, Samastipur - BSPCB",02-05-2024 10:00:00,25.859655,85.77944,OZONE,10,59,38
India,Bihar,Siwan,"Chitragupta Nagar, Siwan - BSPCB",02-05-2024 10:00:00,26.2271665,84.3570427,NH3,NA,NA,NA
India,Chandigarh,Chandigarh,"Sector 22, Chandigarh - CPCC",02-05-2024 10:00:00,30.735567,76.775714,PM10,57,166,92
India,Chandigarh,Chandigarh,"Sector-25, Chandigarh - CPCC",02-05-2024 10:00:00,30.751462,76.762879,PM10,56,124,80
India,Chandigarh,Chandigarh,"Sector-25, Chandigarh - CPCC",02-05-2024 10:00:00,30.751462,76.762879,NH3,8,23,12
India,Chhattisgarh,Bhilai,"32Bungalows, Bhilai - CECB",02-05-2024 10:00:00,21.194815,81.314770,PM2.5,42,71,53
India,Chhattisgarh,Bhilai,"32Bungalows, Bhilai - CECB",02-05-2024 10:00:00,21.194815,81.314770,PM10,62,106,82
India,Chhattisgarh,Bhilai,"Civic Center, Bhilai - Bhilai Steel Plant",02-05-2024 10:00:00,21.185571,81.343175,PM10,40,90,55
India,Chhattisgarh,Bhilai,"Civic Center, Bhilai - Bhilai Steel Plant",02-05-2024 10:00:00,21.185571,81.343175,NH3,4,7,4
India,Chhattisgarh,Bhilai,"Civic Center, Bhilai - Bhilai Steel Plant",02-05-2024 10:00:00,21.185571,81.343175,SO2,7,12,10
India,Chhattisgarh,Bhilai,"Civic Center, Bhilai - Bhilai Steel Plant",02-05-2024 10:00:00,21.185571,81.343175,CO,33,72,44
India,Chhattisgarh,Bilaspur,"Mangala, Bilaspur - NTPC",02-05-2024 10:00:00,22.08815,82.13737,PM2.5,41,85,57
India,Chhattisgarh,Bilaspur,"Mangala, Bilaspur - NTPC",02-05-2024 10:00:00,22.08815,82.13737,CO,36,44,42
India,Chhattisgarh,Chhal,"Nawapara SECL Colony, Chhal - CECB",02-05-2024 10:00:00,22.118125,83.140608,SO2,29,71,45
India,Chhattisgarh,Korba,"Rampur, Korba - CECB",02-05-2024 10:00:00,22.368195,82.746431,NO2,19,47,36
India,Chhattisgarh,Korba,"Urja Nagar, Korba - CECB",02-05-2024 10:00:00,22.348441,82.549611,CO,20,42,27
India,Chhattisgarh,Korba,"Urja Nagar, Korba - CECB",02-05-2024 10:00:00,22.348441,82.549611,OZONE,1,3,1
India,Chhattisgarh,Milupara,"Govt. Higher Secondary School, Milupara - CECB",02-05-2024 10:00:00,22.1910172,83.5197009,PM2.5,NA,NA,NA
India,Chhattisgarh,Milupara,"Govt. Higher Secondary School, Milupara - CECB",02-05-2024 10:00:00,22.1910172,83.5197009,NH3,NA,NA,NA
India,Chhattisgarh,Raipur,"AIIMS, Raipur - CECB",02-05-2024 10:00:00,21.258815,81.578979,PM10,63,116,77
India,Chhattisgarh,Raipur,"AIIMS, Raipur - CECB",02-05-2024 10:00:00,21.258815,81.578979,OZONE,7,27,12
India,Chhattisgarh,Raipur,"Krishak Nagar, Raipur - CECB",02-05-2024 10:00:00,21.237755,81.705301,NO2,16,17,16
India,Chhattisgarh,Raipur,"Krishak Nagar, Raipur - CECB",02-05-2024 10:00:00,21.237755,81.705301,SO2,14,80,27
India,Chhattisgarh,Raipur,"Siltara Phase-II, Raipur - CECB",02-05-2024 10:00:00,21.371751,81.664929,SO2,9,91,53
India,Chhattisgarh,Raipur,"Siltara Phase-II, Raipur - CECB",02-05-2024 10:00:00,21.371751,81.664929,OZONE,4,23,7
India,Chhattisgarh,Tumidih,"OP Jindal Industrial Park, Tumidih - CECB",02-05-2024 10:00:00,22.06631475,83.33820077,PM2.5,30,169,58
India,Chhattisgarh,Tumidih,"OP Jindal Industrial Park, Tumidih - CECB",02-05-2024 10:00:00,22.06631475,83.33820077,PM10,29,147,68
India,Delhi,Delhi,"Anand Vihar, Delhi - DPCC",02-05-2024 10:00:00,28.647622,77.3158090,PM2.5,51,301,125
India,Delhi,Delhi,"Anand Vihar, Delhi - DPCC",02-05-2024 10:00:00,28.647622,77.3158090,CO,9,37,20
India,Delhi,Delhi,"Anand Vihar, Delhi - DPCC",02-05-2024 10:00:00,28.647622,77.3158090,OZONE,20,90,51
India,Delhi,Delhi,"Aya Nagar, Delhi - IMD",02-05-2024 10:00:00,28.4706914,77.1099364,PM10,NA,NA,NA
India,Delhi,Delhi,"Aya Nagar, Delhi - IMD",02-05-2024 10:00:00,28.4706914,77.1099364,CO,48,68,67
India,Delhi,Delhi,"Bawana, Delhi - DPCC",02-05-2024 10:00:00,28.776200,77.051074,NO2,12,51,30
India,Delhi,Delhi,"Bawana, Delhi - DPCC",02-05-2024 10:00:00,28.776200,77.051074,NH3,3,5,4
India,Delhi,Delhi,"Bawana, Delhi - DPCC",02-05-2024 10:00:00,28.776200,77.051074,CO,4,42,34
India,Delhi,Delhi,"Burari Crossing, Delhi - IMD",02-05-2024 10:00:00,28.7256504,77.2011573,NO2,11,15,13
India,Delhi,Delhi,"DTU, Delhi - CPCB",02-05-2024 10:00:00,28.7500499,77.1112615,SO2,34,43,38
India,Delhi,Delhi,"DTU, Delhi - CPCB",02-05-2024 10:00:00,28.7500499,77.1112615,CO,16,42,37
India,Delhi,Delhi,"Dwarka-Sector 8, Delhi - DPCC ",02-05-2024 10:00:00,28.5710274,77.0719006,NO2,2,8,4
India,Delhi,Delhi,"Dwarka-Sector 8, Delhi - DPCC ",02-05-2024 10:00:00,28.5710274,77.0719006,NH3,2,3,2
India,Delhi,Delhi,"Dwarka-Sector 8, Delhi - DPCC ",02-05-2024 10:00:00,28.5710274,77.0719006,CO,36,86,58
India,Delhi,Delhi,"Dwarka-Sector 8, Delhi - DPCC ",02-05-2024 10:00:00,28.5710274,77.0719006,OZONE,3,60,27
India,Delhi,Delhi,"IGI Airport (T3), Delhi - IMD",02-05-2024 10:00:00,28.5627763,77.1180053,NO2,4,84,56
India,Delhi,Delhi,"IHBAS, Dilshad Garden, Delhi - CPCB",02-05-2024 10:00:00,28.6811736,77.3025234,PM2.5,82,187,120
India,Delhi,Delhi,"IHBAS, Dilshad Garden, Delhi - CPCB",02-05-2024 10:00:00,28.6811736,77.3025234,PM10,110,158,131
India,Delhi,Delhi,"IHBAS, Dilshad Garden, Delhi - CPCB",02-05-2024 10:00:00,28.6811736,77.3025234,CO,8,43,26
India,Delhi,Delhi,"ITO, Delhi - CPCB",02-05-2024 10:00:00,28.628624,77.241060,PM2.5,38,227,96
India,Delhi,Delhi,"ITO, Delhi - CPCB",02-05-2024 10:00:00,28.628624,77.241060,CO,30,54,42
India,Delhi,Delhi,"Jahangirpuri, Delhi - DPCC",02-05-2024 10:00:00,28.732820,77.170633,PM10,178,454,290
India,Delhi,Delhi,"Jahangirpuri, Delhi - DPCC",02-05-2024 10:00:00,28.732820,77.170633,SO2,16,82,39
India,Delhi,Delhi,"Lodhi Road, Delhi - IITM",02-05-2024 10:00:00,28.588333,77.221667,OZONE,15,18,16
India,Delhi,Delhi,"Lodhi Road, Delhi - IMD",02-05-2024 10:00:00,28.5918245,77.2273074,PM10,103,175,130
India,Delhi,Delhi,"Lodhi Road, Delhi - IMD",02-05-2024 10:00:00,28.5918245,77.2273074,CO,8,19,13
India,Delhi,Delhi,"Major Dhyan Chand National Stadium, Delhi - DPCC",02-05-2024 10:00:00,28.611281,77.237738,NH3,3,8,6
India,Delhi,Delhi,"Mandir Marg, Delhi - DPCC",02-05-2024 10:00:00,28.636429,77.201067,NH3,3,4,4
India,Delhi,Delhi,"Mandir Marg, Delhi - DPCC",02-05-2024 10:00:00,28.636429,77.201067,CO,16,41,35
India,Delhi,Delhi,"NSIT Dwarka, Delhi - CPCB",02-05-2024 10:00:00,28.60909,77.0325413,NO2,22,45,33
India,Delhi,Delhi,"NSIT Dwarka, Delhi - CPCB",02-05-2024 10:00:00,28.60909,77.0325413,CO,25,50,32
India,Delhi,Delhi,"NSIT Dwarka, Delhi - CPCB",02-05-2024 10:00:00,28.60909,77.0325413,OZONE,17,87,41
India,Delhi,Delhi,"Najafgarh, Delhi - DPCC",02-05-2024 10:00:00,28.570173,76.933762,PM2.5,18,382,183
India,Delhi,Delhi,"Najafgarh, Delhi - DPCC",02-05-2024 10:00:00,28.570173,76.933762,NH3,5,14,8
India,Delhi,Delhi,"Narela, Delhi - DPCC",02-05-2024 10:00:00,28.822836,77.101981,PM2.5,32,357,158
India,Delhi,Delhi,"Narela, Delhi - DPCC",02-05-2024 10:00:00,28.822836,77.101981,PM10,134,359,224
India,Delhi,Delhi,"Narela, Delhi - DPCC",02-05-2024 10:00:00,28.822836,77.101981,CO,26,52,44
India,Delhi,Delhi,"Narela, Delhi - DPCC",02-05-2024 10:00:00,28.822836,77.101981,OZONE,36,152,69
India,Delhi,Delhi,"Nehru Nagar, Delhi - DPCC",02-05-2024 10:00:00,28.567890,77.250515,OZONE,45,140,66
India,Delhi,Delhi,"New Moti Bagh, Delhi - MHUA",02-05-2024 10:00:00,28.57834,77.18400,NO2,5,17,8
India,Delhi,Delhi,"New Moti Bagh, Delhi - MHUA",02-05-2024 10:00:00,28.57834,77.18400,CO,14,65,49
India,Delhi,Delhi,"North Campus, DU, Delhi - IMD",02-05-2024 10:00:00,28.6573814,77.1585447,CO,56,100,84
India,Delhi,Delhi,"North Campus, DU, Delhi - IMD",02-05-2024 10:00:00,28.6573814,77.1585447,OZONE,16,52,23
India,Delhi,Delhi,"Patparganj, Delhi - DPCC",02-05-2024 10:00:00,28.623763,77.287209,PM10,163,284,201
India,Delhi,Delhi,"Patparganj, Delhi - DPCC",02-05-2024 10:00:00,28.623763,77.287209,NH3,5,7,6
India,Delhi,Delhi,"Punjabi Bagh, Delhi - DPCC",02-05-2024 10:00:00,28.674045,77.131023,CO,18,59,44
India,Delhi,Delhi,"Punjabi Bagh, Delhi - DPCC",02-05-2024 10:00:00,28.674045,77.131023,OZONE,7,33,13
India,Delhi,Delhi,"Pusa, Delhi - DPCC",02-05-2024 10:00:00,28.639652,77.146275,PM2.5,28,315,125
India,Delhi,Delhi,"Pusa, Delhi - DPCC",02-05-2024 10:00:00,28.639652,77.146275,CO,22,59,34
India,Delhi,Delhi,"R K Puram, Delhi - DPCC",02-05-2024 10:00:00,28.563262,77.186937,NO2,7,38,18
India,Delhi,Delhi,"Shadipur, Delhi - CPCB",02-05-2024 10:00:00,28.6514781,77.1473105,NO2,56,93,72
India,Delhi,Delhi,"Shadipur, Delhi - CPCB",02-05-2024 10:00:00,28.6514781,77.1473105,CO,28,105,70
India,Delhi,Delhi,"Sirifort, Delhi - CPCB",02-05-2024 10:00:00,28.5504249,77.2159377,PM10,127,300,167
India,Delhi,Delhi,"Sirifort, Delhi - CPCB",02-05-2024 10:00:00,28.5504249,77.2159377,SO2,8,24,14
India,Delhi,Delhi,"Sirifort, Delhi - CPCB",02-05-2024 10:00:00,28.5504249,77.2159377,OZONE,13,37,19
India,Delhi,Delhi,"Sri Aurobindo Marg, Delhi - DPCC",02-05-2024 10:00:00,28.531346,77.190156,NH3,5,7,6
India,Delhi,Delhi,"Sri Aurobindo Marg, Delhi - DPCC",02-05-2024 10:00:00,28.531346,77.190156,OZONE,12,68,26
India,Delhi,Delhi,"Vivek Vihar, Delhi - DPCC",02-05-2024 10:00:00,28.672342,77.315260,PM10,124,239,187
India,Delhi,Delhi,"Wazirpur, Delhi - DPCC",02-05-2024 10:00:00,28.699793,77.165453,SO2,5,46,18
India,Gujarat,Ahmedabad,"Chandkheda, Ahmedabad - IITM",02-05-2024 10:00:00,23.107969,72.574648,NO2,27,48,30
India,Gujarat,Ahmedabad,"Chandkheda, Ahmedabad - IITM",02-05-2024 10:00:00,23.107969,72.574648,NH3,3,4,3
India,Gujarat,Ahmedabad,"Chandkheda, Ahmedabad - IITM",02-05-2024 10:00:00,23.107969,72.574648,SO2,2,26,10
India,Gujarat,Ahmedabad,"Chandkheda, Ahmedabad - IITM",02-05-2024 10:00:00,23.107969,72.574648,OZONE,12,55,22
India,Gujarat,Ahmedabad,"Gyaspur, Ahmedabad - IITM",02-05-2024 10:00:00,22.977134,72.553024,PM2.5,96,308,167
India,Gujarat,Ahmedabad,"Raikhad, Ahmedabad - IITM",02-05-2024 10:00:00,23.020509,72.579261,PM10,122,277,214
India,Gujarat,Ahmedabad,"Sardar Vallabhbhai Patel Stadium, Ahmedabad - IITM",02-05-2024 10:00:00,23.043070,72.562968,NH3,1,2,1
India,Gujarat,Ahmedabad,"Sardar Vallabhbhai Patel Stadium, Ahmedabad - IITM",02-05-2024 10:00:00,23.043070,72.562968,SO2,6,22,10
India,Gujarat,Ankleshwar,"GIDC, Ankleshwar - GPCB",02-05-2024 10:00:00,21.613267,73.010555,NH3,7,7,7
India,Gujarat,Ankleshwar,"GIDC, Ankleshwar - GPCB",02-05-2024 10:00:00,21.613267,73.010555,CO,20,88,71
India,Gujarat,Gandhinagar,"Sector-10, Gandhinagar - GPCB",02-05-2024 10:00:00,23.221714,72.654328,PM10,58,127,89
India,Gujarat,Gandhinagar,"Sector-10, Gandhinagar - GPCB",02-05-2024 10:00:00,23.221714,72.654328,NH3,1,1,1
India,Gujarat,Nandesari,"GIDC, Nandesari - Nandesari Ind. Association",02-05-2024 10:00:00,22.410802,73.097923,PM10,86,342,171
India,Gujarat,Surat,"Science Center, Surat - SMC",02-05-2024 10:00:00,21.170046,72.795405,PM2.5,2,21,8
India,Gujarat,Surat,"Science Center, Surat - SMC",02-05-2024 10:00:00,21.170046,72.795405,PM10,4,34,15
India,Gujarat,Surat,"Science Center, Surat - SMC",02-05-2024 10:00:00,21.170046,72.795405,NO2,31,59,42
India,Gujarat,Vapi,"Phase-1 GIDC, Vapi - GPCB",02-05-2024 10:00:00,20.362421,72.918013,NO2,6,7,6
India,Gujarat,Vatva,"Phase-4 GIDC, Vatva - GPCB",02-05-2024 10:00:00,22.969611,72.643500,PM2.5,31,86,56
India,Gujarat,Vatva,"Phase-4 GIDC, Vatva - GPCB",02-05-2024 10:00:00,22.969611,72.643500,CO,34,36,36
India,Haryana,Ambala,"Patti Mehar, Ambala - HSPCB",02-05-2024 10:00:00,30.379589,76.778328,NH3,8,8,8
India,Haryana,Ballabgarh,"Nathu Colony, Ballabgarh - HSPCB",02-05-2024 10:00:00,28.3419248,77.319699,PM2.5,63,311,195
India,Haryana,Ballabgarh,"Nathu Colony, Ballabgarh - HSPCB",02-05-2024 10:00:00,28.3419248,77.319699,NH3,1,2,1
India,Haryana,Ballabgarh,"Nathu Colony, Ballabgarh - HSPCB",02-05-2024 10:00:00,28.3419248,77.319699,SO2,3,93,26
India,Haryana,Faridabad,"New Industrial Town, Faridabad - HSPCB",02-05-2024 10:00:00,28.39072,77.30059,OZONE,27,245,67
India,Haryana,Faridabad,"Sector 11, Faridabad - HSPCB",02-05-2024 10:00:00,28.376058,77.315741,NH3,6,6,6
India,Haryana,Faridabad,"Sector 11, Faridabad - HSPCB",02-05-2024 10:00:00,28.376058,77.315741,SO2,1,116,6
India,Haryana,Faridabad,"Sector 30, Faridabad - HSPCB",02-05-2024 10:00:00,28.4417,77.3217,NH3,9,9,9
India,Haryana,Faridabad,"Sector- 16A, Faridabad - HSPCB",02-05-2024 10:00:00,28.4088421,77.3099081,CO,NA,NA,NA
India,Haryana,Gurugram,"Teri Gram, Gurugram - HSPCB",02-05-2024 10:00:00,28.4275,77.1465,PM2.5,8,317,221
India,Haryana,Gurugram,"Vikas Sadan, Gurugram - HSPCB",02-05-2024 10:00:00,28.4501238,77.0263051,NO2,5,25,14
India,Haryana,Hisar,"Urban Estate-II, Hisar - HSPCB",02-05-2024 10:00:00,29.140560,75.744941,PM2.5,37,97,69
India,Haryana,Jind,"Police Lines, Jind - HSPCB",02-05-2024 10:00:00,29.307814,76.337619,CO,3,59,25
India,Haryana,Jind,"Police Lines, Jind - HSPCB",02-05-2024 10:00:00,29.307814,76.337619,OZONE,8,19,12
India,Haryana,Kaithal,"Rishi Nagar, Kaithal - HSPCB",02-05-2024 10:00:00,29.8006,76.4155,PM2.5,31,90,56
India,Haryana,Karnal,"Sector-12, Karnal - HSPCB",02-05-2024 10:00:00,29.695300,77.002700,PM10,89,112,103
India,Haryana,Karnal,"Sector-12, Karnal - HSPCB",02-05-2024 10:00:00,29.695300,77.002700,NO2,7,12,10
India,Haryana,Mandikhera,"General Hospital, Mandikhera - HSPCB",02-05-2024 10:00:00,27.9002,76.9938,OZONE,22,34,29
India,Haryana,Manesar,"Sector-2 IMT, Manesar - HSPCB",02-05-2024 10:00:00,28.360699,76.936090,PM10,79,143,108
India,Haryana,Manesar,"Sector-2 IMT, Manesar - HSPCB",02-05-2024 10:00:00,28.360699,76.936090,NH3,15,50,29
India,Haryana,Manesar,"Sector-2 IMT, Manesar - HSPCB",02-05-2024 10:00:00,28.360699,76.936090,SO2,6,38,12
India,Haryana,Manesar,"Sector-2 IMT, Manesar - HSPCB",02-05-2024 10:00:00,28.360699,76.936090,CO,14,42,38
India,Haryana,Narnaul,"Shastri Nagar, Narnaul - HSPCB",02-05-2024 10:00:00,28.060249,76.113115,OZONE,41,69,64
India,Haryana,Palwal,"Shyam Nagar, Palwal - HSPCB",02-05-2024 10:00:00,28.1485564,77.3320667,NO2,23,24,24
India,Haryana,Palwal,"Shyam Nagar, Palwal - HSPCB",02-05-2024 10:00:00,28.1485564,77.3320667,NH3,8,9,9
India,Haryana,Panchkula,"Sector-6, Panchkula - HSPCB ",02-05-2024 10:00:00,30.7057778,76.8531805555555,NO2,9,11,10
India,Haryana,Panipat,"Sector-18, Panipat - HSPCB",02-05-2024 10:00:00,29.497973,76.993331,SO2,18,19,19
India,Haryana,Sirsa,"F-Block, Sirsa - HSPCB",02-05-2024 10:00:00,29.536400,75.015800,PM2.5,48,153,83
India,Haryana,Sirsa,"F-Block, Sirsa - HSPCB",02-05-2024 10:00:00,29.536400,75.015800,PM10,60,98,83
India,Haryana,Sonipat,"Murthal, Sonipat - HSPCB",02-05-2024 10:00:00,29.027200,77.062100,PM2.5,25,26,26
India,Haryana,Yamuna Nagar,"Gobind Pura, Yamuna Nagar - HSPCB",02-05-2024 10:00:00,30.1480566,77.2893471,NO2,11,29,18
India,Haryana,Yamuna Nagar,"Gobind Pura, Yamuna Nagar - HSPCB",02-05-2024 10:00:00,30.1480566,77.2893471,NH3,1,6,4
India,Jharkhand,Dhanbad,"Kalakusuma, Dhanbad - DMC",02-05-2024 10:00:00,23.811548,86.481238,PM10,12,122,26
India,Jharkhand,Dhanbad,"Sardar Patel Nagar, Dhanbad - JSPCB",02-05-2024 10:00:00,23.80569,86.44268,OZONE,NA,NA,NA
India,Karnataka,Bagalkot,"Vidayagiri, Bagalkot - KSPCB",02-05-2024 10:00:00,16.172806,75.659694,PM10,49,50,50
India,Karnataka,Bagalkot,"Vidayagiri, Bagalkot - KSPCB",02-05-2024 10:00:00,16.172806,75.659694,NO2,9,10,9
India,Karnataka,Belgaum,"Ramteerth Nagar, Belgaum - KSPCB",02-05-2024 10:00:00,15.888653,74.541751,PM2.5,17,78,30
India,Karnataka,Belgaum,"Ramteerth Nagar, Belgaum - KSPCB",02-05-2024 10:00:00,15.888653,74.541751,PM10,41,99,66
India,Karnataka,Bengaluru,"BTM Layout, Bengaluru - CPCB",02-05-2024 10:00:00,12.9135218,77.5950804,SO2,1,9,3
India,Karnataka,Bengaluru,"BTM Layout, Bengaluru - CPCB",02-05-2024 10:00:00,12.9135218,77.5950804,CO,17,32,23
India,Karnataka,Bengaluru,"Bapuji Nagar, Bengaluru - KSPCB",02-05-2024 10:00:00,12.951913,77.539784,NO2,10,11,11
India,Karnataka,Bengaluru,"Hebbal, Bengaluru - KSPCB",02-05-2024 10:00:00,13.029152,77.585901,PM2.5,32,125,71
India,Karnataka,Bengaluru,"Hebbal, Bengaluru - KSPCB",02-05-2024 10:00:00,13.029152,77.585901,CO,4,57,18
India,Karnataka,Bengaluru,"Hebbal, Bengaluru - KSPCB",02-05-2024 10:00:00,13.029152,77.585901,OZONE,10,51,18
India,Karnataka,Bengaluru,"Hombegowda Nagar, Bengaluru - KSPCB",02-05-2024 10:00:00,12.938539,77.590100,PM2.5,38,138,54
India,Karnataka,Bengaluru,"Hombegowda Nagar, Bengaluru - KSPCB",02-05-2024 10:00:00,12.938539,77.590100,NO2,7,55,15
India,Karnataka,Bengaluru,"Hombegowda Nagar, Bengaluru - KSPCB",02-05-2024 10:00:00,12.938539,77.590100,SO2,3,4,4
India,Karnataka,Bengaluru,"Jayanagar 5th Block, Bengaluru - KSPCB",02-05-2024 10:00:00,12.920984,77.584908,SO2,7,65,35
India,Karnataka,Bengaluru,"Kasturi Nagar, Bengaluru - KSPCB",02-05-2024 10:00:00,13.003872,77.664217,NO2,16,17,17
India,Karnataka,Bengaluru,"Kasturi Nagar, Bengaluru - KSPCB",02-05-2024 10:00:00,13.003872,77.664217,SO2,10,10,10
India,Karnataka,Bengaluru,"Peenya, Bengaluru - CPCB",02-05-2024 10:00:00,13.0270199,77.494094,PM2.5,33,84,52
India,Karnataka,Bengaluru,"RVCE-Mailasandra, Bengaluru - KSPCB",02-05-2024 10:00:00,12.921418,77.502466,PM2.5,30,194,80
India,Karnataka,Bengaluru,"Shivapura_Peenya, Bengaluru - KSPCB",02-05-2024 10:00:00,13.0246342,77.5080115,SO2,2,28,6
India,Karnataka,Bengaluru,"Shivapura_Peenya, Bengaluru - KSPCB",02-05-2024 10:00:00,13.0246342,77.5080115,OZONE,53,55,54
India,Karnataka,Bengaluru,"Silk Board, Bengaluru - KSPCB",02-05-2024 10:00:00,12.917348,77.622813,PM10,72,349,129
India,Karnataka,Chikkaballapur,"Chikkaballapur Rural, Chikkaballapur - KSPCB",02-05-2024 10:00:00,13.428828,77.731418,PM2.5,48,101,64
India,Karnataka,Chikkaballapur,"Chikkaballapur Rural, Chikkaballapur - KSPCB",02-05-2024 10:00:00,13.428828,77.731418,NH3,1,1,1
India,Karnataka,Davanagere,"Devaraj Urs Badavane, Davanagere - KSPCB",02-05-2024 10:00:00,14.475800,75.905200,SO2,3,6,5
India,Karnataka,Davanagere,"Devaraj Urs Badavane, Davanagere - KSPCB",02-05-2024 10:00:00,14.475800,75.905200,OZONE,20,22,21
India,Karnataka,Dharwad,"Kalabhavan, Dharwad - KSPCB",02-05-2024 10:00:00,15.459706,75.008381,PM2.5,52,104,77
India,Karnataka,Gadag,"Panchal Nagar, Gadag - KSPCB",02-05-2024 10:00:00,15.411456,75.638133,PM10,39,55,47
India,Karnataka,Hassan,"B.Katihalli, Hassan - KSPCB",02-05-2024 10:00:00,13.008556,76.125258,PM2.5,NA,NA,NA
India,Karnataka,Haveri,"Ashwini Nagar, Haveri - KSPCB",02-05-2024 10:00:00,14.791800,75.389600,SO2,13,14,14
India,Karnataka,Hubballi,"Deshpande Nagar, Hubballi - KSPCB",02-05-2024 10:00:00,15.351773,75.140726,PM10,68,107,84
India,Karnataka,Hubballi,"Deshpande Nagar, Hubballi - KSPCB",02-05-2024 10:00:00,15.351773,75.140726,CO,6,32,10
India,Karnataka,Hubballi,"Lingaraj Nagar, Hubballi - KSPCB",02-05-2024 10:00:00,15.3714823,75.1160168,PM2.5,37,54,49
India,Karnataka,Hubballi,"Lingaraj Nagar, Hubballi - KSPCB",02-05-2024 10:00:00,15.3714823,75.1160168,NO2,7,8,8
India,Karnataka,Kalaburagi,"Lal Bahadur Shastri Nagar, Kalaburagi - KSPCB",02-05-2024 10:00:00,17.321993,76.822628,NO2,11,12,12
India,Karnataka,Kalaburagi,"Lal Bahadur Shastri Nagar, Kalaburagi - KSPCB",02-05-2024 10:00:00,17.321993,76.822628,CO,44,53,45
India,Karnataka,Kalaburagi,"Mahatma Basaveswar Colony, Kalaburgi - KSPCB",02-05-2024 10:00:00,17.336318,76.847397,NH3,2,4,3
India,Karnataka,Kalaburagi,"Mahatma Basaveswar Colony, Kalaburgi - KSPCB",02-05-2024 10:00:00,17.336318,76.847397,SO2,6,10,7
India,Karnataka,Koppal,"Diwator Nagar, Koppal - KSPCB",02-05-2024 10:00:00,15.347630,76.181767,PM2.5,22,51,33
India,Karnataka,Koppal,"Diwator Nagar, Koppal - KSPCB",02-05-2024 10:00:00,15.347630,76.181767,PM10,26,50,33
India,Karnataka,Koppal,"Diwator Nagar, Koppal - KSPCB",02-05-2024 10:00:00,15.347630,76.181767,NO2,30,60,47
India,Karnataka,Koppal,"Diwator Nagar, Koppal - KSPCB",02-05-2024 10:00:00,15.347630,76.181767,OZONE,141,191,153
India,Karnataka,Mysuru,"Hebbal 1st Stage, Mysuru - KSPCB",02-05-2024 10:00:00,12.21041,76.37376,PM2.5,27,48,34
India,Karnataka,Mysuru,"Hebbal 1st Stage, Mysuru - KSPCB",02-05-2024 10:00:00,12.21041,76.37376,OZONE,22,81,28
India,Karnataka,Ramanagara,"Vijay Nagar, Ramanagara - KSPCB",02-05-2024 10:00:00,12.733409,77.298051,OZONE,20,39,39
India,Karnataka,Shivamogga,"Vinoba Nagara, Shivamogga - KSPCB",02-05-2024 10:00:00,13.940000,75.555917,NH3,2,4,3
India,Karnataka,Shivamogga,"Vinoba Nagara, Shivamogga - KSPCB",02-05-2024 10:00:00,13.940000,75.555917,CO,6,39,15
India,Karnataka,Tumakuru,"Thimmalapura, Tumakuru - KSPCB",02-05-2024 10:00:00,13.377516,77.099072,PM2.5,44,177,80
India,Karnataka,Yadgir,"Collector Office, Yadgir - KSPCB",02-05-2024 10:00:00,16.7602,77.1428,PM2.5,49,117,67
India,Karnataka,Yadgir,"Collector Office, Yadgir - KSPCB",02-05-2024 10:00:00,16.7602,77.1428,SO2,2,88,25
India,Kerala,Eloor,"Udyogamandal, Eloor - Kerala PCB",02-05-2024 10:00:00,10.073232,76.302765,PM2.5,30,46,38
India,Kerala,Eloor,"Udyogamandal, Eloor - Kerala PCB",02-05-2024 10:00:00,10.073232,76.302765,OZONE,12,18,13
India,Kerala,Kannur,"Thavakkara, Kannur - Kerala PCB",02-05-2024 10:00:00,11.875000,75.373200,PM2.5,64,79,73
India,Kerala,Kannur,"Thavakkara, Kannur - Kerala PCB",02-05-2024 10:00:00,11.875000,75.373200,PM10,61,96,69
India,Kerala,Kannur,"Thavakkara, Kannur - Kerala PCB",02-05-2024 10:00:00,11.875000,75.373200,NH3,1,1,1
India,Kerala,Kollam,"Polayathode, Kollam - Kerala PCB",02-05-2024 10:00:00,8.8787,76.6073,PM10,74,105,82
India,Kerala,Thiruvananthapuram,"Kariavattom, Thiruvananthapuram - Kerala PCB",02-05-2024 10:00:00,8.563700,76.886500,PM2.5,78,88,82
India,Kerala,Thiruvananthapuram,"Kariavattom, Thiruvananthapuram - Kerala PCB",02-05-2024 10:00:00,8.563700,76.886500,NO2,8,10,9
India,Kerala,Thiruvananthapuram,"Kariavattom, Thiruvananthapuram - Kerala PCB",02-05-2024 10:00:00,8.563700,76.886500,NH3,1,1,1
India,Kerala,Thiruvananthapuram,"Plammoodu, Thiruvananthapuram - Kerala PCB",02-05-2024 10:00:00,8.5149093,76.9435879,OZONE,9,72,25
India,Kerala,Thrissur,"Corporation Ground, Thrissur - Kerala PCB",02-05-2024 10:00:00,10.532400,76.215900,PM10,59,69,64
India,Madhya Pradesh,Bhopal,"Idgah Hills, Bhopal - MPPCB",02-05-2024 10:00:00,23.264759,77.381568,CO,21,67,34
India,Madhya Pradesh,Bhopal,"Paryavaran Parisar, Bhopal - MPPCB",02-05-2024 10:00:00,23.210494,77.425409,SO2,9,15,11
India,Madhya Pradesh,Dewas,"Bhopal Chauraha, Dewas - MPPCB",02-05-2024 10:00:00,22.9682591,76.064118,PM10,32,83,54
India,Madhya Pradesh,Dewas,"Bhopal Chauraha, Dewas - MPPCB",02-05-2024 10:00:00,22.9682591,76.064118,CO,14,44,22
India,Madhya Pradesh,Gwalior,"Deen Dayal Nagar, Gwalior - MPPCB",02-05-2024 10:00:00,26.259242,78.216432,NH3,4,8,6
India,Madhya Pradesh,Gwalior,"Deen Dayal Nagar, Gwalior - MPPCB",02-05-2024 10:00:00,26.259242,78.216432,SO2,12,21,15
India,Madhya Pradesh,Gwalior,"Maharaj Bada, Gwalior - MPPCB",02-05-2024 10:00:00,26.200388,78.147714,NO2,12,57,30
India,Madhya Pradesh,Gwalior,"Phool Bagh, Gwalior - Mondelez Ind. Food",02-05-2024 10:00:00,26.210536,78.171,PM2.5,33,272,148
India,Madhya Pradesh,Gwalior,"Phool Bagh, Gwalior - Mondelez Ind. Food",02-05-2024 10:00:00,26.210536,78.171,CO,70,85,72
India,Madhya Pradesh,Indore,"Maguda Nagar, Indore - IMC",02-05-2024 10:00:00,22.7524,75.8872,NO2,5,7,6
India,Madhya Pradesh,Indore,"Maguda Nagar, Indore - IMC",02-05-2024 10:00:00,22.7524,75.8872,OZONE,37,51,38
India,Madhya Pradesh,Jabalpur,"Govindh Bhavan Colony, Jabalpur - JMC",02-05-2024 10:00:00,23.163174,79.973061,PM2.5,22,52,36
India,Madhya Pradesh,Jabalpur,"Govindh Bhavan Colony, Jabalpur - JMC",02-05-2024 10:00:00,23.163174,79.973061,NO2,10,35,19
India,Madhya Pradesh,Jabalpur,"Govindh Bhavan Colony, Jabalpur - JMC",02-05-2024 10:00:00,23.163174,79.973061,NH3,8,11,9
India,Madhya Pradesh,Jabalpur,"Gupteshwar, Jabalpur - JMC",02-05-2024 10:00:00,23.142888,79.916147,NO2,17,35,24
India,Madhya Pradesh,Jabalpur,"Gupteshwar, Jabalpur - JMC",02-05-2024 10:00:00,23.142888,79.916147,CO,17,42,32
India,Madhya Pradesh,Jabalpur,"Gupteshwar, Jabalpur - JMC",02-05-2024 10:00:00,23.142888,79.916147,OZONE,40,101,60
India,Madhya Pradesh,Jabalpur,"Marhatal, Jabalpur - MPPCB",02-05-2024 10:00:00,23.168606,79.932247,PM10,105,183,136
India,Madhya Pradesh,Jabalpur,"Suhagi, Jabalpur - JMC",02-05-2024 10:00:00,23.218135,79.957770,PM2.5,22,140,69
India,Madhya Pradesh,Jabalpur,"Suhagi, Jabalpur - JMC",02-05-2024 10:00:00,23.218135,79.957770,NH3,3,4,4
India,Madhya Pradesh,Katni,"Gole Bazar, Katni - MPPCB",02-05-2024 10:00:00,23.50016,80.23284,CO,6,53,25
India,Madhya Pradesh,Mandideep,"Sector-D Industrial Area, Mandideep - MPPCB",02-05-2024 10:00:00,23.108440,77.511428,OZONE,6,52,20
India,Madhya Pradesh,Pithampur,"Sector-2 Industrial Area, Pithampur - MPPCB",02-05-2024 10:00:00,22.624758,75.675238,NO2,5,17,10
India,Madhya Pradesh,Ratlam,"Shasthri Nagar, Ratlam - IPCA Lab",02-05-2024 10:00:00,23.331731,75.045981,NO2,11,42,24
India,Madhya Pradesh,Sagar,"Civil Lines, Sagar - MPPCB",02-05-2024 10:00:00,23.838586,78.759431,PM10,39,107,60
India,Madhya Pradesh,Sagar,"Deen Dayal Nagar, Sagar - MPPCB",02-05-2024 10:00:00,23.8640158,78.80289321,SO2,NA,NA,NA
India,Madhya Pradesh,Singrauli,"Suryakiran Bhawan NCL, Singrauli - MPPCB",02-05-2024 10:00:00,24.108970,82.645580,SO2,41,119,53
India,Madhya Pradesh,Singrauli,"Suryakiran Bhawan NCL, Singrauli - MPPCB",02-05-2024 10:00:00,24.108970,82.645580,CO,66,96,79
India,Madhya Pradesh,Ujjain,"Mahakaleshwar Temple, Ujjain - MPPCB",02-05-2024 10:00:00,23.182719 ,75.768218 ,CO,NA,NA,NA
India,Maharashtra,Ahmednagar,"Tarakpur, Ahmednagar - MPCB",02-05-2024 10:00:00,19.10122,74.73339,SO2,7,13,10
India,Maharashtra,Akola,"Ramdaspeth, Akola - MPCB",02-05-2024 10:00:00,20.719516,77.000253,PM2.5,27,62,44
India,Maharashtra,Akola,"Ramdaspeth, Akola - MPCB",02-05-2024 10:00:00,20.719516,77.000253,PM10,96,118,107
India,Maharashtra,Akola,"Ramdaspeth, Akola - MPCB",02-05-2024 10:00:00,20.719516,77.000253,NO2,10,35,16
India,Maharashtra,Amravati,"Shivneri Colony, Amravati - MPCB",02-05-2024 10:00:00,20.9402359,77.7895248,CO,10,52,16
India,Maharashtra,Amravati,"Shri Shivaji Science College, Amaravati - MPCB",02-05-2024 10:00:00,20.939198,77.765701,PM2.5,40,83,56
India,Maharashtra,Amravati,"Shri Shivaji Science College, Amaravati - MPCB",02-05-2024 10:00:00,20.939198,77.765701,NO2,3,121,26
India,Maharashtra,Aurangabad,"More Chowk Waluj, Aurangabad - MPCB",02-05-2024 10:00:00,19.8389439,75.244448,SO2,5,12,9
India,Maharashtra,Aurangabad,"Rachnakar Colony, Aurangabad - MPCB",02-05-2024 10:00:00,19.863756,75.321188,PM2.5,69,121,90
India,Maharashtra,Aurangabad,"Rachnakar Colony, Aurangabad - MPCB",02-05-2024 10:00:00,19.863756,75.321188,SO2,20,53,32
India,Maharashtra,Badlapur,"Katrap, Badlapur - MPCB",02-05-2024 10:00:00,19.16485,73.23409,OZONE,4,114,13
India,Maharashtra,Belapur,"CBD Belapur, Belapur - MPCB",02-05-2024 10:00:00,19.0243902,73.0406721,PM10,81,118,101
India,Maharashtra,Belapur,"CBD Belapur, Belapur - MPCB",02-05-2024 10:00:00,19.0243902,73.0406721,CO,14,32,21
India,Maharashtra,Boisar,"Khaira, Boisar - MPCB",02-05-2024 10:00:00,19.786089,72.757971,NO2,13,109,33
India,Maharashtra,Boisar,"Khaira, Boisar - MPCB",02-05-2024 10:00:00,19.786089,72.757971,SO2,46,83,57
India,Maharashtra,Chandrapur,"Chauhan Colony, Chandrapur - MPCB",02-05-2024 10:00:00,19.962900,79.298714,PM10,55,132,89
India,Maharashtra,Jalna,"Old MIDC, Jalna - MPCB",02-05-2024 10:00:00,19.854616,75.905894,OZONE,10,96,16
India,Maharashtra,Kolhapur,"Sinchan Bhavan, Kolhapur - MPCB",02-05-2024 10:00:00,16.7143745,74.2426398,PM2.5,NA,NA,NA
India,Maharashtra,Kolhapur,"Sinchan Bhavan, Kolhapur - MPCB",02-05-2024 10:00:00,16.7143745,74.2426398,NO2,6,20,11
India,Maharashtra,Mahad,"Kamble Tarf Birwadi, Mahad - MPCB",02-05-2024 10:00:00,18.1023399,73.4783687,PM2.5,38,132,69
India,Maharashtra,Mahad,"Kamble Tarf Birwadi, Mahad - MPCB",02-05-2024 10:00:00,18.1023399,73.4783687,SO2,32,115,52
India,Maharashtra,Malegaon,"Mahesh Nagar, Malegaon - MPCB",02-05-2024 10:00:00,20.555712,74.529236,PM10,75,144,107
India,Maharashtra,Mira-Bhayandar,"Bhayandar West, Mira-Bhayandar - MPCB",02-05-2024 10:00:00,19.296481,72.840923,NH3,2,4,3
India,Maharashtra,Mira-Bhayandar,"Bhayandar West, Mira-Bhayandar - MPCB",02-05-2024 10:00:00,19.296481,72.840923,CO,5,30,13
India,Maharashtra,Mumbai,"Bandra Kurla Complex, Mumbai - MPCB",02-05-2024 10:00:00,19.065931,72.862131,NO2,3,11,5
India,Maharashtra,Mumbai,"Borivali East, Mumbai - IITM",02-05-2024 10:00:00,19.23241,72.86895,PM2.5,26,59,39
India,Maharashtra,Mumbai,"Borivali East, Mumbai - IITM",02-05-2024 10:00:00,19.23241,72.86895,NH3,3,6,5
India,Maharashtra,Mumbai,"Borivali East, Mumbai - IITM",02-05-2024 10:00:00,19.23241,72.86895,OZONE,39,114,50
India,Maharashtra,Mumbai,"Borivali East, Mumbai - MPCB",02-05-2024 10:00:00,19.2243333,72.8658113,CO,2,46,16
India,Maharashtra,Mumbai,"Borivali East, Mumbai - MPCB",02-05-2024 10:00:00,19.2243333,72.8658113,OZONE,13,16,15
India,Maharashtra,Mumbai,"Chakala-Andheri East, Mumbai - IITM",02-05-2024 10:00:00,19.11074,72.86084,SO2,2,22,10
India,Maharashtra,Mumbai,"Chembur, Mumbai - MPCB",02-05-2024 10:00:00,19.0364585,72.8954371,PM2.5,25,58,43
India,Maharashtra,Mumbai,"Chhatrapati Shivaji Intl. Airport (T2), Mumbai - MPCB",02-05-2024 10:00:00,19.10078,72.87462,NH3,1,8,1
India,Maharashtra,Mumbai,"Chhatrapati Shivaji Intl. Airport (T2), Mumbai - MPCB",02-05-2024 10:00:00,19.10078,72.87462,SO2,17,24,20
India,Maharashtra,Mumbai,"Chhatrapati Shivaji Intl. Airport (T2), Mumbai - MPCB",02-05-2024 10:00:00,19.10078,72.87462,OZONE,5,8,7
India,Maharashtra,Mumbai,"Colaba, Mumbai - MPCB",02-05-2024 10:00:00,18.910000,72.820000,PM10,66,135,88
India,Maharashtra,Mumbai,"Colaba, Mumbai - MPCB",02-05-2024 10:00:00,18.910000,72.820000,SO2,10,12,11
India,Maharashtra,Mumbai,"Ghatkopar, Mumbai - BMC",02-05-2024 10:00:00,19.083694,72.920967,PM2.5,14,49,27
India,Maharashtra,Mumbai,"Kandivali East, Mumbai - MPCB",02-05-2024 10:00:00,19.205800,72.868200,OZONE,29,31,30
India,Maharashtra,Mumbai,"Kandivali West, Mumbai - BMC",02-05-2024 10:00:00,19.215859,72.831718,NO2,7,20,12
India,Maharashtra,Mumbai,"Kandivali West, Mumbai - BMC",02-05-2024 10:00:00,19.215859,72.831718,NH3,2,3,2
India,Maharashtra,Mumbai,"Kandivali West, Mumbai - BMC",02-05-2024 10:00:00,19.215859,72.831718,CO,6,16,9
India,Maharashtra,Mumbai,"Kandivali West, Mumbai - BMC",02-05-2024 10:00:00,19.215859,72.831718,OZONE,34,98,43
India,Maharashtra,Mumbai,"Khindipada-Bhandup West, Mumbai - IITM",02-05-2024 10:00:00,19.1653323,72.922099,CO,31,52,42
India,Maharashtra,Mumbai,"Kurla, Mumbai - MPCB",02-05-2024 10:00:00,19.0863,72.8888,NH3,1,2,1
India,Maharashtra,Mumbai,"Kurla, Mumbai - MPCB",02-05-2024 10:00:00,19.0863,72.8888,SO2,32,32,32
India,Maharashtra,Mumbai,"Mazgaon, Mumbai - IITM",02-05-2024 10:00:00,18.96702,72.84214,CO,12,51,22
India,Maharashtra,Mumbai,"Mazgaon, Mumbai - IITM",02-05-2024 10:00:00,18.96702,72.84214,OZONE,44,105,64
India,Maharashtra,Mumbai,"Mindspace-Malad West, Mumbai - MPCB",02-05-2024 10:00:00,19.1878657,72.8304069,PM10,47,91,69
India,Maharashtra,Mumbai,"Mindspace-Malad West, Mumbai - MPCB",02-05-2024 10:00:00,19.1878657,72.8304069,NO2,12,43,25
India,Maharashtra,Mumbai,"Navy Nagar-Colaba, Mumbai - IITM",02-05-2024 10:00:00,18.897756,72.813320,NO2,52,98,63
India,Maharashtra,Mumbai,"Powai, Mumbai - MPCB",02-05-2024 10:00:00,19.137500,72.915056,PM10,72,128,106
India,Maharashtra,Mumbai,"Sewri, Mumbai - BMC",02-05-2024 10:00:00,19.000084,72.856730,PM10,8,28,15
India,Maharashtra,Mumbai,"Shivaji Nagar, Mumbai - BMC",02-05-2024 10:00:00,19.060498,72.923356,PM2.5,NA,NA,NA
India,Maharashtra,Mumbai,"Shivaji Nagar, Mumbai - BMC",02-05-2024 10:00:00,19.060498,72.923356,PM10,NA,NA,NA
India,Maharashtra,Mumbai,"Siddharth Nagar-Worli, Mumbai - IITM",02-05-2024 10:00:00,19.000083,72.813993,NH3,3,5,4
India,Maharashtra,Mumbai,"Siddharth Nagar-Worli, Mumbai - IITM",02-05-2024 10:00:00,19.000083,72.813993,OZONE,56,95,69
India,Maharashtra,Mumbai,"Sion, Mumbai - MPCB",02-05-2024 10:00:00,19.047000,72.874600,CO,60,67,65
India,Maharashtra,Mumbai,"Vasai West, Mumbai - MPCB",02-05-2024 10:00:00,19.383200,72.820400,PM2.5,25,58,38
India,Maharashtra,Mumbai,"Vasai West, Mumbai - MPCB",02-05-2024 10:00:00,19.383200,72.820400,SO2,16,16,16
India,Maharashtra,Mumbai,"Worli, Mumbai - MPCB",02-05-2024 10:00:00,18.9936162,72.8128113,PM10,78,136,109
India,Maharashtra,Mumbai,"Worli, Mumbai - MPCB",02-05-2024 10:00:00,18.9936162,72.8128113,SO2,12,12,12
India,Maharashtra,Nagpur,"Ambazari, Nagpur - MPCB",02-05-2024 10:00:00,21.121801,79.04952,PM2.5,34,107,62
India,Maharashtra,Nagpur,"Ambazari, Nagpur - MPCB",02-05-2024 10:00:00,21.121801,79.04952,NO2,11,70,23
India,Maharashtra,Nagpur,"Ambazari, Nagpur - MPCB",02-05-2024 10:00:00,21.121801,79.04952,NH3,2,7,3
India,Maharashtra,Nagpur,"Ambazari, Nagpur - MPCB",02-05-2024 10:00:00,21.121801,79.04952,CO,7,72,17
India,Maharashtra,Nagpur,"Mahal, Nagpur - MPCB",02-05-2024 10:00:00,21.14472,79.107595,CO,20,106,36
India,Maharashtra,Nanded,"Sneh Nagar, Nanded - MPCB",02-05-2024 10:00:00,19.173852,77.296291,SO2,10,18,13
India,Maharashtra,Nashik,"Gangapur Road, Nashik - MPCB",02-05-2024 10:00:00,20.0073285,73.7762427,NO2,17,35,24
India,Maharashtra,Nashik,"Gangapur Road, Nashik - MPCB",02-05-2024 10:00:00,20.0073285,73.7762427,NH3,1,3,2
India,Maharashtra,Nashik,"Hirawadi, Nashik - MPCB",02-05-2024 10:00:00,20.021503,73.813844,NO2,7,71,19
India,Maharashtra,Nashik,"Hirawadi, Nashik - MPCB",02-05-2024 10:00:00,20.021503,73.813844,CO,12,38,16
India,Maharashtra,Nashik,"MIDC Ambad, Nashik - MPCB",02-05-2024 10:00:00,19.950220,73.731480,CO,10,40,31
India,Maharashtra,Nashik,"MIDC Ambad, Nashik - MPCB",02-05-2024 10:00:00,19.950220,73.731480,OZONE,10,108,22
India,Maharashtra,Nashik,"Pandav Nagari, Nashik - MPCB",02-05-2024 10:00:00,19.9591346,73.7788008,SO2,10,27,19
India,Maharashtra,Nashik,"Pandav Nagari, Nashik - MPCB",02-05-2024 10:00:00,19.9591346,73.7788008,CO,12,77,21
India,Maharashtra,Navi Mumbai,"Kopripada-Vashi, Navi Mumbai - MPCB",02-05-2024 10:00:00,19.090337,73.014232,CO,8,30,12
India,Maharashtra,Navi Mumbai,"Mahape, Navi Mumbai - MPCB",02-05-2024 10:00:00,19.1135051,73.008978,PM10,79,128,97
India,Maharashtra,Navi Mumbai,"Mahape, Navi Mumbai - MPCB",02-05-2024 10:00:00,19.1135051,73.008978,NO2,83,86,85
India,Maharashtra,Navi Mumbai,"Mahape, Navi Mumbai - MPCB",02-05-2024 10:00:00,19.1135051,73.008978,NH3,1,2,1
India,Maharashtra,Navi Mumbai,"Mahape, Navi Mumbai - MPCB",02-05-2024 10:00:00,19.1135051,73.008978,CO,107,111,108
India,Maharashtra,Navi Mumbai,"Nerul, Navi Mumbai - MPCB",02-05-2024 10:00:00,19.008751,73.016620,NO2,25,36,31
India,Maharashtra,Navi Mumbai,"Nerul, Navi Mumbai - MPCB",02-05-2024 10:00:00,19.008751,73.016620,NH3,2,3,2
India,Maharashtra,Navi Mumbai,"Sanpada, Navi Mumbai - MPCB",02-05-2024 10:00:00,19.0575752,73.0151367,PM2.5,27,65,43
India,Maharashtra,Navi Mumbai,"Sanpada, Navi Mumbai - MPCB",02-05-2024 10:00:00,19.0575752,73.0151367,NO2,5,22,13
India,Maharashtra,Navi Mumbai,"Sector-19A Nerul, Navi Mumbai - IITM",02-05-2024 10:00:00,19.044,73.0325,NH3,5,6,5
India,Maharashtra,Navi Mumbai,"Sector-2E Kalamboli, Navi Mumbai - MPCB",02-05-2024 10:00:00,19.02579,73.10297,PM10,58,119,92
India,Maharashtra,Navi Mumbai,"Sector-2E Kalamboli, Navi Mumbai - MPCB",02-05-2024 10:00:00,19.02579,73.10297,NH3,2,4,3
India,Maharashtra,Navi Mumbai,"Tondare-Taloja, Navi Mumbai - MPCB",02-05-2024 10:00:00,19.0630,73.1209,NO2,18,67,48
India,Maharashtra,Navi Mumbai,"Tondare-Taloja, Navi Mumbai - MPCB",02-05-2024 10:00:00,19.0630,73.1209,SO2,1,38,13
India,Maharashtra,Navi Mumbai,"Tondare-Taloja, Navi Mumbai - MPCB",02-05-2024 10:00:00,19.0630,73.1209,OZONE,2,71,7
India,Maharashtra,Parbhani,"Masoom Colony, Parbhani - MPCB",02-05-2024 10:00:00,19.265594,76.761463,OZONE,24,93,42
India,Maharashtra,Pimpri-Chinchwad,"Gavalinagar, Pimpri Chinchwad - MPCB",02-05-2024 10:00:00,18.63673,73.82487,PM10,59,118,86
India,Maharashtra,Pimpri-Chinchwad,"Gavalinagar, Pimpri Chinchwad - MPCB",02-05-2024 10:00:00,18.63673,73.82487,CO,10,34,18
India,Maharashtra,Pimpri-Chinchwad,"Park Street Wakad, Pimpri Chinchwad - MPCB",02-05-2024 10:00:00,18.59051,73.77946,NO2,40,88,53
India,Maharashtra,Pimpri-Chinchwad,"Park Street Wakad, Pimpri Chinchwad - MPCB",02-05-2024 10:00:00,18.59051,73.77946,NH3,5,10,6
India,Maharashtra,Pimpri-Chinchwad,"Park Street Wakad, Pimpri Chinchwad - MPCB",02-05-2024 10:00:00,18.59051,73.77946,OZONE,4,111,34
India,Maharashtra,Pune,"Bhosari, Pune - IITM",02-05-2024 10:00:00,18.640051,73.848956,PM2.5,18,67,38
India,Maharashtra,Pune,"Bhosari, Pune - IITM",02-05-2024 10:00:00,18.640051,73.848956,OZONE,14,95,33
India,Maharashtra,Pune,"Karve Road, Pune - MPCB",02-05-2024 10:00:00,18.5011743,73.8165527,PM2.5,24,153,64
India,Maharashtra,Pune,"Katraj Dairy, Pune - MPCB",02-05-2024 10:00:00,18.454450,73.854155,SO2,4,11,7
India,Maharashtra,Pune,"Revenue Colony-Shivajinagar, Pune - IITM",02-05-2024 10:00:00,18.530085,73.849598,PM2.5,33,70,49
India,Maharashtra,Sangli,"Vijay Nagar, Sangli - MPCB",02-05-2024 10:00:00, 16.5038,74.3623,PM10,67,88,77
India,Maharashtra,Solapur,"Dnyaneshwar Nagar, Solapur - MPCB",02-05-2024 10:00:00,17.6336264,75.9132495,PM10,93,142,117
India,Maharashtra,Solapur,"Dnyaneshwar Nagar, Solapur - MPCB",02-05-2024 10:00:00,17.6336264,75.9132495,CO,10,66,16
India,Maharashtra,Solapur,"Dnyaneshwar Nagar, Solapur - MPCB",02-05-2024 10:00:00,17.6336264,75.9132495,OZONE,30,100,59
India,Maharashtra,Solapur,"Ratandeep Housing Society, Solapur - MPCB",02-05-2024 10:00:00,17.65439,75.90649,NO2,25,94,46
India,Maharashtra,Solapur,"Ratandeep Housing Society, Solapur - MPCB",02-05-2024 10:00:00,17.65439,75.90649,OZONE,45,131,62
India,Maharashtra,Solapur,"Solapur, Solapur - MPCB",02-05-2024 10:00:00,17.6599188,75.9063906,PM10,120,120,120
India,Maharashtra,Thane,"Kasarvadavali, Thane - MPCB",02-05-2024 10:00:00,19.26777,72.97182,NO2,17,46,30
India,Maharashtra,Thane,"Kasarvadavali, Thane - MPCB",02-05-2024 10:00:00,19.26777,72.97182,SO2,1,9,4
India,Maharashtra,Thane,"Kasarvadavali, Thane - MPCB",02-05-2024 10:00:00,19.26777,72.97182,OZONE,9,88,28
India,Maharashtra,Thane,"Upvan Fort, Thane - MPCB",02-05-2024 10:00:00,19.222279,72.957979,PM10,56,90,76
India,Maharashtra,Thane,"Upvan Fort, Thane - MPCB",02-05-2024 10:00:00,19.222279,72.957979,SO2,17,34,22
India,Maharashtra,Ulhasnagar,"Sidhi Vinayak Nagar, Ulhasnagar - MPCB",02-05-2024 10:00:00,19.235581,73.159121,NH3,1,2,2
India,Maharashtra,Virar,"Bolinj, Virar - MPCB",02-05-2024 10:00:00,19.4458210,72.7988231,NH3,9,9,9
India,Manipur,Imphal,"DM College of Science, Imphal - Manipur PCB",02-05-2024 10:00:00,24.8207389,93.9423085,NH3,2,2,2
India,Manipur,Imphal,"Manipur University, Imphal - Manipur PCB",02-05-2024 10:00:00,24.7524239,93.9286218,NH3,1,1,1
India,Nagaland,Kohima,"PWD Juction, Kohima - NPCB",02-05-2024 10:00:00,25.6635413,94.0989878,PM2.5,NA,NA,NA
India,Nagaland,Kohima,"PWD Juction, Kohima - NPCB",02-05-2024 10:00:00,25.6635413,94.0989878,NO2,NA,NA,NA
India,Nagaland,Kohima,"PWD Juction, Kohima - NPCB",02-05-2024 10:00:00,25.6635413,94.0989878,CO,2,9,6
India,Odisha,Angul,"Hakimapada, Angul - OSPCB",02-05-2024 10:00:00,20.832874,85.104082,OZONE,13,130,42
India,Odisha,Barbil,"Forest Office, Barbil - OSPCB",02-05-2024 10:00:00,22.1166054,85.3945546,PM10,126,338,162
India,Odisha,Baripada,"Meher Colony, Baripada - OSPCB",02-05-2024 10:00:00,21.941841,86.728318,PM10,NA,NA,NA
India,Odisha,Baripada,"Meher Colony, Baripada - OSPCB",02-05-2024 10:00:00,21.941841,86.728318,SO2,NA,NA,NA
India,Odisha,Bhubaneswar,"Lingraj Mandir, Bhubaneswar - OSPCB",02-05-2024 10:00:00,20.240790,85.836784,PM2.5,17,318,76
India,Odisha,Bhubaneswar,"Lingraj Mandir, Bhubaneswar - OSPCB",02-05-2024 10:00:00,20.240790,85.836784,PM10,13,153,50
India,Odisha,Bhubaneswar,"Lingraj Mandir, Bhubaneswar - OSPCB",02-05-2024 10:00:00,20.240790,85.836784,NH3,2,3,3
India,Odisha,Bhubaneswar,"Lingraj Mandir, Bhubaneswar - OSPCB",02-05-2024 10:00:00,20.240790,85.836784,SO2,2,10,4
India,Odisha,Bhubaneswar,"Patia, Bhubaneswar - OSPCB",02-05-2024 10:00:00,20.34652,85.81630,PM2.5,3,130,35
India,Odisha,Bhubaneswar,"Patia, Bhubaneswar - OSPCB",02-05-2024 10:00:00,20.34652,85.81630,SO2,1,15,5
India,Odisha,Bileipada,"Tata Township, Bileipada - OSPCB",02-05-2024 10:00:00,22.06156703,85.47409613,CO,11,55,44
India,Odisha,Byasanagar,"Ferro Chrome Colony, Byasanagar - OSPCB",02-05-2024 10:00:00,20.94185,86.11510,PM10,46,421,121
India,Odisha,Cuttack,"CDA Area, Cuttack - OSPCB",02-05-2024 10:00:00,20.48891     ,85.84768     ,NO2,14,36,21
India,Odisha,Cuttack,"CDA Area, Cuttack - OSPCB",02-05-2024 10:00:00,20.48891     ,85.84768     ,CO,12,31,19
India,Odisha,Keonjhar,"Jagamohanpur, Keonjhar - OSPCB",02-05-2024 10:00:00,21.643900,85.599355,SO2,7,10,7
India,Odisha,Nayagarh,"Dabuna, Nayagarh - OSPCB",02-05-2024 10:00:00,21.847279,85.416905,NO2,3,3,3
India,Odisha,Nayagarh,"Dabuna, Nayagarh - OSPCB",02-05-2024 10:00:00,21.847279,85.416905,OZONE,3,39,17
India,Odisha,Rourkela,"Raghunathpali, Rourkela - OSPCB",02-05-2024 10:00:00,22.220833,84.809444,NO2,20,136,72
India,Odisha,Rourkela,"Raghunathpali, Rourkela - OSPCB",02-05-2024 10:00:00,22.220833,84.809444,SO2,7,10,8
India,Odisha,Rourkela,"Raghunathpali, Rourkela - OSPCB",02-05-2024 10:00:00,22.220833,84.809444,OZONE,5,177,28
India,Odisha,Rourkela,"Sector-2, Rourkela - OSPCB",02-05-2024 10:00:00,22.24500000,84.88111111,PM10,67,107,82
India,Odisha,Suakati,"OMC Colony, Suakati - OSPCB",02-05-2024 10:00:00,21.606865,85.510538,PM2.5,94,186,130
India,Odisha,Talcher,"Talcher Coalfields,Talcher - OSPCB",02-05-2024 10:00:00,20.9360711,85.1707021,NH3,3,4,3
India,Puducherry,Puducherry,"Jawahar Nagar, Puducherry - PPCC",02-05-2024 10:00:00,11.9309,79.8027,PM2.5,2,94,19
India,Punjab,Amritsar,"Golden Temple, Amritsar - PPCB",02-05-2024 10:00:00,31.620000,74.876512,CO,15,86,45
India,Punjab,Khanna,"Kalal Majra, Khanna - PPCB",02-05-2024 10:00:00,30.736056 ,76.209694,NO2,39,41,41
India,Punjab,Ludhiana,"Punjab Agricultural University, Ludhiana - PPCB",02-05-2024 10:00:00,30.9028,75.8086,CO,12,42,29
India,Punjab,Mandi Gobindgarh,"RIMT University, Mandi Gobindgarh - PPCB",02-05-2024 10:00:00,30.649961,76.331442,NH3,6,6,6
India,Punjab,Rupnagar,"Ratanpura, Rupnagar - Ambuja Cements",02-05-2024 10:00:00,31.0325454,76.5623046,PM10,77,138,106
India,Punjab,Rupnagar,"Ratanpura, Rupnagar - Ambuja Cements",02-05-2024 10:00:00,31.0325454,76.5623046,CO,17,38,30
India,Rajasthan,Ajmer,"Civil Lines,  Ajmer - RSPCB",02-05-2024 10:00:00,26.470859,74.646594,PM2.5,47,92,73
India,Rajasthan,Ajmer,"Civil Lines,  Ajmer - RSPCB",02-05-2024 10:00:00,26.470859,74.646594,NH3,8,11,10
India,Rajasthan,Ajmer,"Civil Lines,  Ajmer - RSPCB",02-05-2024 10:00:00,26.470859,74.646594,SO2,9,14,12
India,Rajasthan,Alwar,"Moti Doongri, Alwar - RSPCB",02-05-2024 10:00:00,27.554793,76.611536,PM2.5,54,108,71
India,Rajasthan,Alwar,"Moti Doongri, Alwar - RSPCB",02-05-2024 10:00:00,27.554793,76.611536,PM10,71,119,94
India,Rajasthan,Alwar,"Moti Doongri, Alwar - RSPCB",02-05-2024 10:00:00,27.554793,76.611536,NH3,4,8,5
India,Rajasthan,Alwar,"Moti Doongri, Alwar - RSPCB",02-05-2024 10:00:00,27.554793,76.611536,OZONE,12,29,16
India,Rajasthan,Banswara,"Rati Talai, Banswara - RSPCB",02-05-2024 10:00:00,23.555190,74.440010,NH3,2,5,4
India,Rajasthan,Baran,"Bamboliya, Baran - RSPCB",02-05-2024 10:00:00,25.106006,76.469948,SO2,3,21,8
India,Rajasthan,Barmer,"Railway Colony, Barmer - RSPCB",02-05-2024 10:00:00,25.747299,71.393989,PM10,90,159,123
India,Rajasthan,Barmer,"Railway Colony, Barmer - RSPCB",02-05-2024 10:00:00,25.747299,71.393989,NO2,5,18,9
India,Rajasthan,Barmer,"Railway Colony, Barmer - RSPCB",02-05-2024 10:00:00,25.747299,71.393989,SO2,4,18,7
India,Rajasthan,Bharatpur,"Krishna Nagar, Bharatpur - RSPCB",02-05-2024 10:00:00,27.215415,77.50873,PM10,138,307,186
India,Rajasthan,Bharatpur,"Krishna Nagar, Bharatpur - RSPCB",02-05-2024 10:00:00,27.215415,77.50873,NO2,7,56,27
India,Rajasthan,Bharatpur,"Krishna Nagar, Bharatpur - RSPCB",02-05-2024 10:00:00,27.215415,77.50873,NH3,1,7,4
India,Rajasthan,Bharatpur,"Krishna Nagar, Bharatpur - RSPCB",02-05-2024 10:00:00,27.215415,77.50873,CO,29,72,42
India,Rajasthan,Bhilwara,"Pratap Nagar, Bhilwara - RSPCB",02-05-2024 10:00:00,25.339605,74.618883,PM2.5,33,87,51
India,Rajasthan,Bhilwara,"Pratap Nagar, Bhilwara - RSPCB",02-05-2024 10:00:00,25.339605,74.618883,SO2,10,51,16
India,Rajasthan,Bundi,"New Colony, Bundi - RSPCB",02-05-2024 10:00:00,25.435774,75.644272,PM2.5,23,144,74
India,Rajasthan,Bundi,"New Colony, Bundi - RSPCB",02-05-2024 10:00:00,25.435774,75.644272,NH3,3,4,3
India,Rajasthan,Bundi,"New Colony, Bundi - RSPCB",02-05-2024 10:00:00,25.435774,75.644272,SO2,4,10,6
India,Rajasthan,Chittorgarh,"Shastri Nagar, Chittorgarh - RSPCB",02-05-2024 10:00:00,24.892047,74.623527,NO2,13,97,48
India,Rajasthan,Chittorgarh,"Shastri Nagar, Chittorgarh - RSPCB",02-05-2024 10:00:00,24.892047,74.623527,CO,5,66,32
India,Rajasthan,Chittorgarh,"Shastri Nagar, Chittorgarh - RSPCB",02-05-2024 10:00:00,24.892047,74.623527,OZONE,1,135,32
India,Rajasthan,Churu,"Subash Chowk, Churu - RSPCB",02-05-2024 10:00:00,28.296139,74.961696,CO,NA,NA,NA
India,Rajasthan,Churu,"Subash Chowk, Churu - RSPCB",02-05-2024 10:00:00,28.296139,74.961696,OZONE,NA,NA,NA
India,Rajasthan,Dholpur,"Raja Ganj, Dholpur - RSPCB",02-05-2024 10:00:00,26.699557,77.898881,PM10,131,436,187
India,Rajasthan,Hanumangarh,"Housing Board, Hanumangarh - RSPCB",02-05-2024 10:00:00,29.610750,74.283608,NO2,9,73,31
India,Rajasthan,Hanumangarh,"Housing Board, Hanumangarh - RSPCB",02-05-2024 10:00:00,29.610750,74.283608,SO2,4,35,14
India,Rajasthan,Hanumangarh,"Housing Board, Hanumangarh - RSPCB",02-05-2024 10:00:00,29.610750,74.283608,CO,2,65,22
India,Rajasthan,Jaipur,"Mansarovar Sector-12, Jaipur - RSPCB",02-05-2024 10:00:00,26.843698,75.766894,PM2.5,28,65,46
India,Rajasthan,Jaipur,"Mansarovar Sector-12, Jaipur - RSPCB",02-05-2024 10:00:00,26.843698,75.766894,NO2,8,59,17
India,Rajasthan,Jaipur,"Mansarovar Sector-12, Jaipur - RSPCB",02-05-2024 10:00:00,26.843698,75.766894,CO,7,35,23
India,Rajasthan,Jaipur,"Mansarovar Sector-12, Jaipur - RSPCB",02-05-2024 10:00:00,26.843698,75.766894,OZONE,70,135,106
India,Rajasthan,Jaipur,"Police Commissionerate, Jaipur - RSPCB",02-05-2024 10:00:00,26.9164092,75.7994901,PM2.5,52,151,88
India,Rajasthan,Jaipur,"Police Commissionerate, Jaipur - RSPCB",02-05-2024 10:00:00,26.9164092,75.7994901,PM10,110,199,136
India,Rajasthan,Jaipur,"Police Commissionerate, Jaipur - RSPCB",02-05-2024 10:00:00,26.9164092,75.7994901,NO2,13,83,37
India,Rajasthan,Jaipur,"RIICO Sitapura, Jaipur - RSPCB",02-05-2024 10:00:00,26.786682,75.827928,PM2.5,20,74,42
India,Rajasthan,Jaipur,"RIICO Sitapura, Jaipur - RSPCB",02-05-2024 10:00:00,26.786682,75.827928,NO2,11,80,32
India,Rajasthan,Jaipur,"Sector-2 Murlipura, Jaipur - RSPCB",02-05-2024 10:00:00,26.960669,75.771817,SO2,5,75,19
India,Rajasthan,Jaipur,"Shastri Nagar, Jaipur - RSPCB",02-05-2024 10:00:00,26.9502929,75.730943,PM2.5,57,203,90
India,Rajasthan,Jhalawar,"Rajlaxmi Nagar, Jhalawar - RSPCB",02-05-2024 10:00:00,24.588397,76.172782,CO,19,72,43
India,Rajasthan,Jhalawar,"Rajlaxmi Nagar, Jhalawar - RSPCB",02-05-2024 10:00:00,24.588397,76.172782,OZONE,20,109,62
India,Rajasthan,Jodhpur,"Digari Kalan, Jodhpur - RSPCB",02-05-2024 10:00:00,26.295810,73.082283,NO2,5,48,19
India,Rajasthan,Jodhpur,"Mandor, Jodhpur - RSPCB",02-05-2024 10:00:00,26.358805,73.047444,NO2,12,60,32
India,Rajasthan,Jodhpur,"Mandor, Jodhpur - RSPCB",02-05-2024 10:00:00,26.358805,73.047444,SO2,3,8,5
India,Rajasthan,Jodhpur,"Mandor, Jodhpur - RSPCB",02-05-2024 10:00:00,26.358805,73.047444,CO,11,20,19
India,Rajasthan,Jodhpur,"Samrat Ashok Udhyan, Jodhpur - RSPCB",02-05-2024 10:00:00,26.253384,72.976571,PM2.5,17,57,35
India,Rajasthan,Karauli,"Satyawati Vihar, Karauli - RSPCB",02-05-2024 10:00:00,26.506177,77.025989,PM2.5,28,78,50
India,Rajasthan,Karauli,"Satyawati Vihar, Karauli - RSPCB",02-05-2024 10:00:00,26.506177,77.025989,SO2,19,30,24
India,Rajasthan,Kota,"Nayapura, Kota - RSPCB",02-05-2024 10:00:00,25.196024,75.855668,OZONE,5,132,51
India,Rajasthan,Nagaur,"Karni Colony, Nagaur - RSPCB",02-05-2024 10:00:00,27.213494,73.734444,NH3,6,19,8
India,Rajasthan,Nagaur,"Karni Colony, Nagaur - RSPCB",02-05-2024 10:00:00,27.213494,73.734444,OZONE,59,98,79
India,Rajasthan,Pali,"Indira Colony Vistar, Pali - RSPCB",02-05-2024 10:00:00,25.771061, 73.340227,NO2,19,56,29
India,Rajasthan,Pratapgarh,"Pragati Nagar, Pratapgarh - RSPCB",02-05-2024 10:00:00,24.041198,74.780702,PM2.5,19,62,43
India,Rajasthan,Pratapgarh,"Pragati Nagar, Pratapgarh - RSPCB",02-05-2024 10:00:00,24.041198,74.780702,CO,6,34,20
India,Rajasthan,Rajsamand,"Dhoinda, Rajsamand - RSPCB",02-05-2024 10:00:00,25.036360,73.883502,SO2,11,41,25
India,Rajasthan,Rajsamand,"Dhoinda, Rajsamand - RSPCB",02-05-2024 10:00:00,25.036360,73.883502,OZONE,55,92,75
India,Rajasthan,Sawai Madhopur,"Sahu Nagar, Sawai Madhopur - RSPCB",02-05-2024 10:00:00,26.031443,76.359327,PM10,106,183,136
India,Rajasthan,Sikar,"Radhakishan Pura, Sikar - RSPCB",02-05-2024 10:00:00,27.608912,75.153302,OZONE,46,91,72
India,Rajasthan,Sirohi,"Vedhaynath Colony, Sirohi - RSPCB",02-05-2024 10:00:00,24.885261,72.857549,PM2.5,31,192,68
India,Rajasthan,Sirohi,"Vedhaynath Colony, Sirohi - RSPCB",02-05-2024 10:00:00,24.885261,72.857549,NO2,6,113,36
India,Rajasthan,Sri Ganganagar,"Old City, Sri Ganganagar - RSPCB",02-05-2024 10:00:00,29.931624,73.864511,PM10,121,351,201
India,Rajasthan,Sri Ganganagar,"Old City, Sri Ganganagar - RSPCB",02-05-2024 10:00:00,29.931624,73.864511,CO,1,101,86
India,Rajasthan,Sri Ganganagar,"Old City, Sri Ganganagar - RSPCB",02-05-2024 10:00:00,29.931624,73.864511,OZONE,5,87,27
India,Rajasthan,Tonk,"Shastri Nagar, Tonk - RSPCB",02-05-2024 10:00:00,26.159933,75.780517,PM10,90,199,131
India,Rajasthan,Tonk,"Shastri Nagar, Tonk - RSPCB",02-05-2024 10:00:00,26.159933,75.780517,NO2,8,48,19
India,Rajasthan,Tonk,"Shastri Nagar, Tonk - RSPCB",02-05-2024 10:00:00,26.159933,75.780517,CO,12,32,24
India,Rajasthan,Udaipur,"Ashok Nagar, Udaipur - RSPCB",02-05-2024 10:00:00,24.5886166,73.6321397,NO2,30,58,42
India,Sikkim,Gangtok,"Zero Point GICI, Gangtok - SSPCB",02-05-2024 10:00:00,27.338530,88.614099,SO2,11,13,12
India,TamilNadu,Ariyalur,"Keelapalur, Ariyalur - TNPCB",02-05-2024 10:00:00,11.06825,79.07033,PM10,12,46,28
India,TamilNadu,Chennai,"Alandur Bus Depot, Chennai - CPCB",02-05-2024 10:00:00,12.9099161,80.1076538,PM10,NA,NA,NA
India,TamilNadu,Chennai,"Arumbakkam, Chennai - TNPCB",02-05-2024 10:00:00,13.0664,80.2112 ,PM10,8,76,39
India,TamilNadu,Chennai,"Kodungaiyur, Chennai - TNPCB",02-05-2024 10:00:00,13.1278,80.2642,NH3,4,7,6
India,TamilNadu,Chennai,"Kodungaiyur, Chennai - TNPCB",02-05-2024 10:00:00,13.1278,80.2642,OZONE,37,94,53
India,TamilNadu,Chennai,"Manali, Chennai - CPCB",02-05-2024 10:00:00,13.164544,80.26285,NO2,6,10,9
India,TamilNadu,Chennai,"Perungudi, Chennai - TNPCB",02-05-2024 10:00:00,12.9533,80.2357,CO,6,84,15
India,TamilNadu,Chennai,"Perungudi, Chennai - TNPCB",02-05-2024 10:00:00,12.9533,80.2357,OZONE,4,9,6
India,TamilNadu,Chennai,"Royapuram, Chennai - TNPCB",02-05-2024 10:00:00,13.1036,80.2909,CO,14,34,20
India,TamilNadu,Chennai,"Velachery Res. Area, Chennai - CPCB",02-05-2024 10:00:00,13.0052189,80.2398125,NH3,11,19,14
India,TamilNadu,Coimbatore,"PSG College of Arts and Science, Coimbatore - TNPCB",02-05-2024 10:00:00,11.0328,77.0349,PM2.5,NA,NA,NA
India,TamilNadu,Coimbatore,"PSG College of Arts and Science, Coimbatore - TNPCB",02-05-2024 10:00:00,11.0328,77.0349,NO2,NA,NA,NA
India,TamilNadu,Coimbatore,"PSG College of Arts and Science, Coimbatore - TNPCB",02-05-2024 10:00:00,11.0328,77.0349,CO,NA,NA,NA
India,TamilNadu,Coimbatore,"PSG College of Arts and Science, Coimbatore - TNPCB",02-05-2024 10:00:00,11.0328,77.0349,OZONE,NA,NA,NA
India,TamilNadu,Ooty,"Bombay Castel, Ooty - TNPCB",02-05-2024 10:00:00,11.4068288,76.7138973,OZONE,5,6,6
India,TamilNadu,Palkalaiperur,"Bharathidasan University, Palkalaiperur - TNPCB",02-05-2024 10:00:00,10.681158,78.741746,PM2.5,12,35,19
India,TamilNadu,Palkalaiperur,"Bharathidasan University, Palkalaiperur - TNPCB",02-05-2024 10:00:00,10.681158,78.741746,CO,2,14,5
India,TamilNadu,Ramanathapuram,"Chalai Bazaar, Ramanathapuram - TNPCB",02-05-2024 10:00:00,9.36399,78.831977,CO,2,8,4
India,TamilNadu,Ramanathapuram,"Chalai Bazaar, Ramanathapuram - TNPCB",02-05-2024 10:00:00,9.36399,78.831977,OZONE,13,14,14
India,TamilNadu,Thoothukudi,"Meelavittan, Thoothukudi - TNPCB",02-05-2024 10:00:00,8.816428 ,78.099039,PM10,31,148,70
India,TamilNadu,Thoothukudi,"Meelavittan, Thoothukudi - TNPCB",02-05-2024 10:00:00,8.816428 ,78.099039,SO2,NA,NA,NA
India,TamilNadu,Thoothukudi,"Meelavittan, Thoothukudi - TNPCB",02-05-2024 10:00:00,8.816428 ,78.099039,OZONE,17,103,63
India,Telangana,Hyderabad,"Bollaram Industrial Area, Hyderabad - TSPCB",02-05-2024 10:00:00,17.540891,78.358528,SO2,21,103,45
India,Telangana,Hyderabad,"ICRISAT Patancheru, Hyderabad - TSPCB",02-05-2024 10:00:00,17.518400,78.278777,SO2,17,52,35
India,Telangana,Hyderabad,"ICRISAT Patancheru, Hyderabad - TSPCB",02-05-2024 10:00:00,17.518400,78.278777,CO,5,106,62
India,Telangana,Hyderabad,"ICRISAT Patancheru, Hyderabad - TSPCB",02-05-2024 10:00:00,17.518400,78.278777,OZONE,31,31,31
India,Telangana,Hyderabad,"IITH Kandi, Hyderabad - TSPCB",02-05-2024 10:00:00,17.585705,78.126199,PM10,55,95,73
India,Telangana,Hyderabad,"IITH Kandi, Hyderabad - TSPCB",02-05-2024 10:00:00,17.585705,78.126199,NH3,5,7,5
India,Telangana,Hyderabad,"IITH Kandi, Hyderabad - TSPCB",02-05-2024 10:00:00,17.585705,78.126199,SO2,4,9,5
India,Telangana,Hyderabad,"Kokapet, Hyderabad - TSPCB",02-05-2024 10:00:00,17.393559,78.339194,OZONE,3,7,4
India,Telangana,Hyderabad,"Kompally Municipal Office, Hyderabad - TSPCB",02-05-2024 10:00:00,17.544899,78.486949,NH3,5,6,6
India,Telangana,Hyderabad,"Kompally Municipal Office, Hyderabad - TSPCB",02-05-2024 10:00:00,17.544899,78.486949,SO2,2,49,17
India,Telangana,Hyderabad,"Kompally Municipal Office, Hyderabad - TSPCB",02-05-2024 10:00:00,17.544899,78.486949,OZONE,2,68,20
India,Telangana,Hyderabad,"Nacharam_TSIIC IALA, Hyderabad - TSPCB",02-05-2024 10:00:00,17.429398,78.569354,PM2.5,50,56,56
India,Telangana,Hyderabad,"Nacharam_TSIIC IALA, Hyderabad - TSPCB",02-05-2024 10:00:00,17.429398,78.569354,OZONE,32,54,33
India,Telangana,Hyderabad,"New Malakpet, Hyderabad - TSPCB",02-05-2024 10:00:00,17.37206,78.50864,CO,17,105,24
India,Telangana,Hyderabad,"Ramachandrapuram, Hyderabad - TSPCB",02-05-2024 10:00:00,17.528544,78.286195,NO2,10,11,10
India,Telangana,Hyderabad,"Ramachandrapuram, Hyderabad - TSPCB",02-05-2024 10:00:00,17.528544,78.286195,NH3,3,4,3
India,Telangana,Hyderabad,"Ramachandrapuram, Hyderabad - TSPCB",02-05-2024 10:00:00,17.528544,78.286195,CO,15,102,52
India,Telangana,Hyderabad,"Ramachandrapuram, Hyderabad - TSPCB",02-05-2024 10:00:00,17.528544,78.286195,OZONE,1,63,20
India,Telangana,Hyderabad,"Sanathnagar, Hyderabad - TSPCB",02-05-2024 10:00:00,17.4559458,78.4332152,PM2.5,50,265,89
India,Telangana,Hyderabad,"Sanathnagar, Hyderabad - TSPCB",02-05-2024 10:00:00,17.4559458,78.4332152,CO,24,56,50
India,Telangana,Hyderabad,"Somajiguda, Hyderabad - TSPCB",02-05-2024 10:00:00,17.417094,78.457437,NO2,26,71,41
India,Tripura,Agartala,"Bardowali, Agartala - Tripura SPCB",02-05-2024 10:00:00,23.8175497,91.2726974,PM2.5,39,99,66
India,Tripura,Agartala,"Bardowali, Agartala - Tripura SPCB",02-05-2024 10:00:00,23.8175497,91.2726974,NH3,1,2,2
India,Tripura,Agartala,"Bardowali, Agartala - Tripura SPCB",02-05-2024 10:00:00,23.8175497,91.2726974,SO2,30,32,31
India,Uttar_Pradesh,Agra,"Manoharpur, Agra - UPPCB",02-05-2024 10:00:00,27.23711,78.01936,PM10,19,82,46
India,Uttar_Pradesh,Agra,"Rohta, Agra - UPPCB",02-05-2024 10:00:00,27.106972,78.000111,PM10,13,89,44
India,Uttar_Pradesh,Agra,"Rohta, Agra - UPPCB",02-05-2024 10:00:00,27.106972,78.000111,SO2,3,11,7
India,Uttar_Pradesh,Agra,"Rohta, Agra - UPPCB",02-05-2024 10:00:00,27.106972,78.000111,OZONE,13,15,15
India,Uttar_Pradesh,Agra,"Sanjay Palace, Agra - UPPCB",02-05-2024 10:00:00,27.19865833,78.00598056,PM10,7,500,60
India,Uttar_Pradesh,Agra,"Sanjay Palace, Agra - UPPCB",02-05-2024 10:00:00,27.19865833,78.00598056,OZONE,1,22,9
India,Uttar_Pradesh,Agra,"Shahjahan Garden, Agra - UPPCB",02-05-2024 10:00:00,27.169338,78.03582,NH3,2,3,2
India,Uttar_Pradesh,Agra,"Shastripuram, Agra - UPPCB",02-05-2024 10:00:00,27.19862,77.92066,PM2.5,17,117,60
India,Uttar_Pradesh,Baghpat,"Sardar Patel Inter College, Baghpat - UPPCB",02-05-2024 10:00:00,28.964949,77.278761,PM10,118,332,205
India,Uttar_Pradesh,Baghpat,"Sardar Patel Inter College, Baghpat - UPPCB",02-05-2024 10:00:00,28.964949,77.278761,NH3,1,5,3
India,Uttar_Pradesh,Bareilly,"Civil Lines, Bareilly - UPPCB",02-05-2024 10:00:00,28.359581,79.414455,PM10,6,11,9
India,Uttar_Pradesh,Bareilly,"Civil Lines, Bareilly - UPPCB",02-05-2024 10:00:00,28.359581,79.414455,CO,15,34,21
India,Uttar_Pradesh,Bareilly,"Rajendra Nagar, Bareilly - UPPCB",02-05-2024 10:00:00,28.38910936,79.42963708,PM2.5,19,36,25
India,Uttar_Pradesh,Firozabad,"Nagla Bhau, Firozabad - UPPCB",02-05-2024 10:00:00,27.168897,78.376960,PM10,39,148,82
India,Uttar_Pradesh,Firozabad,"Nagla Bhau, Firozabad - UPPCB",02-05-2024 10:00:00,27.168897,78.376960,NH3,2,2,2
India,Uttar_Pradesh,Firozabad,"Nagla Bhau, Firozabad - UPPCB",02-05-2024 10:00:00,27.168897,78.376960,CO,24,32,29
India,Uttar_Pradesh,Firozabad,"Vibhab Nagar, Firozabad - UPPCB",02-05-2024 10:00:00,27.1594,78.3953,PM10,NA,NA,NA
India,Uttar_Pradesh,Firozabad,"Vibhab Nagar, Firozabad - UPPCB",02-05-2024 10:00:00,27.1594,78.3953,CO,11,28,26
India,Uttar_Pradesh,Firozabad,"Vibhab Nagar, Firozabad - UPPCB",02-05-2024 10:00:00,27.1594,78.3953,OZONE,3,13,12
India,Uttar_Pradesh,Ghaziabad,"Indirapuram, Ghaziabad - UPPCB",02-05-2024 10:00:00,28.646233,77.358075,PM2.5,30,210,87
India,Uttar_Pradesh,Ghaziabad,"Loni, Ghaziabad - UPPCB",02-05-2024 10:00:00,28.757294,77.278792,SO2,2,35,19
India,Uttar_Pradesh,Ghaziabad,"Sanjay Nagar, Ghaziabad - UPPCB",02-05-2024 10:00:00,28.685382,77.453839,CO,22,52,34
India,Uttar_Pradesh,Gorakhpur,"Madan Mohan Malaviya University of Technology, Gorakhpur - UPPCB",02-05-2024 10:00:00,26.730136,83.433859,PM2.5,43,217,101
India,Uttar_Pradesh,Gorakhpur,"Madan Mohan Malaviya University of Technology, Gorakhpur - UPPCB",02-05-2024 10:00:00,26.730136,83.433859,NH3,1,1,1
India,Uttar_Pradesh,Gorakhpur,"Madan Mohan Malaviya University of Technology, Gorakhpur - UPPCB",02-05-2024 10:00:00,26.730136,83.433859,OZONE,10,65,43
India,Uttar_Pradesh,Greater Noida,"Knowledge Park - III, Greater Noida - UPPCB",02-05-2024 10:00:00,28.47272,77.482000,PM10,137,416,207
India,Uttar_Pradesh,Greater Noida,"Knowledge Park - V, Greater Noida - UPPCB",02-05-2024 10:00:00,28.557054,77.453663,NH3,2,5,3
India,Uttar_Pradesh,Greater Noida,"Knowledge Park - V, Greater Noida - UPPCB",02-05-2024 10:00:00,28.557054,77.453663,CO,7,54,41
India,Uttar_Pradesh,Hapur,"Anand Vihar, Hapur - UPPCB",02-05-2024 10:00:00,28.725645,77.749675,PM2.5,14,298,93
India,Uttar_Pradesh,Hapur,"Anand Vihar, Hapur - UPPCB",02-05-2024 10:00:00,28.725645,77.749675,NO2,3,48,14
India,Uttar_Pradesh,Hapur,"Anand Vihar, Hapur - UPPCB",02-05-2024 10:00:00,28.725645,77.749675,NH3,2,4,3
India,Uttar_Pradesh,Kanpur,"FTI Kidwai Nagar, Kanpur - UPPCB",02-05-2024 10:00:00,26.428282,80.327067,NH3,2,3,2
India,Uttar_Pradesh,Kanpur,"NSI Kalyanpur, Kanpur - UPPCB",02-05-2024 10:00:00,26.509954,80.249612,PM2.5,41,99,71
India,Uttar_Pradesh,Kanpur,"NSI Kalyanpur, Kanpur - UPPCB",02-05-2024 10:00:00,26.509954,80.249612,NO2,19,19,19
India,Uttar_Pradesh,Kanpur,"NSI Kalyanpur, Kanpur - UPPCB",02-05-2024 10:00:00,26.509954,80.249612,OZONE,14,47,23
India,Uttar_Pradesh,Kanpur,"Nehru Nagar, Kanpur - UPPCB",02-05-2024 10:00:00,26.4703136,80.3229863,PM2.5,29,97,65
India,Uttar_Pradesh,Kanpur,"Nehru Nagar, Kanpur - UPPCB",02-05-2024 10:00:00,26.4703136,80.3229863,SO2,7,12,10
India,Uttar_Pradesh,Khurja,"Kalindi Kunj, Khurja - UPPCB",02-05-2024 10:00:00,28.2348927,77.8683002,PM2.5,40,210,99
India,Uttar_Pradesh,Khurja,"Kalindi Kunj, Khurja - UPPCB",02-05-2024 10:00:00,28.2348927,77.8683002,SO2,49,66,56
India,Uttar_Pradesh,Lucknow,"B R Ambedkar University, Lucknow - UPPCB",02-05-2024 10:00:00,26.766433,80.927299,NH3,4,5,4
India,Uttar_Pradesh,Lucknow,"Kendriya Vidyalaya, Lucknow - CPCB",02-05-2024 10:00:00,26.906111,80.948222,PM2.5,73,160,115
India,Uttar_Pradesh,Lucknow,"Kendriya Vidyalaya, Lucknow - CPCB",02-05-2024 10:00:00,26.906111,80.948222,PM10,110,150,129
India,Uttar_Pradesh,Lucknow,"Kukrail Picnic Spot-1, Lucknow - UPPCB",02-05-2024 10:00:00,26.90723,80.98579,PM10,72,137,104
India,Uttar_Pradesh,Lucknow,"Lalbagh, Lucknow - CPCB",02-05-2024 10:00:00,26.8458805,80.9365541,NH3,19,21,19
India,Uttar_Pradesh,Lucknow,"Lalbagh, Lucknow - CPCB",02-05-2024 10:00:00,26.8458805,80.9365541,CO,92,152,152
India,Uttar_Pradesh,Lucknow,"Lalbagh, Lucknow - CPCB",02-05-2024 10:00:00,26.8458805,80.9365541,OZONE,33,57,41
India,Uttar_Pradesh,Lucknow,"Talkatora District Industries Center, Lucknow - CPCB",02-05-2024 10:00:00,26.83399722,80.8917361,PM2.5,175,314,251
India,Uttar_Pradesh,Lucknow,"Talkatora District Industries Center, Lucknow - CPCB",02-05-2024 10:00:00,26.83399722,80.8917361,PM10,110,495,152
India,Uttar_Pradesh,Lucknow,"Talkatora District Industries Center, Lucknow - CPCB",02-05-2024 10:00:00,26.83399722,80.8917361,NO2,29,51,38
India,Uttar_Pradesh,Lucknow,"Talkatora District Industries Center, Lucknow - CPCB",02-05-2024 10:00:00,26.83399722,80.8917361,OZONE,2,80,9
India,Uttar_Pradesh,Meerut,"Jai Bhim Nagar, Meerut - UPPCB",02-05-2024 10:00:00,28.9535882,77.7622941,PM10,98,179,134
India,Uttar_Pradesh,Meerut,"Jai Bhim Nagar, Meerut - UPPCB",02-05-2024 10:00:00,28.9535882,77.7622941,NO2,18,42,29
India,Uttar_Pradesh,Meerut,"Pallavpuram Phase 2, Meerut - UPPCB",02-05-2024 10:00:00,29.063510,77.709723,PM10,123,260,189
India,Uttar_Pradesh,Moradabad,"Employment Office, Moradabad - UPPCB",02-05-2024 10:00:00,28.88528,78.73880,SO2,29,34,31
India,Uttar_Pradesh,Moradabad,"Jigar Colony, Moradabad - UPPCB",02-05-2024 10:00:00,28.856664,78.772638,PM10,93,133,114
India,Uttar_Pradesh,Moradabad,"Jigar Colony, Moradabad - UPPCB",02-05-2024 10:00:00,28.856664,78.772638,NH3,6,6,6
India,Uttar_Pradesh,Moradabad,"Jigar Colony, Moradabad - UPPCB",02-05-2024 10:00:00,28.856664,78.772638,SO2,5,8,7
India,Uttar_Pradesh,Moradabad,"Jigar Colony, Moradabad - UPPCB",02-05-2024 10:00:00,28.856664,78.772638,OZONE,42,78,52
India,Uttar_Pradesh,Moradabad,"Kashiram Nagar, Moradabad - UPPCB",02-05-2024 10:00:00,28.849399,78.742362,NO2,3,4,4
India,Uttar_Pradesh,Moradabad,"Kashiram Nagar, Moradabad - UPPCB",02-05-2024 10:00:00,28.849399,78.742362,CO,24,36,31
India,Uttar_Pradesh,Moradabad,"Transport Nagar, Moradabad - UPPCB",02-05-2024 10:00:00,28.802625,78.753728,NH3,5,5,5
India,Uttar_Pradesh,Muzaffarnagar,"New Mandi, Muzaffarnagar - UPPCB",02-05-2024 10:00:00,29.4723508,77.7194031,PM2.5,45,293,131
India,Uttar_Pradesh,Noida,"Sector - 62, Noida - IMD",02-05-2024 10:00:00,28.6245479,77.3577104,PM2.5,32,254,101
India,Uttar_Pradesh,Noida,"Sector-1, Noida - UPPCB",02-05-2024 10:00:00,28.5898,77.3101,SO2,5,36,13
India,Uttar_Pradesh,Noida,"Sector-1, Noida - UPPCB",02-05-2024 10:00:00,28.5898,77.3101,OZONE,30,132,62
India,Uttar_Pradesh,Noida,"Sector-116, Noida - UPPCB",02-05-2024 10:00:00,28.569230,77.393848,CO,22,46,35
India,Uttar_Pradesh,Prayagraj,"Jhunsi, Prayagraj - UPPCB",02-05-2024 10:00:00,25.425602,81.917152,SO2,30,32,31
India,Uttar_Pradesh,Prayagraj,"Motilal Nehru NIT, Prayagraj - UPPCB",02-05-2024 10:00:00,25.494,81.863,SO2,26,100,72
India,Uttar_Pradesh,Prayagraj,"Motilal Nehru NIT, Prayagraj - UPPCB",02-05-2024 10:00:00,25.494,81.863,CO,8,57,19
India,Uttar_Pradesh,Prayagraj,"Nagar Nigam, Prayagraj - UPPCB",02-05-2024 10:00:00,25.44919916 ,81.82735986 ,PM10,91,500,159
India,Uttar_Pradesh,Varanasi,"Bhelupur, Varanasi - UPPCB",02-05-2024 10:00:00,25.301778,82.996789,NH3,1,2,1
India,Uttar_Pradesh,Varanasi,"IESD Banaras Hindu University, Varanasi - UPPCB",02-05-2024 10:00:00,25.262326,82.995408,PM2.5,NA,NA,NA
India,Uttar_Pradesh,Varanasi,"IESD Banaras Hindu University, Varanasi - UPPCB",02-05-2024 10:00:00,25.262326,82.995408,SO2,17,17,17
India,Uttar_Pradesh,Varanasi,"IESD Banaras Hindu University, Varanasi - UPPCB",02-05-2024 10:00:00,25.262326,82.995408,CO,3,24,14
India,Uttar_Pradesh,Varanasi,"Maldahiya, Varanasi - UPPCB",02-05-2024 10:00:00,25.32393,82.99687,CO,2,89,10
India,Uttar_Pradesh,Vrindavan,"Omex Eternity, Vrindavan - UPPCB",02-05-2024 10:00:00,27.5714090,77.6557570,NO2,2,3,2
India,Uttarakhand,Kashipur,"Govt. Girls Inter College, Kashipur - UKPCB",02-05-2024 10:00:00,29.2124114,78.9611753,PM2.5,38,99,67
India,Uttarakhand,Rishikesh,"Shivaji Nagar, Rishikesh - UKPCB",02-05-2024 10:00:00,30.075911,78.2859547,PM2.5,17,103,41
India,Uttarakhand,Rishikesh,"Shivaji Nagar, Rishikesh - UKPCB",02-05-2024 10:00:00,30.075911,78.2859547,NH3,2,2,2
India,West_Bengal,Asansol,"Asansol Court Area, Asansol - WBPCB",02-05-2024 10:00:00,23.685297,86.945968,NO2,22,51,35
India,West_Bengal,Durgapur,"Sidhu Kanhu Indoor Stadium, Durgapur - WBPCB",02-05-2024 10:00:00,23.5404352,87.2892225,PM10,139,218,179
India,West_Bengal,Durgapur,"Sidhu Kanhu Indoor Stadium, Durgapur - WBPCB",02-05-2024 10:00:00,23.5404352,87.2892225,SO2,13,50,25
India,West_Bengal,Haldia,"Priyambada Housing Estate, Haldia - WBPCB",02-05-2024 10:00:00,22.06047,88.109737,OZONE,20,46,24
India,West_Bengal,Howrah,"Ghusuri, Howrah - WBPCB",02-05-2024 10:00:00,22.611968,88.347422,CO,14,32,19
India,West_Bengal,Howrah,"Padmapukur, Howrah - WBPCB",02-05-2024 10:00:00,22.5687319,88.2797276,PM10,54,130,100
India,West_Bengal,Howrah,"Padmapukur, Howrah - WBPCB",02-05-2024 10:00:00,22.5687319,88.2797276,NO2,8,42,24
India,West_Bengal,Kolkata,"Ballygunge, Kolkata - WBPCB",02-05-2024 10:00:00,22.5367507,88.3638022,PM10,53,134,99
India,West_Bengal,Kolkata,"Ballygunge, Kolkata - WBPCB",02-05-2024 10:00:00,22.5367507,88.3638022,NH3,6,9,7
India,West_Bengal,Kolkata,"Ballygunge, Kolkata - WBPCB",02-05-2024 10:00:00,22.5367507,88.3638022,SO2,3,45,14
India,West_Bengal,Kolkata,"Bidhannagar, Kolkata - WBPCB",02-05-2024 10:00:00,22.58157048,88.41002457,PM10,48,141,99
India,West_Bengal,Kolkata,"Bidhannagar, Kolkata - WBPCB",02-05-2024 10:00:00,22.58157048,88.41002457,NH3,8,10,9
India,West_Bengal,Kolkata,"Bidhannagar, Kolkata - WBPCB",02-05-2024 10:00:00,22.58157048,88.41002457,OZONE,14,143,33
India,West_Bengal,Kolkata,"Fort William, Kolkata - WBPCB",02-05-2024 10:00:00,22.556640,88.342674,PM10,54,139,103
India,West_Bengal,Kolkata,"Fort William, Kolkata - WBPCB",02-05-2024 10:00:00,22.556640,88.342674,NO2,17,62,28
India,West_Bengal,Kolkata,"Fort William, Kolkata - WBPCB",02-05-2024 10:00:00,22.556640,88.342674,OZONE,9,166,27
India,West_Bengal,Kolkata,"Jadavpur, Kolkata - WBPCB",02-05-2024 10:00:00,22.49929,88.36917,SO2,6,34,13
India,West_Bengal,Kolkata,"Rabindra Bharati University, Kolkata - WBPCB",02-05-2024 10:00:00,22.627847,88.380669,PM2.5,19,61,39
India,West_Bengal,Kolkata,"Rabindra Bharati University, Kolkata - WBPCB",02-05-2024 10:00:00,22.627847,88.380669,NH3,16,22,18
India,West_Bengal,Kolkata,"Rabindra Bharati University, Kolkata - WBPCB",02-05-2024 10:00:00,22.627847,88.380669,CO,26,32,26
India,West_Bengal,Kolkata,"Rabindra Sarobar, Kolkata - WBPCB",02-05-2024 10:00:00,22.51106,88.35142,NH3,8,12,10
India,West_Bengal,Kolkata,"Rabindra Sarobar, Kolkata - WBPCB",02-05-2024 10:00:00,22.51106,88.35142,SO2,11,57,23
India,West_Bengal,Kolkata,"Rabindra Sarobar, Kolkata - WBPCB",02-05-2024 10:00:00,22.51106,88.35142,OZONE,25,163,39
India,West_Bengal,Kolkata,"Victoria, Kolkata - WBPCB",02-05-2024 10:00:00,22.5448082,88.3403691,PM2.5,28,96,68
India,West_Bengal,Kolkata,"Victoria, Kolkata - WBPCB",02-05-2024 10:00:00,22.5448082,88.3403691,SO2,8,27,15
India,West_Bengal,Kolkata,"Victoria, Kolkata - WBPCB",02-05-2024 10:00:00,22.5448082,88.3403691,OZONE,14,132,27
India,Andhra_Pradesh,Amaravati,"Secretariat, Amaravati - APPCB",02-05-2024 10:00:00,16.5150833,80.5181667,OZONE,12,81,19
India,Andhra_Pradesh,Chittoor,"Gangineni Cheruvu, Chittoor - APPCB",02-05-2024 10:00:00,13.204880,79.097889,OZONE,25,25,25
India,Andhra_Pradesh,Kadapa,"Yerramukkapalli, Kadapa - APPCB",02-05-2024 10:00:00,14.465052,78.824187,PM10,19,119,57
India,Andhra_Pradesh,Kadapa,"Yerramukkapalli, Kadapa - APPCB",02-05-2024 10:00:00,14.465052,78.824187,NH3,1,3,3
India,Andhra_Pradesh,Kadapa,"Yerramukkapalli, Kadapa - APPCB",02-05-2024 10:00:00,14.465052,78.824187,CO,4,104,17
India,Andhra_Pradesh,Tirupati,"Tirumala, Tirupati - APPCB",02-05-2024 10:00:00,13.67,79.35,PM10,26,80,58
India,Andhra_Pradesh,Tirupati,"Tirumala, Tirupati - APPCB",02-05-2024 10:00:00,13.67,79.35,SO2,2,12,8
India,Andhra_Pradesh,Vijayawada,"HB Colony, Vijayawada - APPCB",02-05-2024 10:00:00,16.536107,80.594233,NH3,4,4,4
India,Andhra_Pradesh,Vijayawada,"HB Colony, Vijayawada - APPCB",02-05-2024 10:00:00,16.536107,80.594233,SO2,2,7,4
India,Andhra_Pradesh,Vijayawada,"HB Colony, Vijayawada - APPCB",02-05-2024 10:00:00,16.536107,80.594233,CO,32,34,34
India,Andhra_Pradesh,Vijayawada,"HB Colony, Vijayawada - APPCB",02-05-2024 10:00:00,16.536107,80.594233,OZONE,18,179,32
India,Andhra_Pradesh,Vijayawada,"Kanuru, Vijayawada - APPCB",02-05-2024 10:00:00,16.486692,80.699436,NO2,14,103,19
India,Andhra_Pradesh,Vijayawada,"Rajiv Gandhi Park, Vijayawada - APPCB",02-05-2024 10:00:00,16.509717,80.612222,SO2,5,33,12
India,Andhra_Pradesh,Vijayawada,"Rajiv Gandhi Park, Vijayawada - APPCB",02-05-2024 10:00:00,16.509717,80.612222,CO,36,40,40
India,Andhra_Pradesh,Vijayawada,"Rajiv Nagar, Vijayawada - APPCB",02-05-2024 10:00:00,16.554731,80.649110,NO2,12,13,13
India,Andhra_Pradesh,Visakhapatnam,"GVM Corporation, Visakhapatnam - APPCB",02-05-2024 10:00:00,17.72,83.3,NH3,3,5,3
India,Andhra_Pradesh,Visakhapatnam,"GVM Corporation, Visakhapatnam - APPCB",02-05-2024 10:00:00,17.72,83.3,SO2,8,16,13
India,Assam,Byrnihat,"Central Academy for SFS, Byrnihat - PCBA",02-05-2024 10:00:00,26.071318,91.87488,NH3,10,12,11
India,Assam,Byrnihat,"Central Academy for SFS, Byrnihat - PCBA",02-05-2024 10:00:00,26.071318,91.87488,CO,31,62,32
India,Assam,Guwahati,"IITG, Guwahati - PCBA",02-05-2024 10:00:00,26.2028636,91.70046436,PM2.5,32,255,112
India,Assam,Guwahati,"IITG, Guwahati - PCBA",02-05-2024 10:00:00,26.2028636,91.70046436,NO2,1,11,3
India,Assam,Guwahati,"IITG, Guwahati - PCBA",02-05-2024 10:00:00,26.2028636,91.70046436,NH3,5,5,5
India,Assam,Guwahati,"IITG, Guwahati - PCBA",02-05-2024 10:00:00,26.2028636,91.70046436,CO,10,24,17
India,Assam,Guwahati,"LGBI Airport, Guwahati - PCBA",02-05-2024 10:00:00,26.10887,91.589544,OZONE,2,20,10
India,Assam,Guwahati,"Railway Colony, Guwahati - PCBA",02-05-2024 10:00:00,26.181742,91.78063,PM10,81,273,154
India,Assam,Nagaon,"Christianpatty, Nagaon - PCBA",02-05-2024 10:00:00,26.349082,92.68449,CO,25,90,30
India,Assam,Nalbari,"Bata Chowk, Nalbari - PCBA",02-05-2024 10:00:00,26.446912,91.439057,NO2,8,32,16
India,Assam,Silchar,"Tarapur, Silchar - PCBA",02-05-2024 10:00:00,24.82827,92.79525,CO,28,31,29
India,Assam,Silchar,"Tarapur, Silchar - PCBA",02-05-2024 10:00:00,24.82827,92.79525,OZONE,1,6,1
India,Assam,Sivasagar,"Girls College, Sivasagar - PCBA",02-05-2024 10:00:00,26.987634,94.636574,PM10,45,70,56
India,Assam,Sivasagar,"Girls College, Sivasagar - PCBA",02-05-2024 10:00:00,26.987634,94.636574,SO2,5,8,6
India,Assam,Sivasagar,"Girls College, Sivasagar - PCBA",02-05-2024 10:00:00,26.987634,94.636574,CO,14,22,16
India,Bihar,Araria,"Kharahiya Basti, Araria - BSPCB",02-05-2024 10:00:00,26.146529,87.454184,NH3,6,7,7
India,Bihar,Arrah,"New DM Office, Arrah - BSPCB",02-05-2024 10:00:00,25.5626095,84.663264,PM2.5,40,160,69
India,Bihar,Aurangabad,"Gurdeo Nagar, Aurangabad - BSPCB",02-05-2024 10:00:00,24.75746,84.366208,SO2,NA,NA,NA
India,Bihar,Aurangabad,"Gurdeo Nagar, Aurangabad - BSPCB",02-05-2024 10:00:00,24.75746,84.366208,CO,10,22,10
India,Bihar,Aurangabad,"Gurdeo Nagar, Aurangabad - BSPCB",02-05-2024 10:00:00,24.75746,84.366208,OZONE,7,96,42
India,Bihar,Bettiah,"Kamalnath Nagar, Bettiah - BSPCB",02-05-2024 10:00:00,26.80365,84.51954,PM10,109,225,137
India,Bihar,Bhagalpur,"DM Office_Kachari Chowk, Bhagalpur - BSPCB",02-05-2024 10:00:00,25.251013,86.989001,NH3,3,5,4
India,Bihar,Bhagalpur,"Mayaganj, Bhagalpur - BSPCB",02-05-2024 10:00:00,25.265194,87.012947,NO2,3,11,7
India,Bihar,Bihar Sharif,"D M Colony, Bihar Sharif - BSPCB",02-05-2024 10:00:00,25.204762,85.514960,NH3,2,2,2
India,Bihar,Bihar Sharif,"D M Colony, Bihar Sharif - BSPCB",02-05-2024 10:00:00,25.204762,85.514960,CO,48,64,58
India,Bihar,Buxar,"Charitra Van, Buxar - BSPCB (Formerly known as Central Jail)",02-05-2024 10:00:00,25.567520,83.966379,NH3,3,4,3
India,Bihar,Chhapra,"Darshan Nagar, Chhapra - BSPCB",02-05-2024 10:00:00,25.7808257,84.7446768,PM2.5,95,305,139
India,Bihar,Chhapra,"Darshan Nagar, Chhapra - BSPCB",02-05-2024 10:00:00,25.7808257,84.7446768,OZONE,1,14,2
India,Bihar,Gaya,"Collectorate, Gaya - BSPCB",02-05-2024 10:00:00,24.7955,84.9994,NO2,1,4,2
India,Bihar,Gaya,"Collectorate, Gaya - BSPCB",02-05-2024 10:00:00,24.7955,84.9994,CO,4,30,19
India,Bihar,Gaya,"SFTI Kusdihra, Gaya - BSPCB",02-05-2024 10:00:00,24.762518,84.982348,SO2,NA,NA,NA
India,Bihar,Gaya,"SFTI Kusdihra, Gaya - BSPCB",02-05-2024 10:00:00,24.762518,84.982348,OZONE,30,96,64
India,Bihar,Hajipur,"Industrial Area, Hajipur - BSPCB",02-05-2024 10:00:00,25.697189,85.245900,NO2,1,49,35
India,Bihar,Hajipur,"Industrial Area, Hajipur - BSPCB",02-05-2024 10:00:00,25.697189,85.245900,SO2,7,9,8
India,Bihar,Katihar,"Mirchaibari, Katihar - BSPCB",02-05-2024 10:00:00,25.560083,87.553265,NO2,18,34,25
India,Bihar,Katihar,"Mirchaibari, Katihar - BSPCB",02-05-2024 10:00:00,25.560083,87.553265,CO,44,62,51
India,Bihar,Motihari,"Gandak Colony, Motihari - BSPCB",02-05-2024 10:00:00,26.63086,84.90051,PM10,29,98,56
India,Bihar,Motihari,"Gandak Colony, Motihari - BSPCB",02-05-2024 10:00:00,26.63086,84.90051,NH3,7,18,12
India,Bihar,Munger,"Town Hall, Munger - BSPCB",02-05-2024 10:00:00,25.376776,86.471523,OZONE,28,147,29
India,Bihar,Muzaffarpur,"Buddha Colony, Muzaffarpur - BSPCB",02-05-2024 10:00:00,26.11442,85.39813,PM2.5,169,327,280
India,Bihar,Muzaffarpur,"Buddha Colony, Muzaffarpur - BSPCB",02-05-2024 10:00:00,26.11442,85.39813,NH3,17,21,19
India,Bihar,Muzaffarpur,"MIT-Daudpur Kothi, Muzaffarpur - BSPCB",02-05-2024 10:00:00,26.1403345,85.3650192,PM2.5,111,304,202
India,Bihar,Muzaffarpur,"MIT-Daudpur Kothi, Muzaffarpur - BSPCB",02-05-2024 10:00:00,26.1403345,85.3650192,CO,9,120,40
India,Bihar,Muzaffarpur,"Muzaffarpur Collectorate, Muzaffarpur - BSPCB",02-05-2024 10:00:00,26.1209,85.3647,CO,16,62,47
India,Bihar,Patna,"DRM Office Danapur, Patna - BSPCB",02-05-2024 10:00:00,25.586562,85.043586,NO2,11,84,35
India,Bihar,Patna,"DRM Office Danapur, Patna - BSPCB",02-05-2024 10:00:00,25.586562,85.043586,NH3,2,3,3
India,Bihar,Patna,"DRM Office Danapur, Patna - BSPCB",02-05-2024 10:00:00,25.586562,85.043586,OZONE,32,58,41
India,Bihar,Patna,"IGSC Planetarium Complex, Patna - BSPCB",02-05-2024 10:00:00,25.610369,85.132568,PM2.5,75,304,134
India,Bihar,Patna,"IGSC Planetarium Complex, Patna - BSPCB",02-05-2024 10:00:00,25.610369,85.132568,NO2,11,11,11
India,Bihar,Patna,"IGSC Planetarium Complex, Patna - BSPCB",02-05-2024 10:00:00,25.610369,85.132568,CO,12,14,12
India,Bihar,Patna,"Muradpur, Patna - BSPCB",02-05-2024 10:00:00,25.619651,85.147382,PM2.5,262,331,304
India,Bihar,Patna,"Muradpur, Patna - BSPCB",02-05-2024 10:00:00,25.619651,85.147382,SO2,7,17,10
India,Bihar,Patna,"Rajbansi Nagar, Patna - BSPCB",02-05-2024 10:00:00,25.599486,85.113666,NO2,26,69,39
India,Bihar,Patna,"Samanpura, Patna - BSPCB",02-05-2024 10:00:00,25.596727,85.085624,NO2,9,48,25
India,Bihar,Purnia,"Mariam Nagar, Purnia - BSPCB",02-05-2024 10:00:00,25.366336,87.117468,NO2,NA,NA,NA
India,Bihar,Purnia,"Mariam Nagar, Purnia - BSPCB",02-05-2024 10:00:00,25.366336,87.117468,CO,26,70,62
India,Bihar,Rajgir,"Dangi Tola, Rajgir - BSPCB",02-05-2024 10:00:00,25.03280,85.41948,CO,20,62,29
India,Bihar,Saharsa,"Police Line, Saharsa - BSPCB",02-05-2024 10:00:00,25.892357,86.590325,PM10,96,154,123
India,Bihar,Saharsa,"Police Line, Saharsa - BSPCB",02-05-2024 10:00:00,25.892357,86.590325,NO2,6,8,7
India,Bihar,Saharsa,"Police Line, Saharsa - BSPCB",02-05-2024 10:00:00,25.892357,86.590325,NH3,9,9,9
India,Bihar,Samastipur,"DM Office_Kasipur, Samastipur - BSPCB",02-05-2024 10:00:00,25.859655,85.77944,NO2,1,13,5
India,Bihar,Samastipur,"DM Office_Kasipur, Samastipur - BSPCB",02-05-2024 10:00:00,25.859655,85.77944,NH3,3,4,3
India,Bihar,Sasaram,"Dada Peer, Sasaram - BSPCB",02-05-2024 10:00:00,24.952822,84.002396,OZONE,15,99,48
India,Bihar,Siwan,"Chitragupta Nagar, Siwan - BSPCB",02-05-2024 10:00:00,26.2271665,84.3570427,NO2,NA,NA,NA
India,Chandigarh,Chandigarh,"Sector 22, Chandigarh - CPCC",02-05-2024 10:00:00,30.735567,76.775714,PM2.5,22,147,59
India,Chandigarh,Chandigarh,"Sector 22, Chandigarh - CPCC",02-05-2024 10:00:00,30.735567,76.775714,SO2,6,35,15
India,Chandigarh,Chandigarh,"Sector-25, Chandigarh - CPCC",02-05-2024 10:00:00,30.751462,76.762879,NO2,3,32,11
India,Chandigarh,Chandigarh,"Sector-25, Chandigarh - CPCC",02-05-2024 10:00:00,30.751462,76.762879,SO2,6,14,10
India,Chandigarh,Chandigarh,"Sector-53, Chandigarh - CPCC",02-05-2024 10:00:00,30.719859,76.738637,NH3,3,4,4
India,Chandigarh,Chandigarh,"Sector-53, Chandigarh - CPCC",02-05-2024 10:00:00,30.719859,76.738637,CO,36,79,43
India,Chandigarh,Chandigarh,"Sector-53, Chandigarh - CPCC",02-05-2024 10:00:00,30.719859,76.738637,OZONE,28,70,39
India,Chhattisgarh,Bhilai,"32Bungalows, Bhilai - CECB",02-05-2024 10:00:00,21.194815,81.314770,NO2,18,32,26
India,Chhattisgarh,Bhilai,"32Bungalows, Bhilai - CECB",02-05-2024 10:00:00,21.194815,81.314770,SO2,16,22,17
India,Chhattisgarh,Bhilai,"Hathkhoj, Bhilai - CECB",02-05-2024 10:00:00,21.224231,81.408350,PM2.5,NA,NA,NA
India,Chhattisgarh,Bhilai,"Hathkhoj, Bhilai - CECB",02-05-2024 10:00:00,21.224231,81.408350,NH3,NA,NA,NA
India,Chhattisgarh,Bhilai,"Hathkhoj, Bhilai - CECB",02-05-2024 10:00:00,21.224231,81.408350,SO2,NA,NA,NA
India,Chhattisgarh,Bilaspur,"Mangala, Bilaspur - NTPC",02-05-2024 10:00:00,22.08815,82.13737,PM10,42,90,59
India,Chhattisgarh,Bilaspur,"Mangala, Bilaspur - NTPC",02-05-2024 10:00:00,22.08815,82.13737,NO2,11,13,13
India,Chhattisgarh,Bilaspur,"Mangala, Bilaspur - NTPC",02-05-2024 10:00:00,22.08815,82.13737,SO2,9,22,15
India,Chhattisgarh,Chhal,"Nawapara SECL Colony, Chhal - CECB",02-05-2024 10:00:00,22.118125,83.140608,OZONE,32,119,56
India,Chhattisgarh,Korba,"Rampur, Korba - CECB",02-05-2024 10:00:00,22.368195,82.746431,PM10,43,109,81
India,Chhattisgarh,Korba,"Rampur, Korba - CECB",02-05-2024 10:00:00,22.368195,82.746431,NH3,1,1,1
India,Chhattisgarh,Korba,"Rampur, Korba - CECB",02-05-2024 10:00:00,22.368195,82.746431,SO2,6,25,15
India,Chhattisgarh,Korba,"Rampur, Korba - CECB",02-05-2024 10:00:00,22.368195,82.746431,CO,15,40,28
India,Chhattisgarh,Kunjemura,"OP Jindal School, Kunjemura - CECB",02-05-2024 10:00:00,22.126650,83.483212,SO2,11,68,28
India,Chhattisgarh,Raipur,"Siltara Phase-II, Raipur - CECB",02-05-2024 10:00:00,21.371751,81.664929,PM2.5,55,174,83
India,Chhattisgarh,Raipur,"Siltara Phase-II, Raipur - CECB",02-05-2024 10:00:00,21.371751,81.664929,PM10,87,176,126
India,Chhattisgarh,Raipur,"Siltara Phase-II, Raipur - CECB",02-05-2024 10:00:00,21.371751,81.664929,NH3,3,3,3
India,Delhi,Delhi,"Alipur, Delhi - DPCC",02-05-2024 10:00:00,28.815329,77.153010,NO2,5,68,25
India,Delhi,Delhi,"Alipur, Delhi - DPCC",02-05-2024 10:00:00,28.815329,77.153010,OZONE,22,131,53
India,Delhi,Delhi,"Anand Vihar, Delhi - DPCC",02-05-2024 10:00:00,28.647622,77.3158090,NO2,44,105,73
India,Delhi,Delhi,"Ashok Vihar, Delhi - DPCC",02-05-2024 10:00:00,28.695381,77.181665,PM2.5,31,309,112
India,Delhi,Delhi,"Ashok Vihar, Delhi - DPCC",02-05-2024 10:00:00,28.695381,77.181665,PM10,162,291,209
India,Delhi,Delhi,"Ashok Vihar, Delhi - DPCC",02-05-2024 10:00:00,28.695381,77.181665,NH3,12,18,16
India,Delhi,Delhi,"Ashok Vihar, Delhi - DPCC",02-05-2024 10:00:00,28.695381,77.181665,SO2,18,76,38
India,Delhi,Delhi,"Bawana, Delhi - DPCC",02-05-2024 10:00:00,28.776200,77.051074,PM10,179,407,264
India,Delhi,Delhi,"Dwarka-Sector 8, Delhi - DPCC ",02-05-2024 10:00:00,28.5710274,77.0719006,PM2.5,30,393,149
India,Delhi,Delhi,"Dwarka-Sector 8, Delhi - DPCC ",02-05-2024 10:00:00,28.5710274,77.0719006,PM10,151,452,226
India,Delhi,Delhi,"IGI Airport (T3), Delhi - IMD",02-05-2024 10:00:00,28.5627763,77.1180053,CO,21,52,45
India,Delhi,Delhi,"IHBAS, Dilshad Garden, Delhi - CPCB",02-05-2024 10:00:00,28.6811736,77.3025234,OZONE,19,28,22
India,Delhi,Delhi,"ITO, Delhi - CPCB",02-05-2024 10:00:00,28.628624,77.241060,NH3,1,5,3
India,Delhi,Delhi,"ITO, Delhi - CPCB",02-05-2024 10:00:00,28.628624,77.241060,OZONE,27,71,43
India,Delhi,Delhi,"Jahangirpuri, Delhi - DPCC",02-05-2024 10:00:00,28.732820,77.170633,OZONE,12,75,28
India,Delhi,Delhi,"Jawaharlal Nehru Stadium, Delhi - DPCC",02-05-2024 10:00:00,28.580280,77.233829,SO2,3,39,16
India,Delhi,Delhi,"Lodhi Road, Delhi - IITM",02-05-2024 10:00:00,28.588333,77.221667,SO2,20,34,26
India,Delhi,Delhi,"Lodhi Road, Delhi - IMD",02-05-2024 10:00:00,28.5918245,77.2273074,OZONE,15,59,25
India,Delhi,Delhi,"Mandir Marg, Delhi - DPCC",02-05-2024 10:00:00,28.636429,77.201067,PM2.5,20,256,85
India,Delhi,Delhi,"Mandir Marg, Delhi - DPCC",02-05-2024 10:00:00,28.636429,77.201067,NO2,87,113,101
India,Delhi,Delhi,"Mundka, Delhi - DPCC",02-05-2024 10:00:00,28.684678,77.076574,OZONE,31,124,56
India,Delhi,Delhi,"NSIT Dwarka, Delhi - CPCB",02-05-2024 10:00:00,28.60909,77.0325413,NH3,11,15,12
India,Delhi,Delhi,"NSIT Dwarka, Delhi - CPCB",02-05-2024 10:00:00,28.60909,77.0325413,SO2,3,39,18
India,Delhi,Delhi,"Najafgarh, Delhi - DPCC",02-05-2024 10:00:00,28.570173,76.933762,OZONE,20,114,49
India,Delhi,Delhi,"Nehru Nagar, Delhi - DPCC",02-05-2024 10:00:00,28.567890,77.250515,NO2,5,16,10
India,Delhi,Delhi,"Nehru Nagar, Delhi - DPCC",02-05-2024 10:00:00,28.567890,77.250515,CO,47,72,53
India,Delhi,Delhi,"North Campus, DU, Delhi - IMD",02-05-2024 10:00:00,28.6573814,77.1585447,PM10,115,237,168
India,Delhi,Delhi,"Okhla Phase-2, Delhi - DPCC",02-05-2024 10:00:00,28.530785,77.271255,PM2.5,27,291,89
India,Delhi,Delhi,"Okhla Phase-2, Delhi - DPCC",02-05-2024 10:00:00,28.530785,77.271255,SO2,6,18,13
India,Delhi,Delhi,"Patparganj, Delhi - DPCC",02-05-2024 10:00:00,28.623763,77.287209,OZONE,20,100,48
India,Delhi,Delhi,"Pusa, Delhi - DPCC",02-05-2024 10:00:00,28.639652,77.146275,PM10,177,318,223
India,Delhi,Delhi,"Pusa, Delhi - DPCC",02-05-2024 10:00:00,28.639652,77.146275,OZONE,24,83,42
India,Delhi,Delhi,"Pusa, Delhi - IMD",02-05-2024 10:00:00,28.636110,77.173332,PM2.5,157,335,237
India,Delhi,Delhi,"R K Puram, Delhi - DPCC",02-05-2024 10:00:00,28.563262,77.186937,PM2.5,42,350,162
India,Delhi,Delhi,"R K Puram, Delhi - DPCC",02-05-2024 10:00:00,28.563262,77.186937,SO2,3,78,26
India,Delhi,Delhi,"Rohini, Delhi - DPCC",02-05-2024 10:00:00,28.732528,77.119920,NH3,5,8,7
India,Delhi,Delhi,"Rohini, Delhi - DPCC",02-05-2024 10:00:00,28.732528,77.119920,OZONE,36,157,157
India,Delhi,Delhi,"Shadipur, Delhi - CPCB",02-05-2024 10:00:00,28.6514781,77.1473105,PM10,154,358,204
India,Delhi,Delhi,"Shadipur, Delhi - CPCB",02-05-2024 10:00:00,28.6514781,77.1473105,NH3,10,12,10
India,Delhi,Delhi,"Shadipur, Delhi - CPCB",02-05-2024 10:00:00,28.6514781,77.1473105,SO2,15,26,20
India,Delhi,Delhi,"Shadipur, Delhi - CPCB",02-05-2024 10:00:00,28.6514781,77.1473105,OZONE,14,243,19
India,Delhi,Delhi,"Sonia Vihar, Delhi - DPCC",02-05-2024 10:00:00,28.710508,77.249485,NO2,12,58,31
India,Delhi,Delhi,"Sonia Vihar, Delhi - DPCC",02-05-2024 10:00:00,28.710508,77.249485,NH3,4,5,4
India,Delhi,Delhi,"Vivek Vihar, Delhi - DPCC",02-05-2024 10:00:00,28.672342,77.315260,NH3,16,16,16
India,Delhi,Delhi,"Vivek Vihar, Delhi - DPCC",02-05-2024 10:00:00,28.672342,77.315260,OZONE,37,89,49
India,Delhi,Delhi,"Wazirpur, Delhi - DPCC",02-05-2024 10:00:00,28.699793,77.165453,CO,20,80,56
India,Gujarat,Ahmedabad,"Chandkheda, Ahmedabad - IITM",02-05-2024 10:00:00,23.107969,72.574648,PM2.5,90,300,202
India,Gujarat,Ahmedabad,"Gyaspur, Ahmedabad - IITM",02-05-2024 10:00:00,22.977134,72.553024,OZONE,6,79,11
India,Gujarat,Ahmedabad,"Maninagar, Ahmedabad - GPCB",02-05-2024 10:00:00,23.002657,72.591912,SO2,3,121,73
India,Gujarat,Ahmedabad,"Maninagar, Ahmedabad - GPCB",02-05-2024 10:00:00,23.002657,72.591912,OZONE,5,34,17
India,Gujarat,Ahmedabad,"Raikhad, Ahmedabad - IITM",02-05-2024 10:00:00,23.020509,72.579261,PM2.5,119,379,310
India,Gujarat,Ahmedabad,"Rakhial, Ahmedabad - IITM",02-05-2024 10:00:00,23.016834,72.625775,NH3,1,7,4
India,Gujarat,Ahmedabad,"SAC ISRO Satellite, Ahmedabad - IITM",02-05-2024 10:00:00,23.023389,72.515201,PM2.5,83,84,84
India,Gujarat,Ahmedabad,"SAC ISRO Satellite, Ahmedabad - IITM",02-05-2024 10:00:00,23.023389,72.515201,NO2,32,33,32
India,Gujarat,Ahmedabad,"SAC ISRO Satellite, Ahmedabad - IITM",02-05-2024 10:00:00,23.023389,72.515201,SO2,3,20,7
India,Gujarat,Ahmedabad,"Sardar Vallabhbhai Patel Stadium, Ahmedabad - IITM",02-05-2024 10:00:00,23.043070,72.562968,OZONE,9,37,15
India,Gujarat,Ankleshwar,"GIDC, Ankleshwar - GPCB",02-05-2024 10:00:00,21.613267,73.010555,PM2.5,28,95,55
India,Gujarat,Ankleshwar,"GIDC, Ankleshwar - GPCB",02-05-2024 10:00:00,21.613267,73.010555,NO2,32,33,32
India,Gujarat,Ankleshwar,"GIDC, Ankleshwar - GPCB",02-05-2024 10:00:00,21.613267,73.010555,OZONE,22,32,27
India,Gujarat,Gandhinagar,"Sector-10, Gandhinagar - GPCB",02-05-2024 10:00:00,23.221714,72.654328,PM2.5,32,94,56
India,Gujarat,Nandesari,"GIDC, Nandesari - Nandesari Ind. Association",02-05-2024 10:00:00,22.410802,73.097923,NO2,3,28,13
India,Gujarat,Vapi,"Phase-1 GIDC, Vapi - GPCB",02-05-2024 10:00:00,20.362421,72.918013,NH3,2,2,2
India,Gujarat,Vapi,"Phase-1 GIDC, Vapi - GPCB",02-05-2024 10:00:00,20.362421,72.918013,OZONE,NA,NA,NA
India,Gujarat,Vatva,"Phase-4 GIDC, Vatva - GPCB",02-05-2024 10:00:00,22.969611,72.643500,NO2,22,157,65
India,Gujarat,Vatva,"Phase-4 GIDC, Vatva - GPCB",02-05-2024 10:00:00,22.969611,72.643500,OZONE,10,53,15
India,Haryana,Ambala,"Patti Mehar, Ambala - HSPCB",02-05-2024 10:00:00,30.379589,76.778328,PM2.5,19,62,35
India,Haryana,Ambala,"Patti Mehar, Ambala - HSPCB",02-05-2024 10:00:00,30.379589,76.778328,OZONE,35,51,42
India,Haryana,Bahadurgarh,"Arya Nagar, Bahadurgarh - HSPCB",02-05-2024 10:00:00,28.6701,76.9254,PM10,106,199,161
India,Haryana,Bahadurgarh,"Arya Nagar, Bahadurgarh - HSPCB",02-05-2024 10:00:00,28.6701,76.9254,NH3,8,9,9
India,Haryana,Bahadurgarh,"Arya Nagar, Bahadurgarh - HSPCB",02-05-2024 10:00:00,28.6701,76.9254,CO,88,102,100
India,Haryana,Ballabgarh,"Nathu Colony, Ballabgarh - HSPCB",02-05-2024 10:00:00,28.3419248,77.319699,PM10,158,313,199
India,Haryana,Ballabgarh,"Nathu Colony, Ballabgarh - HSPCB",02-05-2024 10:00:00,28.3419248,77.319699,NO2,8,13,12
India,Haryana,Bhiwani,"H.B. Colony, Bhiwani - HSPCB",02-05-2024 10:00:00,28.806223,76.141105,PM2.5,71,296,151
India,Haryana,Bhiwani,"H.B. Colony, Bhiwani - HSPCB",02-05-2024 10:00:00,28.806223,76.141105,NO2,5,11,9
India,Haryana,Bhiwani,"H.B. Colony, Bhiwani - HSPCB",02-05-2024 10:00:00,28.806223,76.141105,SO2,5,32,12
India,Haryana,Bhiwani,"H.B. Colony, Bhiwani - HSPCB",02-05-2024 10:00:00,28.806223,76.141105,CO,6,52,46
India,Haryana,Bhiwani,"H.B. Colony, Bhiwani - HSPCB",02-05-2024 10:00:00,28.806223,76.141105,OZONE,5,27,23
India,Haryana,Dharuhera,"Municipal Corporation Office, Dharuhera -  HSPCB",02-05-2024 10:00:00,28.206800,76.799700,OZONE,7,30,12
India,Haryana,Faridabad,"New Industrial Town, Faridabad - HSPCB",02-05-2024 10:00:00,28.39072,77.30059,PM2.5,139,421,227
India,Haryana,Faridabad,"New Industrial Town, Faridabad - HSPCB",02-05-2024 10:00:00,28.39072,77.30059,NO2,4,13,10
India,Haryana,Fatehabad,"Huda Sector, Fatehabad - HSPCB",02-05-2024 10:00:00,29.503664,75.467934,PM2.5,NA,NA,NA
India,Haryana,Fatehabad,"Huda Sector, Fatehabad - HSPCB",02-05-2024 10:00:00,29.503664,75.467934,PM10,92,166,137
India,Haryana,Fatehabad,"Huda Sector, Fatehabad - HSPCB",02-05-2024 10:00:00,29.503664,75.467934,OZONE,20,67,59
India,Haryana,Gurugram,"Sector-51, Gurugram - HSPCB",02-05-2024 10:00:00,28.4227,77.0667,PM2.5,153,399,318
India,Haryana,Gurugram,"Teri Gram, Gurugram - HSPCB",02-05-2024 10:00:00,28.4275,77.1465,PM10,167,428,256
India,Haryana,Gurugram,"Teri Gram, Gurugram - HSPCB",02-05-2024 10:00:00,28.4275,77.1465,NO2,4,45,32
India,Haryana,Gurugram,"Teri Gram, Gurugram - HSPCB",02-05-2024 10:00:00,28.4275,77.1465,SO2,4,7,6
India,Haryana,Gurugram,"Teri Gram, Gurugram - HSPCB",02-05-2024 10:00:00,28.4275,77.1465,CO,10,58,26
India,Haryana,Gurugram,"Vikas Sadan, Gurugram - HSPCB",02-05-2024 10:00:00,28.4501238,77.0263051,SO2,28,56,37
India,Haryana,Gurugram,"Vikas Sadan, Gurugram - HSPCB",02-05-2024 10:00:00,28.4501238,77.0263051,CO,54,149,101
India,Haryana,Hisar,"Urban Estate-II, Hisar - HSPCB",02-05-2024 10:00:00,29.140560,75.744941,NO2,22,30,25
India,Haryana,Jind,"Police Lines, Jind - HSPCB",02-05-2024 10:00:00,29.307814,76.337619,PM10,78,155,121
India,Haryana,Kaithal,"Rishi Nagar, Kaithal - HSPCB",02-05-2024 10:00:00,29.8006,76.4155,NO2,24,26,25
India,Haryana,Kurukshetra,"Sector-7, Kurukshetra - HSPCB",02-05-2024 10:00:00,29.966942,76.875879,PM10,77,131,105
India,Haryana,Kurukshetra,"Sector-7, Kurukshetra - HSPCB",02-05-2024 10:00:00,29.966942,76.875879,SO2,2,3,2
India,Haryana,Mandikhera,"General Hospital, Mandikhera - HSPCB",02-05-2024 10:00:00,27.9002,76.9938,NO2,19,24,22
India,Haryana,Mandikhera,"General Hospital, Mandikhera - HSPCB",02-05-2024 10:00:00,27.9002,76.9938,SO2,30,39,34
India,Haryana,Manesar,"Sector-2 IMT, Manesar - HSPCB",02-05-2024 10:00:00,28.360699,76.936090,PM2.5,80,231,138
India,Haryana,Narnaul,"Shastri Nagar, Narnaul - HSPCB",02-05-2024 10:00:00,28.060249,76.113115,CO,12,30,24
India,Haryana,Palwal,"Shyam Nagar, Palwal - HSPCB",02-05-2024 10:00:00,28.1485564,77.3320667,PM10,81,200,129
India,Haryana,Palwal,"Shyam Nagar, Palwal - HSPCB",02-05-2024 10:00:00,28.1485564,77.3320667,CO,14,32,27
India,Haryana,Panchkula,"Sector-6, Panchkula - HSPCB ",02-05-2024 10:00:00,30.7057778,76.8531805555555,OZONE,38,56,42
India,Haryana,Panipat,"Sector-18, Panipat - HSPCB",02-05-2024 10:00:00,29.497973,76.993331,CO,24,26,25
India,Haryana,Rohtak,"MD University, Rohtak - HSPCB",02-05-2024 10:00:00,28.52123,76.37138,PM2.5,2,162,76
India,Haryana,Rohtak,"MD University, Rohtak - HSPCB",02-05-2024 10:00:00,28.52123,76.37138,OZONE,43,57,50
India,Haryana,Sirsa,"F-Block, Sirsa - HSPCB",02-05-2024 10:00:00,29.536400,75.015800,SO2,1,7,2
India,Haryana,Sirsa,"F-Block, Sirsa - HSPCB",02-05-2024 10:00:00,29.536400,75.015800,CO,54,76,72
India,Haryana,Sirsa,"F-Block, Sirsa - HSPCB",02-05-2024 10:00:00,29.536400,75.015800,OZONE,42,116,69
India,Haryana,Sonipat,"Murthal, Sonipat - HSPCB",02-05-2024 10:00:00,29.027200,77.062100,NO2,37,44,40
India,Haryana,Sonipat,"Murthal, Sonipat - HSPCB",02-05-2024 10:00:00,29.027200,77.062100,NH3,5,10,9
India,Haryana,Sonipat,"Murthal, Sonipat - HSPCB",02-05-2024 10:00:00,29.027200,77.062100,SO2,13,29,20
India,Haryana,Yamuna Nagar,"Gobind Pura, Yamuna Nagar - HSPCB",02-05-2024 10:00:00,30.1480566,77.2893471,SO2,3,11,7
India,Haryana,Yamuna Nagar,"Gobind Pura, Yamuna Nagar - HSPCB",02-05-2024 10:00:00,30.1480566,77.2893471,OZONE,17,35,20
India,Himachal Pradesh,Baddi,"HIMUDA Complex Phase-1, Baddi - HPPCB",02-05-2024 10:00:00,30.943887,76.801991,CO,19,58,34
India,Jharkhand,Dhanbad,"Kalakusuma, Dhanbad - DMC",02-05-2024 10:00:00,23.811548,86.481238,CO,129,136,132
India,Karnataka,Bengaluru,"BTM Layout, Bengaluru - CPCB",02-05-2024 10:00:00,12.9135218,77.5950804,NO2,34,52,38
India,Karnataka,Bengaluru,"Hombegowda Nagar, Bengaluru - KSPCB",02-05-2024 10:00:00,12.938539,77.590100,NH3,1,2,1
India,Karnataka,Bengaluru,"Jayanagar 5th Block, Bengaluru - KSPCB",02-05-2024 10:00:00,12.920984,77.584908,PM10,73,457,133
India,Karnataka,Bengaluru,"Kasturi Nagar, Bengaluru - KSPCB",02-05-2024 10:00:00,13.003872,77.664217,OZONE,5,133,25
India,Karnataka,Bengaluru,"Peenya, Bengaluru - CPCB",02-05-2024 10:00:00,13.0270199,77.494094,PM10,43,104,66
India,Karnataka,Bengaluru,"Peenya, Bengaluru - CPCB",02-05-2024 10:00:00,13.0270199,77.494094,NH3,3,5,4
India,Karnataka,Bengaluru,"Peenya, Bengaluru - CPCB",02-05-2024 10:00:00,13.0270199,77.494094,CO,34,44,35
India,Karnataka,Bengaluru,"RVCE-Mailasandra, Bengaluru - KSPCB",02-05-2024 10:00:00,12.921418,77.502466,CO,33,117,46
India,Karnataka,Bengaluru,"Sanegurava Halli, Bengaluru - KSPCB",02-05-2024 10:00:00,12.990328,77.5431385,SO2,2,4,3
India,Karnataka,Bengaluru,"Shivapura_Peenya, Bengaluru - KSPCB",02-05-2024 10:00:00,13.0246342,77.5080115,NH3,4,4,4
India,Karnataka,Bengaluru,"Silk Board, Bengaluru - KSPCB",02-05-2024 10:00:00,12.917348,77.622813,NO2,9,84,22
India,Karnataka,Bengaluru,"Silk Board, Bengaluru - KSPCB",02-05-2024 10:00:00,12.917348,77.622813,CO,8,20,11
India,Karnataka,Chamarajanagar,"Urban, Chamarajanagar - KSPCB",02-05-2024 10:00:00,11.55358,76.55521,PM2.5,31,42,38
India,Karnataka,Chamarajanagar,"Urban, Chamarajanagar - KSPCB",02-05-2024 10:00:00,11.55358,76.55521,NO2,21,31,25
India,Karnataka,Chikkamagaluru,"Kalyana Nagara, Chikkamagaluru - KSPCB",02-05-2024 10:00:00,13.328028,75.797056,PM2.5,NA,NA,NA
India,Karnataka,Chikkamagaluru,"Kalyana Nagara, Chikkamagaluru - KSPCB",02-05-2024 10:00:00,13.328028,75.797056,SO2,NA,NA,NA
India,Karnataka,Chikkamagaluru,"Kalyana Nagara, Chikkamagaluru - KSPCB",02-05-2024 10:00:00,13.328028,75.797056,CO,11,110,34
India,Karnataka,Dharwad,"Kalabhavan, Dharwad - KSPCB",02-05-2024 10:00:00,15.459706,75.008381,NH3,3,3,3
India,Karnataka,Gadag,"Panchal Nagar, Gadag - KSPCB",02-05-2024 10:00:00,15.411456,75.638133,NH3,2,3,2
India,Karnataka,Gadag,"Panchal Nagar, Gadag - KSPCB",02-05-2024 10:00:00,15.411456,75.638133,SO2,9,16,14
India,Karnataka,Hassan,"B.Katihalli, Hassan - KSPCB",02-05-2024 10:00:00,13.008556,76.125258,CO,NA,NA,NA
India,Karnataka,Hubballi,"Deshpande Nagar, Hubballi - KSPCB",02-05-2024 10:00:00,15.351773,75.140726,SO2,8,61,23
India,Karnataka,Hubballi,"Lingaraj Nagar, Hubballi - KSPCB",02-05-2024 10:00:00,15.3714823,75.1160168,PM10,46,69,61
India,Karnataka,Kalaburagi,"Lal Bahadur Shastri Nagar, Kalaburagi - KSPCB",02-05-2024 10:00:00,17.321993,76.822628,PM2.5,31,110,57
India,Karnataka,Kalaburagi,"Mahatma Basaveswar Colony, Kalaburgi - KSPCB",02-05-2024 10:00:00,17.336318,76.847397,PM2.5,24,74,43
India,Karnataka,Kalaburagi,"Mahatma Basaveswar Colony, Kalaburgi - KSPCB",02-05-2024 10:00:00,17.336318,76.847397,NO2,8,19,13
India,Karnataka,Kalaburagi,"Mahatma Basaveswar Colony, Kalaburgi - KSPCB",02-05-2024 10:00:00,17.336318,76.847397,CO,32,52,35
India,Karnataka,Kolar,"Tamaka Ind. Area, Kolar - KSPCB",02-05-2024 10:00:00,13.1276288,78.1570122,SO2,9,9,9
India,Karnataka,Kolar,"Tamaka Ind. Area, Kolar - KSPCB",02-05-2024 10:00:00,13.1276288,78.1570122,OZONE,13,16,14
India,Karnataka,Madikeri,"Stuart Hill, Madikeri - KSPCB",02-05-2024 10:00:00,12.415911,75.735050,SO2,4,4,4
India,Karnataka,Mangalore,"Kadri, Mangalore - KSPCB",02-05-2024 10:00:00,12.889250,74.853000,NO2,5,6,6
India,Karnataka,Mangalore,"Kadri, Mangalore - KSPCB",02-05-2024 10:00:00,12.889250,74.853000,CO,34,36,36
India,Karnataka,Mysuru,"Hebbal 1st Stage, Mysuru - KSPCB",02-05-2024 10:00:00,12.21041,76.37376,SO2,1,4,2
India,Karnataka,Ramanagara,"Vijay Nagar, Ramanagara - KSPCB",02-05-2024 10:00:00,12.733409,77.298051,PM2.5,NA,NA,NA
India,Karnataka,Ramanagara,"Vijay Nagar, Ramanagara - KSPCB",02-05-2024 10:00:00,12.733409,77.298051,PM10,NA,NA,NA
India,Karnataka,Ramanagara,"Vijay Nagar, Ramanagara - KSPCB",02-05-2024 10:00:00,12.733409,77.298051,NO2,NA,NA,NA
India,Karnataka,Shivamogga,"Vinoba Nagara, Shivamogga - KSPCB",02-05-2024 10:00:00,13.940000,75.555917,NO2,8,18,12
India,Karnataka,Shivamogga,"Vinoba Nagara, Shivamogga - KSPCB",02-05-2024 10:00:00,13.940000,75.555917,OZONE,5,69,42
India,Karnataka,Tumakuru,"Thimmalapura, Tumakuru - KSPCB",02-05-2024 10:00:00,13.377516,77.099072,CO,28,34,32
India,Karnataka,Tumakuru,"Thimmalapura, Tumakuru - KSPCB",02-05-2024 10:00:00,13.377516,77.099072,OZONE,7,38,17
India,Kerala,Eloor,"Udyogamandal, Eloor - Kerala PCB",02-05-2024 10:00:00,10.073232,76.302765,CO,14,126,28
India,Kerala,Kannur,"Thavakkara, Kannur - Kerala PCB",02-05-2024 10:00:00,11.875000,75.373200,OZONE,31,36,32
India,Kerala,Kollam,"Polayathode, Kollam - Kerala PCB",02-05-2024 10:00:00,8.8787,76.6073,NH3,1,1,1
India,Kerala,Thiruvananthapuram,"Kariavattom, Thiruvananthapuram - Kerala PCB",02-05-2024 10:00:00,8.563700,76.886500,CO,18,38,22
India,Kerala,Thiruvananthapuram,"Plammoodu, Thiruvananthapuram - Kerala PCB",02-05-2024 10:00:00,8.5149093,76.9435879,SO2,4,15,11
India,Kerala,Thrissur,"Corporation Ground, Thrissur - Kerala PCB",02-05-2024 10:00:00,10.532400,76.215900,NH3,NA,NA,NA
India,Kerala,Thrissur,"Corporation Ground, Thrissur - Kerala PCB",02-05-2024 10:00:00,10.532400,76.215900,CO,14,140,43
India,Kerala,Thrissur,"Corporation Ground, Thrissur - Kerala PCB",02-05-2024 10:00:00,10.532400,76.215900,OZONE,27,32,30
India,Madhya Pradesh,Bhopal,"Paryavaran Parisar, Bhopal - MPPCB",02-05-2024 10:00:00,23.210494,77.425409,NO2,11,117,40
India,Madhya Pradesh,Bhopal,"T T Nagar, Bhopal - MPPCB",02-05-2024 10:00:00,23.233584,77.400574,NH3,1,6,4
India,Madhya Pradesh,Bhopal,"T T Nagar, Bhopal - MPPCB",02-05-2024 10:00:00,23.233584,77.400574,CO,12,92,32
India,Madhya Pradesh,Dewas,"Bhopal Chauraha, Dewas - MPPCB",02-05-2024 10:00:00,22.9682591,76.064118,NH3,3,3,3
India,Madhya Pradesh,Gwalior,"City Center, Gwalior - MPPCB",02-05-2024 10:00:00,26.203442,78.193251,NO2,8,58,21
India,Madhya Pradesh,Gwalior,"City Center, Gwalior - MPPCB",02-05-2024 10:00:00,26.203442,78.193251,CO,18,67,44
India,Madhya Pradesh,Gwalior,"Deen Dayal Nagar, Gwalior - MPPCB",02-05-2024 10:00:00,26.259242,78.216432,NO2,8,39,23
India,Madhya Pradesh,Gwalior,"Maharaj Bada, Gwalior - MPPCB",02-05-2024 10:00:00,26.200388,78.147714,NH3,2,9,5
India,Madhya Pradesh,Gwalior,"Maharaj Bada, Gwalior - MPPCB",02-05-2024 10:00:00,26.200388,78.147714,OZONE,74,175,169
India,Madhya Pradesh,Gwalior,"Phool Bagh, Gwalior - Mondelez Ind. Food",02-05-2024 10:00:00,26.210536,78.171,PM10,30,146,102
India,Madhya Pradesh,Gwalior,"Phool Bagh, Gwalior - Mondelez Ind. Food",02-05-2024 10:00:00,26.210536,78.171,SO2,23,28,25
India,Madhya Pradesh,Indore,"Chhoti Gwaltoli, Indore - MPPCB",02-05-2024 10:00:00,22.4310,75.5213,PM2.5,20,77,47
India,Madhya Pradesh,Indore,"Chhoti Gwaltoli, Indore - MPPCB",02-05-2024 10:00:00,22.4310,75.5213,NO2,41,106,68
India,Madhya Pradesh,Indore,"Chhoti Gwaltoli, Indore - MPPCB",02-05-2024 10:00:00,22.4310,75.5213,CO,33,150,38
India,Madhya Pradesh,Indore,"Maguda Nagar, Indore - IMC",02-05-2024 10:00:00,22.7524,75.8872,PM2.5,40,133,76
India,Madhya Pradesh,Indore,"Maguda Nagar, Indore - IMC",02-05-2024 10:00:00,22.7524,75.8872,PM10,41,103,66
India,Madhya Pradesh,Indore,"Maguda Nagar, Indore - IMC",02-05-2024 10:00:00,22.7524,75.8872,CO,24,32,29
India,Madhya Pradesh,Indore,"Residency Area, Indore - IMC",02-05-2024 10:00:00,22.7084,75.8815,PM2.5,NA,NA,NA
India,Madhya Pradesh,Indore,"Residency Area, Indore - IMC",02-05-2024 10:00:00,22.7084,75.8815,NO2,NA,NA,NA
India,Madhya Pradesh,Indore,"Residency Area, Indore - IMC",02-05-2024 10:00:00,22.7084,75.8815,SO2,NA,NA,NA
India,Madhya Pradesh,Jabalpur,"Govindh Bhavan Colony, Jabalpur - JMC",02-05-2024 10:00:00,23.163174,79.973061,PM10,51,97,68
India,Madhya Pradesh,Jabalpur,"Gupteshwar, Jabalpur - JMC",02-05-2024 10:00:00,23.142888,79.916147,PM10,70,116,91
India,Madhya Pradesh,Jabalpur,"Suhagi, Jabalpur - JMC",02-05-2024 10:00:00,23.218135,79.957770,PM10,88,173,128
India,Madhya Pradesh,Jabalpur,"Suhagi, Jabalpur - JMC",02-05-2024 10:00:00,23.218135,79.957770,NO2,38,46,41
India,Madhya Pradesh,Pithampur,"Sector-2 Industrial Area, Pithampur - MPPCB",02-05-2024 10:00:00,22.624758,75.675238,PM2.5,10,191,56
India,Madhya Pradesh,Pithampur,"Sector-2 Industrial Area, Pithampur - MPPCB",02-05-2024 10:00:00,22.624758,75.675238,PM10,111,181,133
India,Madhya Pradesh,Pithampur,"Sector-2 Industrial Area, Pithampur - MPPCB",02-05-2024 10:00:00,22.624758,75.675238,CO,39,50,44
India,Madhya Pradesh,Sagar,"Civil Lines, Sagar - MPPCB",02-05-2024 10:00:00,23.838586,78.759431,SO2,2,13,5
India,Madhya Pradesh,Sagar,"Civil Lines, Sagar - MPPCB",02-05-2024 10:00:00,23.838586,78.759431,CO,10,30,16
India,Madhya Pradesh,Sagar,"Civil Lines, Sagar - MPPCB",02-05-2024 10:00:00,23.838586,78.759431,OZONE,59,168,87
India,Madhya Pradesh,Sagar,"Deen Dayal Nagar, Sagar - MPPCB",02-05-2024 10:00:00,23.8640158,78.80289321,PM10,15,83,38
India,Madhya Pradesh,Satna,"Bandhavgar Colony, Satna - Birla Cement",02-05-2024 10:00:00,24.58434363,80.8549414,NO2,NA,NA,NA
India,Madhya Pradesh,Singrauli,"Suryakiran Bhawan NCL, Singrauli - MPPCB",02-05-2024 10:00:00,24.108970,82.645580,PM2.5,75,412,161
India,Madhya Pradesh,Singrauli,"Suryakiran Bhawan NCL, Singrauli - MPPCB",02-05-2024 10:00:00,24.108970,82.645580,OZONE,11,81,58
India,Madhya Pradesh,Ujjain,"Mahakaleshwar Temple, Ujjain - MPPCB",02-05-2024 10:00:00,23.182719 ,75.768218 ,OZONE,NA,NA,NA
India,Maharashtra,Ahmednagar,"Tarakpur, Ahmednagar - MPCB",02-05-2024 10:00:00,19.10122,74.73339,PM2.5,18,48,30
India,Maharashtra,Ahmednagar,"Tarakpur, Ahmednagar - MPCB",02-05-2024 10:00:00,19.10122,74.73339,CO,17,54,34
India,Maharashtra,Amravati,"Shivneri Colony, Amravati - MPCB",02-05-2024 10:00:00,20.9402359,77.7895248,PM2.5,43,64,53
India,Maharashtra,Amravati,"Shivneri Colony, Amravati - MPCB",02-05-2024 10:00:00,20.9402359,77.7895248,PM10,83,120,109
India,Maharashtra,Amravati,"Shivneri Colony, Amravati - MPCB",02-05-2024 10:00:00,20.9402359,77.7895248,NO2,7,63,22
India,Maharashtra,Amravati,"Shivneri Colony, Amravati - MPCB",02-05-2024 10:00:00,20.9402359,77.7895248,OZONE,1,114,43
India,Maharashtra,Amravati,"Shri Shivaji Science College, Amaravati - MPCB",02-05-2024 10:00:00,20.939198,77.765701,CO,1,90,13
India,Maharashtra,Amravati,"Shri Shivaji Science College, Amaravati - MPCB",02-05-2024 10:00:00,20.939198,77.765701,OZONE,3,133,57
India,Maharashtra,Aurangabad,"More Chowk Waluj, Aurangabad - MPCB",02-05-2024 10:00:00,19.8389439,75.244448,NO2,39,47,44
India,Maharashtra,Aurangabad,"More Chowk Waluj, Aurangabad - MPCB",02-05-2024 10:00:00,19.8389439,75.244448,CO,2,34,10
India,Maharashtra,Badlapur,"Katrap, Badlapur - MPCB",02-05-2024 10:00:00,19.16485,73.23409,CO,12,90,53
India,Maharashtra,Bhiwandi,"Gokul Nagar, Bhiwandi - MPCB",02-05-2024 10:00:00,19.309073,73.057223,PM2.5,30,72,42
India,Maharashtra,Bhiwandi,"Gokul Nagar, Bhiwandi - MPCB",02-05-2024 10:00:00,19.309073,73.057223,NO2,12,40,22
India,Maharashtra,Boisar,"Khaira, Boisar - MPCB",02-05-2024 10:00:00,19.786089,72.757971,PM2.5,5,103,61
India,Maharashtra,Boisar,"Khaira, Boisar - MPCB",02-05-2024 10:00:00,19.786089,72.757971,PM10,68,124,100
India,Maharashtra,Boisar,"Khaira, Boisar - MPCB",02-05-2024 10:00:00,19.786089,72.757971,OZONE,26,76,43
India,Maharashtra,Chandrapur,"Chauhan Colony, Chandrapur - MPCB",02-05-2024 10:00:00,19.962900,79.298714,NH3,1,1,1
India,Maharashtra,Chandrapur,"Chauhan Colony, Chandrapur - MPCB",02-05-2024 10:00:00,19.962900,79.298714,CO,24,46,25
India,Maharashtra,Dhule,"Deopur, Dhule - MPCB",02-05-2024 10:00:00,20.918946,74.776388,PM2.5,39,77,62
India,Maharashtra,Dhule,"Deopur, Dhule - MPCB",02-05-2024 10:00:00,20.918946,74.776388,NO2,25,103,37
India,Maharashtra,Dhule,"Deopur, Dhule - MPCB",02-05-2024 10:00:00,20.918946,74.776388,OZONE,20,128,32
India,Maharashtra,Jalgaon,"Prabhat Colony, Jalgaon - MPCB",02-05-2024 10:00:00,21.001264,75.565602,OZONE,16,127,25
India,Maharashtra,Jalna,"Old MIDC, Jalna - MPCB",02-05-2024 10:00:00,19.854616,75.905894,PM10,98,135,112
India,Maharashtra,Jalna,"Old MIDC, Jalna - MPCB",02-05-2024 10:00:00,19.854616,75.905894,CO,20,30,29
India,Maharashtra,Kalyan,"Khadakpada, Kalyan - MPCB",02-05-2024 10:00:00,19.25292,73.142019,PM10,76,141,114
India,Maharashtra,Kalyan,"Khadakpada, Kalyan - MPCB",02-05-2024 10:00:00,19.25292,73.142019,NO2,27,34,30
India,Maharashtra,Kalyan,"Khadakpada, Kalyan - MPCB",02-05-2024 10:00:00,19.25292,73.142019,OZONE,9,22,10
India,Maharashtra,Kolhapur,"Shivaji University, Kolhapur - MPCB",02-05-2024 10:00:00,16.6870449,74.2505872,SO2,2,8,5
India,Maharashtra,Kolhapur,"Sinchan Bhavan, Kolhapur - MPCB",02-05-2024 10:00:00,16.7143745,74.2426398,PM10,NA,NA,NA
India,Maharashtra,Kolhapur,"Sinchan Bhavan, Kolhapur - MPCB",02-05-2024 10:00:00,16.7143745,74.2426398,OZONE,30,118,43
India,Maharashtra,Latur,"Sawe Wadi, Latur - MPCB",02-05-2024 10:00:00,18.39963,76.57452,CO,NA,NA,NA
India,Maharashtra,Mahad,"Kamble Tarf Birwadi, Mahad - MPCB",02-05-2024 10:00:00,18.1023399,73.4783687,PM10,71,129,90
India,Maharashtra,Malegaon,"Mahesh Nagar, Malegaon - MPCB",02-05-2024 10:00:00,20.555712,74.529236,OZONE,25,98,39
India,Maharashtra,Mira-Bhayandar,"Bhayandar West, Mira-Bhayandar - MPCB",02-05-2024 10:00:00,19.296481,72.840923,PM2.5,41,60,50
India,Maharashtra,Mira-Bhayandar,"Bhayandar West, Mira-Bhayandar - MPCB",02-05-2024 10:00:00,19.296481,72.840923,NO2,4,45,13
India,Maharashtra,Mumbai,"Bandra Kurla Complex, Mumbai - MPCB",02-05-2024 10:00:00,19.065931,72.862131,SO2,3,5,4
India,Maharashtra,Mumbai,"Bandra Kurla Complex, Mumbai - MPCB",02-05-2024 10:00:00,19.065931,72.862131,OZONE,26,105,42
India,Maharashtra,Mumbai,"Borivali East, Mumbai - IITM",02-05-2024 10:00:00,19.23241,72.86895,PM10,67,109,92
India,Maharashtra,Mumbai,"Borivali East, Mumbai - MPCB",02-05-2024 10:00:00,19.2243333,72.8658113,SO2,8,24,12
India,Maharashtra,Mumbai,"Byculla, Mumbai - BMC",02-05-2024 10:00:00,18.9767,72.8380,PM10,46,71,59
India,Maharashtra,Mumbai,"Byculla, Mumbai - BMC",02-05-2024 10:00:00,18.9767,72.8380,NO2,5,10,7
India,Maharashtra,Mumbai,"Chakala-Andheri East, Mumbai - IITM",02-05-2024 10:00:00,19.11074,72.86084,CO,1,100,86
India,Maharashtra,Mumbai,"Chembur, Mumbai - MPCB",02-05-2024 10:00:00,19.0364585,72.8954371,CO,27,51,34
India,Maharashtra,Mumbai,"Chhatrapati Shivaji Intl. Airport (T2), Mumbai - MPCB",02-05-2024 10:00:00,19.10078,72.87462,PM10,71,111,95
India,Maharashtra,Mumbai,"Chhatrapati Shivaji Intl. Airport (T2), Mumbai - MPCB",02-05-2024 10:00:00,19.10078,72.87462,CO,24,50,36
India,Maharashtra,Mumbai,"Colaba, Mumbai - MPCB",02-05-2024 10:00:00,18.910000,72.820000,PM2.5,16,57,31
India,Maharashtra,Mumbai,"Deonar, Mumbai - IITM",02-05-2024 10:00:00,19.04946,72.9230,PM2.5,25,148,71
India,Maharashtra,Mumbai,"Deonar, Mumbai - IITM",02-05-2024 10:00:00,19.04946,72.9230,PM10,87,130,111
India,Maharashtra,Mumbai,"Deonar, Mumbai - IITM",02-05-2024 10:00:00,19.04946,72.9230,NO2,9,14,11
India,Maharashtra,Mumbai,"Ghatkopar, Mumbai - BMC",02-05-2024 10:00:00,19.083694,72.920967,CO,1,23,12
India,Maharashtra,Mumbai,"Kandivali East, Mumbai - MPCB",02-05-2024 10:00:00,19.205800,72.868200,PM2.5,9,41,19
India,Maharashtra,Mumbai,"Kandivali West, Mumbai - BMC",02-05-2024 10:00:00,19.215859,72.831718,PM10,29,59,49
India,Maharashtra,Mumbai,"Kandivali West, Mumbai - BMC",02-05-2024 10:00:00,19.215859,72.831718,SO2,1,5,3
India,Maharashtra,Mumbai,"Kurla, Mumbai - MPCB",02-05-2024 10:00:00,19.0863,72.8888,PM2.5,21,45,35
India,Maharashtra,Mumbai,"Kurla, Mumbai - MPCB",02-05-2024 10:00:00,19.0863,72.8888,NO2,11,18,15
India,Maharashtra,Mumbai,"Mazgaon, Mumbai - IITM",02-05-2024 10:00:00,18.96702,72.84214,PM10,73,103,91
India,Maharashtra,Mumbai,"Mazgaon, Mumbai - IITM",02-05-2024 10:00:00,18.96702,72.84214,SO2,1,7,1
India,Maharashtra,Mumbai,"Mulund West, Mumbai - MPCB",02-05-2024 10:00:00,19.1750,72.9419,PM2.5,33,62,47
India,Maharashtra,Mumbai,"Mulund West, Mumbai - MPCB",02-05-2024 10:00:00,19.1750,72.9419,PM10,74,117,100
India,Maharashtra,Mumbai,"Navy Nagar-Colaba, Mumbai - IITM",02-05-2024 10:00:00,18.897756,72.813320,PM2.5,29,59,39
India,Maharashtra,Mumbai,"Navy Nagar-Colaba, Mumbai - IITM",02-05-2024 10:00:00,18.897756,72.813320,SO2,2,13,9
India,Maharashtra,Mumbai,"Navy Nagar-Colaba, Mumbai - IITM",02-05-2024 10:00:00,18.897756,72.813320,OZONE,49,113,63
India,Maharashtra,Mumbai,"Powai, Mumbai - MPCB",02-05-2024 10:00:00,19.137500,72.915056,NO2,20,31,24
India,Maharashtra,Mumbai,"Sewri, Mumbai - BMC",02-05-2024 10:00:00,19.000084,72.856730,PM2.5,2,11,6
India,Maharashtra,Mumbai,"Shivaji Nagar, Mumbai - BMC",02-05-2024 10:00:00,19.060498,72.923356,SO2,NA,NA,NA
India,Maharashtra,Mumbai,"Siddharth Nagar-Worli, Mumbai - IITM",02-05-2024 10:00:00,19.000083,72.813993,NO2,18,25,21
India,Maharashtra,Mumbai,"Siddharth Nagar-Worli, Mumbai - IITM",02-05-2024 10:00:00,19.000083,72.813993,CO,22,42,36
India,Maharashtra,Mumbai,"Sion, Mumbai - MPCB",02-05-2024 10:00:00,19.047000,72.874600,SO2,33,36,34
India,Maharashtra,Mumbai,"Sion, Mumbai - MPCB",02-05-2024 10:00:00,19.047000,72.874600,OZONE,57,70,64
India,Maharashtra,Mumbai,"Vasai West, Mumbai - MPCB",02-05-2024 10:00:00,19.383200,72.820400,CO,28,38,33
India,Maharashtra,Nagpur,"Mahal, Nagpur - MPCB",02-05-2024 10:00:00,21.14472,79.107595,PM2.5,35,63,48
India,Maharashtra,Nagpur,"Mahal, Nagpur - MPCB",02-05-2024 10:00:00,21.14472,79.107595,PM10,73,111,91
India,Maharashtra,Nagpur,"Mahal, Nagpur - MPCB",02-05-2024 10:00:00,21.14472,79.107595,SO2,7,67,26
India,Maharashtra,Nagpur,"Mahal, Nagpur - MPCB",02-05-2024 10:00:00,21.14472,79.107595,OZONE,1,89,42
India,Maharashtra,Nanded,"Sneh Nagar, Nanded - MPCB",02-05-2024 10:00:00,19.173852,77.296291,PM2.5,61,84,74
India,Maharashtra,Nanded,"Sneh Nagar, Nanded - MPCB",02-05-2024 10:00:00,19.173852,77.296291,NH3,1,2,1
India,Maharashtra,Nashik,"Gangapur Road, Nashik - MPCB",02-05-2024 10:00:00,20.0073285,73.7762427,PM2.5,47,94,64
India,Maharashtra,Nashik,"Gangapur Road, Nashik - MPCB",02-05-2024 10:00:00,20.0073285,73.7762427,SO2,5,16,10
India,Maharashtra,Nashik,"Gangapur Road, Nashik - MPCB",02-05-2024 10:00:00,20.0073285,73.7762427,CO,10,103,46
India,Maharashtra,Nashik,"Hirawadi, Nashik - MPCB",02-05-2024 10:00:00,20.021503,73.813844,NH3,1,2,2
India,Maharashtra,Nashik,"MIDC Ambad, Nashik - MPCB",02-05-2024 10:00:00,19.950220,73.731480,SO2,3,36,22
India,Maharashtra,Nashik,"Pandav Nagari, Nashik - MPCB",02-05-2024 10:00:00,19.9591346,73.7788008,PM10,59,112,86
India,Maharashtra,Navi Mumbai,"Kopripada-Vashi, Navi Mumbai - MPCB",02-05-2024 10:00:00,19.090337,73.014232,PM2.5,24,54,40
India,Maharashtra,Navi Mumbai,"Kopripada-Vashi, Navi Mumbai - MPCB",02-05-2024 10:00:00,19.090337,73.014232,PM10,31,152,122
India,Maharashtra,Navi Mumbai,"Kopripada-Vashi, Navi Mumbai - MPCB",02-05-2024 10:00:00,19.090337,73.014232,OZONE,26,101,32
India,Maharashtra,Navi Mumbai,"Mahape, Navi Mumbai - MPCB",02-05-2024 10:00:00,19.1135051,73.008978,OZONE,38,66,40
India,Maharashtra,Navi Mumbai,"Sanpada, Navi Mumbai - MPCB",02-05-2024 10:00:00,19.0575752,73.0151367,PM10,82,116,101
India,Maharashtra,Navi Mumbai,"Sanpada, Navi Mumbai - MPCB",02-05-2024 10:00:00,19.0575752,73.0151367,SO2,1,4,2
India,Maharashtra,Navi Mumbai,"Sanpada, Navi Mumbai - MPCB",02-05-2024 10:00:00,19.0575752,73.0151367,OZONE,18,75,28
India,Maharashtra,Navi Mumbai,"Sector-19A Nerul, Navi Mumbai - IITM",02-05-2024 10:00:00,19.044,73.0325,CO,20,53,31
India,Maharashtra,Navi Mumbai,"Sector-19A Nerul, Navi Mumbai - IITM",02-05-2024 10:00:00,19.044,73.0325,OZONE,23,110,27
India,Maharashtra,Navi Mumbai,"Sector-2E Kalamboli, Navi Mumbai - MPCB",02-05-2024 10:00:00,19.02579,73.10297,SO2,4,32,13
India,Maharashtra,Navi Mumbai,"Sector-2E Kalamboli, Navi Mumbai - MPCB",02-05-2024 10:00:00,19.02579,73.10297,OZONE,5,64,14
India,Maharashtra,Navi Mumbai,"Tondare-Taloja, Navi Mumbai - MPCB",02-05-2024 10:00:00,19.0630,73.1209,PM10,77,120,101
India,Maharashtra,Navi Mumbai,"Tondare-Taloja, Navi Mumbai - MPCB",02-05-2024 10:00:00,19.0630,73.1209,NH3,3,4,3
India,Maharashtra,Parbhani,"Masoom Colony, Parbhani - MPCB",02-05-2024 10:00:00,19.265594,76.761463,PM10,98,122,111
India,Maharashtra,Parbhani,"Masoom Colony, Parbhani - MPCB",02-05-2024 10:00:00,19.265594,76.761463,NH3,4,19,6
India,Maharashtra,Pimpri-Chinchwad,"Park Street Wakad, Pimpri Chinchwad - MPCB",02-05-2024 10:00:00,18.59051,73.77946,SO2,4,19,9
India,Maharashtra,Pimpri-Chinchwad,"Park Street Wakad, Pimpri Chinchwad - MPCB",02-05-2024 10:00:00,18.59051,73.77946,CO,4,42,23
India,Maharashtra,Pimpri-Chinchwad,"Thergaon, Pimpri Chinchwad - MPCB",02-05-2024 10:00:00,18.616318,73.765797,NH3,NA,NA,NA
India,Maharashtra,Pimpri-Chinchwad,"Thergaon, Pimpri Chinchwad - MPCB",02-05-2024 10:00:00,18.616318,73.765797,SO2,3,6,4
India,Maharashtra,Pune,"Bhosari, Pune - IITM",02-05-2024 10:00:00,18.640051,73.848956,NO2,14,16,15
India,Maharashtra,Pune,"Karve Road, Pune - MPCB",02-05-2024 10:00:00,18.5011743,73.8165527,PM10,42,180,100
India,Maharashtra,Pune,"Karve Road, Pune - MPCB",02-05-2024 10:00:00,18.5011743,73.8165527,NO2,4,23,11
India,Maharashtra,Pune,"Katraj Dairy, Pune - MPCB",02-05-2024 10:00:00,18.454450,73.854155,OZONE,34,60,41
India,Maharashtra,Pune,"Mhada Colony, Pune - IITM",02-05-2024 10:00:00,18.573040,73.927715,PM2.5,31,63,46
India,Maharashtra,Pune,"Mhada Colony, Pune - IITM",02-05-2024 10:00:00,18.573040,73.927715,PM10,58,112,87
India,Maharashtra,Pune,"Mhada Colony, Pune - IITM",02-05-2024 10:00:00,18.573040,73.927715,CO,1,82,22
India,Maharashtra,Pune,"Revenue Colony-Shivajinagar, Pune - IITM",02-05-2024 10:00:00,18.530085,73.849598,PM10,32,68,48
India,Maharashtra,Pune,"Revenue Colony-Shivajinagar, Pune - IITM",02-05-2024 10:00:00,18.530085,73.849598,NH3,8,15,11
India,Maharashtra,Pune,"Savitribai Phule Pune University, Pune - MPCB",02-05-2024 10:00:00,18.547056,73.826908,PM2.5,36,67,52
India,Maharashtra,Pune,"Savitribai Phule Pune University, Pune - MPCB",02-05-2024 10:00:00,18.547056,73.826908,NO2,9,25,16
India,Maharashtra,Pune,"Savitribai Phule Pune University, Pune - MPCB",02-05-2024 10:00:00,18.547056,73.826908,SO2,2,10,6
India,Maharashtra,Pune,"Transport Nagar-Nigdi, Pune - IITM",02-05-2024 10:00:00,18.664282,73.763966,PM10,88,88,88
India,Maharashtra,Pune,"Transport Nagar-Nigdi, Pune - IITM",02-05-2024 10:00:00,18.664282,73.763966,NO2,11,14,13
India,Maharashtra,Solapur,"Dnyaneshwar Nagar, Solapur - MPCB",02-05-2024 10:00:00,17.6336264,75.9132495,PM2.5,59,182,103
India,Maharashtra,Solapur,"Ratandeep Housing Society, Solapur - MPCB",02-05-2024 10:00:00,17.65439,75.90649,NH3,1,25,23
India,Maharashtra,Solapur,"Ratandeep Housing Society, Solapur - MPCB",02-05-2024 10:00:00,17.65439,75.90649,CO,12,57,19
India,Maharashtra,Solapur,"Solapur, Solapur - MPCB",02-05-2024 10:00:00,17.6599188,75.9063906,SO2,102,105,103
India,Maharashtra,Thane,"Kasarvadavali, Thane - MPCB",02-05-2024 10:00:00,19.26777,72.97182,PM10,54,98,77
India,Maharashtra,Thane,"Kasarvadavali, Thane - MPCB",02-05-2024 10:00:00,19.26777,72.97182,NH3,3,7,5
India,Maharashtra,Thane,"Pimpleshwar Mandir, Thane - MPCB",02-05-2024 10:00:00,19.192056,72.9585188,PM10,82,119,99
India,Maharashtra,Thane,"Pimpleshwar Mandir, Thane - MPCB",02-05-2024 10:00:00,19.192056,72.9585188,NH3,1,6,2
India,Maharashtra,Thane,"Pimpleshwar Mandir, Thane - MPCB",02-05-2024 10:00:00,19.192056,72.9585188,SO2,2,28,11
India,Maharashtra,Thane,"Pimpleshwar Mandir, Thane - MPCB",02-05-2024 10:00:00,19.192056,72.9585188,OZONE,8,65,17
India,Maharashtra,Thane,"Upvan Fort, Thane - MPCB",02-05-2024 10:00:00,19.222279,72.957979,OZONE,20,80,29
India,Maharashtra,Ulhasnagar,"Sidhi Vinayak Nagar, Ulhasnagar - MPCB",02-05-2024 10:00:00,19.235581,73.159121,PM10,81,122,102
India,Maharashtra,Ulhasnagar,"Sidhi Vinayak Nagar, Ulhasnagar - MPCB",02-05-2024 10:00:00,19.235581,73.159121,SO2,11,26,15
India,Maharashtra,Ulhasnagar,"Sidhi Vinayak Nagar, Ulhasnagar - MPCB",02-05-2024 10:00:00,19.235581,73.159121,OZONE,21,162,33
India,Maharashtra,Virar,"Bolinj, Virar - MPCB",02-05-2024 10:00:00,19.4458210,72.7988231,PM10,92,121,102
India,Maharashtra,Virar,"Bolinj, Virar - MPCB",02-05-2024 10:00:00,19.4458210,72.7988231,OZONE,26,128,39
India,Manipur,Imphal,"Manipur University, Imphal - Manipur PCB",02-05-2024 10:00:00,24.7524239,93.9286218,SO2,94,101,96
India,Manipur,Imphal,"Manipur University, Imphal - Manipur PCB",02-05-2024 10:00:00,24.7524239,93.9286218,OZONE,2,44,23
India,Meghalaya,Shillong,"Lumpyngngad, Shillong - Meghalaya PCB",02-05-2024 10:00:00,25.5586,91.8985,PM2.5,47,226,102
India,Meghalaya,Shillong,"Lumpyngngad, Shillong - Meghalaya PCB",02-05-2024 10:00:00,25.5586,91.8985,NO2,1,2,1
India,Mizoram,Aizawl,"Sikulpuikawn, Aizawl - Mizoram PCB",02-05-2024 10:00:00,23.7176342,92.7192841,PM10,38,94,68
India,Mizoram,Aizawl,"Sikulpuikawn, Aizawl - Mizoram PCB",02-05-2024 10:00:00,23.7176342,92.7192841,CO,8,13,9
India,Nagaland,Kohima,"PWD Juction, Kohima - NPCB",02-05-2024 10:00:00,25.6635413,94.0989878,PM10,NA,NA,NA
India,Nagaland,Kohima,"PWD Juction, Kohima - NPCB",02-05-2024 10:00:00,25.6635413,94.0989878,SO2,NA,NA,NA
India,Odisha,Angul,"Hakimapada, Angul - OSPCB",02-05-2024 10:00:00,20.832874,85.104082,PM2.5,72,486,152
India,Odisha,Angul,"Hakimapada, Angul - OSPCB",02-05-2024 10:00:00,20.832874,85.104082,NH3,1,1,1
India,Odisha,Angul,"Hakimapada, Angul - OSPCB",02-05-2024 10:00:00,20.832874,85.104082,CO,18,105,47
India,Odisha,Balasore,"Kalidaspur, Balasore - OSPCB",02-05-2024 10:00:00,21.51161,86.89088,NH3,1,5,2
India,Odisha,Balasore,"Kalidaspur, Balasore - OSPCB",02-05-2024 10:00:00,21.51161,86.89088,SO2,16,35,23
India,Odisha,Barbil,"Forest Office, Barbil - OSPCB",02-05-2024 10:00:00,22.1166054,85.3945546,SO2,10,27,19
India,Odisha,Barbil,"Forest Office, Barbil - OSPCB",02-05-2024 10:00:00,22.1166054,85.3945546,OZONE,36,258,194
India,Odisha,Bileipada,"Tata Township, Bileipada - OSPCB",02-05-2024 10:00:00,22.06156703,85.47409613,PM10,134,252,182
India,Odisha,Bileipada,"Tata Township, Bileipada - OSPCB",02-05-2024 10:00:00,22.06156703,85.47409613,OZONE,30,47,33
India,Odisha,Brajrajnagar,"GM Office, Brajrajnagar - OSPCB",02-05-2024 10:00:00,21.8004996,83.8396977,SO2,30,33,31
India,Odisha,Brajrajnagar,"GM Office, Brajrajnagar - OSPCB",02-05-2024 10:00:00,21.8004996,83.8396977,CO,101,102,102
India,Odisha,Brajrajnagar,"GM Office, Brajrajnagar - OSPCB",02-05-2024 10:00:00,21.8004996,83.8396977,OZONE,2,140,21
India,Odisha,Byasanagar,"Ferro Chrome Colony, Byasanagar - OSPCB",02-05-2024 10:00:00,20.94185,86.11510,NO2,12,24,16
India,Odisha,Byasanagar,"Ferro Chrome Colony, Byasanagar - OSPCB",02-05-2024 10:00:00,20.94185,86.11510,SO2,6,63,17
India,Odisha,Keonjhar,"Jagamohanpur, Keonjhar - OSPCB",02-05-2024 10:00:00,21.643900,85.599355,PM10,86,112,99
India,Odisha,Nayagarh,"Dabuna, Nayagarh - OSPCB",02-05-2024 10:00:00,21.847279,85.416905,PM2.5,84,167,126
India,Odisha,Nayagarh,"Dabuna, Nayagarh - OSPCB",02-05-2024 10:00:00,21.847279,85.416905,SO2,2,18,7
India,Odisha,Rairangpur,"Divisional Forest Office, Rairangpur - OSPCB",02-05-2024 10:00:00,22.265816,86.174829,PM10,79,126,103
India,Odisha,Rourkela,"Fertilizer Township, Rourkela - OSPCB",02-05-2024 10:00:00,22.18972222,84.86277778,PM2.5,NA,NA,NA
India,Odisha,Rourkela,"Raghunathpali, Rourkela - OSPCB",02-05-2024 10:00:00,22.220833,84.809444,CO,29,83,48
India,Odisha,Suakati,"OMC Colony, Suakati - OSPCB",02-05-2024 10:00:00,21.606865,85.510538,OZONE,32,149,58
India,Odisha,Tensa,"Barsua Iron Ore Mines, Tensa - OSPCB",02-05-2024 10:00:00,21.869985,85.167016,PM2.5,49,86,66
India,Odisha,Tensa,"Barsua Iron Ore Mines, Tensa - OSPCB",02-05-2024 10:00:00,21.869985,85.167016,NH3,1,2,2
India,Puducherry,Puducherry,"Jawahar Nagar, Puducherry - PPCC",02-05-2024 10:00:00,11.9309,79.8027,NH3,2,11,3
India,Puducherry,Puducherry,"Jawahar Nagar, Puducherry - PPCC",02-05-2024 10:00:00,11.9309,79.8027,SO2,2,13,8
India,Punjab,Amritsar,"Golden Temple, Amritsar - PPCB",02-05-2024 10:00:00,31.620000,74.876512,PM2.5,58,77,67
India,Punjab,Bathinda,"Hardev Nagar, Bathinda - PPCB",02-05-2024 10:00:00,30.233011,74.907758,SO2,1,86,9
India,Punjab,Bathinda,"Hardev Nagar, Bathinda - PPCB",02-05-2024 10:00:00,30.233011,74.907758,CO,3,149,33
India,Punjab,Jalandhar,"Civil Line, Jalandhar - PPCB",02-05-2024 10:00:00,31.321907,75.578914,PM2.5,35,73,56
India,Punjab,Jalandhar,"Civil Line, Jalandhar - PPCB",02-05-2024 10:00:00,31.321907,75.578914,SO2,9,15,12
India,Punjab,Jalandhar,"Civil Line, Jalandhar - PPCB",02-05-2024 10:00:00,31.321907,75.578914,OZONE,28,72,36
India,Punjab,Khanna,"Kalal Majra, Khanna - PPCB",02-05-2024 10:00:00,30.736056 ,76.209694,PM2.5,42,163,78
India,Punjab,Khanna,"Kalal Majra, Khanna - PPCB",02-05-2024 10:00:00,30.736056 ,76.209694,PM10,77,83,80
India,Punjab,Khanna,"Kalal Majra, Khanna - PPCB",02-05-2024 10:00:00,30.736056 ,76.209694,SO2,8,39,20
India,Punjab,Ludhiana,"Punjab Agricultural University, Ludhiana - PPCB",02-05-2024 10:00:00,30.9028,75.8086,PM10,89,127,107
India,Punjab,Mandi Gobindgarh,"RIMT University, Mandi Gobindgarh - PPCB",02-05-2024 10:00:00,30.649961,76.331442,PM2.5,42,359,177
India,Punjab,Mandi Gobindgarh,"RIMT University, Mandi Gobindgarh - PPCB",02-05-2024 10:00:00,30.649961,76.331442,CO,10,32,15
India,Punjab,Patiala,"Model Town, Patiala - PPCB",02-05-2024 10:00:00,30.349388,76.366642,NH3,6,6,6
India,Punjab,Patiala,"Model Town, Patiala - PPCB",02-05-2024 10:00:00,30.349388,76.366642,SO2,6,43,16
India,Punjab,Patiala,"Model Town, Patiala - PPCB",02-05-2024 10:00:00,30.349388,76.366642,OZONE,17,66,25
India,Punjab,Rupnagar,"Ratanpura, Rupnagar - Ambuja Cements",02-05-2024 10:00:00,31.0325454,76.5623046,SO2,8,12,9
India,Rajasthan,Ajmer,"Civil Lines,  Ajmer - RSPCB",02-05-2024 10:00:00,26.470859,74.646594,PM10,97,149,116
India,Rajasthan,Banswara,"Rati Talai, Banswara - RSPCB",02-05-2024 10:00:00,23.555190,74.440010,PM2.5,28,111,67
India,Rajasthan,Baran,"Bamboliya, Baran - RSPCB",02-05-2024 10:00:00,25.106006,76.469948,PM10,115,274,163
India,Rajasthan,Barmer,"Railway Colony, Barmer - RSPCB",02-05-2024 10:00:00,25.747299,71.393989,CO,67,82,68
India,Rajasthan,Bhilwara,"Pratap Nagar, Bhilwara - RSPCB",02-05-2024 10:00:00,25.339605,74.618883,NO2,10,35,22
India,Rajasthan,Bhilwara,"Pratap Nagar, Bhilwara - RSPCB",02-05-2024 10:00:00,25.339605,74.618883,CO,20,49,27
India,Rajasthan,Bhilwara,"Pratap Nagar, Bhilwara - RSPCB",02-05-2024 10:00:00,25.339605,74.618883,OZONE,49,98,59
India,Rajasthan,Bhiwadi,"RIICO Ind. Area III, Bhiwadi - RSPCB",02-05-2024 10:00:00,28.194909,76.862296,PM2.5,67,351,252
India,Rajasthan,Bhiwadi,"Vasundhara Nagar_UIT, Bhiwadi - RSPCB",02-05-2024 10:00:00,28.207266,76.829265,PM2.5,18,307,133
India,Rajasthan,Bhiwadi,"Vasundhara Nagar_UIT, Bhiwadi - RSPCB",02-05-2024 10:00:00,28.207266,76.829265,NH3,5,14,10
India,Rajasthan,Bhiwadi,"Vasundhara Nagar_UIT, Bhiwadi - RSPCB",02-05-2024 10:00:00,28.207266,76.829265,OZONE,35,94,52
India,Rajasthan,Bikaner,"MM Ground, Bikaner - RSPCB",02-05-2024 10:00:00,28.018792,73.292658,NO2,24,72,43
India,Rajasthan,Bundi,"New Colony, Bundi - RSPCB",02-05-2024 10:00:00,25.435774,75.644272,PM10,98,373,138
India,Rajasthan,Bundi,"New Colony, Bundi - RSPCB",02-05-2024 10:00:00,25.435774,75.644272,CO,13,33,21
India,Rajasthan,Chittorgarh,"Shastri Nagar, Chittorgarh - RSPCB",02-05-2024 10:00:00,24.892047,74.623527,PM2.5,23,130,74
India,Rajasthan,Chittorgarh,"Shastri Nagar, Chittorgarh - RSPCB",02-05-2024 10:00:00,24.892047,74.623527,PM10,109,217,156
India,Rajasthan,Churu,"Subash Chowk, Churu - RSPCB",02-05-2024 10:00:00,28.296139,74.961696,PM10,NA,NA,NA
India,Rajasthan,Dausa,"Khatikan Mohalla, Dausa - RSPCB",02-05-2024 10:00:00,26.895552,76.334753,SO2,2,11,4
India,Rajasthan,Dausa,"Khatikan Mohalla, Dausa - RSPCB",02-05-2024 10:00:00,26.895552,76.334753,CO,9,89,60
India,Rajasthan,Dholpur,"Raja Ganj, Dholpur - RSPCB",02-05-2024 10:00:00,26.699557,77.898881,CO,14,43,24
India,Rajasthan,Dungarpur,"Bhoiwada, Dungarpur - RSPCB",02-05-2024 10:00:00,23.837789,73.714926,PM10,25,130,56
India,Rajasthan,Dungarpur,"Bhoiwada, Dungarpur - RSPCB",02-05-2024 10:00:00,23.837789,73.714926,NO2,12,33,17
India,Rajasthan,Hanumangarh,"Housing Board, Hanumangarh - RSPCB",02-05-2024 10:00:00,29.610750,74.283608,PM10,77,408,184
India,Rajasthan,Jaipur,"Adarsh Nagar, Jaipur - RSPCB",02-05-2024 10:00:00,26.902909,75.836858,PM10,103,163,120
India,Rajasthan,Jaipur,"Adarsh Nagar, Jaipur - RSPCB",02-05-2024 10:00:00,26.902909,75.836858,NO2,23,70,39
India,Rajasthan,Jaipur,"Adarsh Nagar, Jaipur - RSPCB",02-05-2024 10:00:00,26.902909,75.836858,SO2,8,25,13
India,Rajasthan,Jaipur,"Adarsh Nagar, Jaipur - RSPCB",02-05-2024 10:00:00,26.902909,75.836858,OZONE,28,98,82
India,Rajasthan,Jaipur,"Mansarovar Sector-12, Jaipur - RSPCB",02-05-2024 10:00:00,26.843698,75.766894,SO2,4,16,9
India,Rajasthan,Jaipur,"Police Commissionerate, Jaipur - RSPCB",02-05-2024 10:00:00,26.9164092,75.7994901,OZONE,39,102,83
India,Rajasthan,Jaipur,"Sector-2 Murlipura, Jaipur - RSPCB",02-05-2024 10:00:00,26.960669,75.771817,PM2.5,52,104,72
India,Rajasthan,Jaipur,"Shastri Nagar, Jaipur - RSPCB",02-05-2024 10:00:00,26.9502929,75.730943,PM10,121,193,153
India,Rajasthan,Jaipur,"Shastri Nagar, Jaipur - RSPCB",02-05-2024 10:00:00,26.9502929,75.730943,NH3,5,13,8
India,Rajasthan,Jhalawar,"Rajlaxmi Nagar, Jhalawar - RSPCB",02-05-2024 10:00:00,24.588397,76.172782,PM10,110,302,156
India,Rajasthan,Jodhpur,"Collectorate, Jodhpur - RSPCB",02-05-2024 10:00:00,26.268249,73.0193853,OZONE,31,149,62
India,Rajasthan,Jodhpur,"Mandor, Jodhpur - RSPCB",02-05-2024 10:00:00,26.358805,73.047444,PM10,101,229,133
India,Rajasthan,Jodhpur,"Mandor, Jodhpur - RSPCB",02-05-2024 10:00:00,26.358805,73.047444,NH3,4,7,5
India,Rajasthan,Jodhpur,"Samrat Ashok Udhyan, Jodhpur - RSPCB",02-05-2024 10:00:00,26.253384,72.976571,NO2,3,36,14
India,Rajasthan,Karauli,"Satyawati Vihar, Karauli - RSPCB",02-05-2024 10:00:00,26.506177,77.025989,NO2,9,45,18
India,Rajasthan,Karauli,"Satyawati Vihar, Karauli - RSPCB",02-05-2024 10:00:00,26.506177,77.025989,OZONE,37,145,88
India,Rajasthan,Kota,"Dhanmandi, Kota - RSPCB",02-05-2024 10:00:00,25.164090,75.858137,NO2,14,81,37
India,Rajasthan,Kota,"Nayapura, Kota - RSPCB",02-05-2024 10:00:00,25.196024,75.855668,SO2,2,9,6
India,Rajasthan,Kota,"Shrinath Puram, Kota - RSPCB",02-05-2024 10:00:00,25.14389,75.821256,PM10,86,190,122
India,Rajasthan,Kota,"Shrinath Puram, Kota - RSPCB",02-05-2024 10:00:00,25.14389,75.821256,NO2,15,77,35
India,Rajasthan,Kota,"Shrinath Puram, Kota - RSPCB",02-05-2024 10:00:00,25.14389,75.821256,CO,36,81,40
India,Rajasthan,Nagaur,"Karni Colony, Nagaur - RSPCB",02-05-2024 10:00:00,27.213494,73.734444,CO,9,26,18
India,Rajasthan,Pali,"Indira Colony Vistar, Pali - RSPCB",02-05-2024 10:00:00,25.771061, 73.340227,PM10,133,176,149
India,Rajasthan,Sawai Madhopur,"Sahu Nagar, Sawai Madhopur - RSPCB",02-05-2024 10:00:00,26.031443,76.359327,NO2,4,31,12
India,Rajasthan,Sirohi,"Vedhaynath Colony, Sirohi - RSPCB",02-05-2024 10:00:00,24.885261,72.857549,NH3,2,13,4
India,Rajasthan,Sirohi,"Vedhaynath Colony, Sirohi - RSPCB",02-05-2024 10:00:00,24.885261,72.857549,SO2,3,8,5
India,Rajasthan,Sirohi,"Vedhaynath Colony, Sirohi - RSPCB",02-05-2024 10:00:00,24.885261,72.857549,CO,27,74,46
India,Rajasthan,Sri Ganganagar,"Old City, Sri Ganganagar - RSPCB",02-05-2024 10:00:00,29.931624,73.864511,SO2,1,12,4
India,Sikkim,Gangtok,"Zero Point GICI, Gangtok - SSPCB",02-05-2024 10:00:00,27.338530,88.614099,PM10,34,80,59
India,Sikkim,Gangtok,"Zero Point GICI, Gangtok - SSPCB",02-05-2024 10:00:00,27.338530,88.614099,CO,12,21,14
India,TamilNadu,Ariyalur,"Keelapalur, Ariyalur - TNPCB",02-05-2024 10:00:00,11.06825,79.07033,PM2.5,8,47,27
India,TamilNadu,Chennai,"Alandur Bus Depot, Chennai - CPCB",02-05-2024 10:00:00,12.9099161,80.1076538,OZONE,30,30,30
India,TamilNadu,Chennai,"Arumbakkam, Chennai - TNPCB",02-05-2024 10:00:00,13.0664,80.2112 ,SO2,2,20,7
India,TamilNadu,Chennai,"Kodungaiyur, Chennai - TNPCB",02-05-2024 10:00:00,13.1278,80.2642,PM10,5,60,35
India,TamilNadu,Chennai,"Manali, Chennai - CPCB",02-05-2024 10:00:00,13.164544,80.26285,SO2,2,24,7
India,TamilNadu,Chennai,"Perungudi, Chennai - TNPCB",02-05-2024 10:00:00,12.9533,80.2357,SO2,1,7,4
India,TamilNadu,Chennai,"Royapuram, Chennai - TNPCB",02-05-2024 10:00:00,13.1036,80.2909,PM2.5,2,31,13
India,TamilNadu,Chennai,"Royapuram, Chennai - TNPCB",02-05-2024 10:00:00,13.1036,80.2909,NH3,NA,NA,NA
India,TamilNadu,Chennai,"Royapuram, Chennai - TNPCB",02-05-2024 10:00:00,13.1036,80.2909,OZONE,9,11,9
India,TamilNadu,Chennai,"Velachery Res. Area, Chennai - CPCB",02-05-2024 10:00:00,13.0052189,80.2398125,PM2.5,14,46,30
India,TamilNadu,Chennai,"Velachery Res. Area, Chennai - CPCB",02-05-2024 10:00:00,13.0052189,80.2398125,CO,2,110,33
India,TamilNadu,Cuddalore,"Semmandalam, Cuddalore - TNPCB",02-05-2024 10:00:00,11.7637683,79.7499835,NO2,3,6,5
India,TamilNadu,Cuddalore,"Semmandalam, Cuddalore - TNPCB",02-05-2024 10:00:00,11.7637683,79.7499835,NH3,2,3,3
India,TamilNadu,Cuddalore,"Semmandalam, Cuddalore - TNPCB",02-05-2024 10:00:00,11.7637683,79.7499835,OZONE,1,2,1
India,TamilNadu,Palkalaiperur,"Bharathidasan University, Palkalaiperur - TNPCB",02-05-2024 10:00:00,10.681158,78.741746,PM10,14,43,22
India,TamilNadu,Vellore,"Vasanthapuram, Vellore - TNPCB",02-05-2024 10:00:00,12.909494,79.131861,PM10,NA,NA,NA
India,TamilNadu,Vellore,"Vasanthapuram, Vellore - TNPCB",02-05-2024 10:00:00,12.909494,79.131861,NH3,NA,NA,NA
India,Telangana,Hyderabad,"Bollaram Industrial Area, Hyderabad - TSPCB",02-05-2024 10:00:00,17.540891,78.358528,NO2,18,44,31
India,Telangana,Hyderabad,"ECIL Kapra, Hyderabad - TSPCB",02-05-2024 10:00:00,17.470431,78.566959,PM2.5,40,82,58
India,Telangana,Hyderabad,"ECIL Kapra, Hyderabad - TSPCB",02-05-2024 10:00:00,17.470431,78.566959,CO,11,52,15
India,Telangana,Hyderabad,"ICRISAT Patancheru, Hyderabad - TSPCB",02-05-2024 10:00:00,17.518400,78.278777,NO2,15,18,17
India,Telangana,Hyderabad,"Kokapet, Hyderabad - TSPCB",02-05-2024 10:00:00,17.393559,78.339194,NH3,NA,NA,NA
India,Telangana,Hyderabad,"Kokapet, Hyderabad - TSPCB",02-05-2024 10:00:00,17.393559,78.339194,CO,23,26,24
India,Telangana,Hyderabad,"Kompally Municipal Office, Hyderabad - TSPCB",02-05-2024 10:00:00,17.544899,78.486949,NO2,9,12,12
India,Telangana,Hyderabad,"New Malakpet, Hyderabad - TSPCB",02-05-2024 10:00:00,17.37206,78.50864,PM10,NA,NA,NA
India,Telangana,Hyderabad,"Ramachandrapuram, Hyderabad - TSPCB",02-05-2024 10:00:00,17.528544,78.286195,PM2.5,43,45,44
India,Telangana,Hyderabad,"Ramachandrapuram, Hyderabad - TSPCB",02-05-2024 10:00:00,17.528544,78.286195,PM10,71,92,74
India,Telangana,Hyderabad,"Somajiguda, Hyderabad - TSPCB",02-05-2024 10:00:00,17.417094,78.457437,SO2,20,28,23
India,Telangana,Hyderabad,"Somajiguda, Hyderabad - TSPCB",02-05-2024 10:00:00,17.417094,78.457437,CO,26,103,40
India,Telangana,Hyderabad,"Zoo Park, Hyderabad - TSPCB",02-05-2024 10:00:00,17.349694,78.451437,PM10,40,156,84
India,Tripura,Agartala,"Bardowali, Agartala - Tripura SPCB",02-05-2024 10:00:00,23.8175497,91.2726974,NO2,4,8,6
India,Tripura,Agartala,"Bardowali, Agartala - Tripura SPCB",02-05-2024 10:00:00,23.8175497,91.2726974,CO,10,18,12
India,Tripura,Agartala,"Bardowali, Agartala - Tripura SPCB",02-05-2024 10:00:00,23.8175497,91.2726974,OZONE,3,38,9
India,Uttar_Pradesh,Agra,"Manoharpur, Agra - UPPCB",02-05-2024 10:00:00,27.23711,78.01936,NH3,2,2,2
India,Uttar_Pradesh,Agra,"Rohta, Agra - UPPCB",02-05-2024 10:00:00,27.106972,78.000111,PM2.5,16,115,54
India,Uttar_Pradesh,Agra,"Rohta, Agra - UPPCB",02-05-2024 10:00:00,27.106972,78.000111,CO,6,19,17
India,Uttar_Pradesh,Agra,"Sector-3B Avas Vikas Colony, Agra - UPPCB",02-05-2024 10:00:00,27.19412,77.96237,SO2,10,14,12
India,Uttar_Pradesh,Agra,"Shahjahan Garden, Agra - UPPCB",02-05-2024 10:00:00,27.169338,78.03582,PM10,102,189,131
India,Uttar_Pradesh,Agra,"Shahjahan Garden, Agra - UPPCB",02-05-2024 10:00:00,27.169338,78.03582,NO2,22,23,22
India,Uttar_Pradesh,Agra,"Shahjahan Garden, Agra - UPPCB",02-05-2024 10:00:00,27.169338,78.03582,OZONE,1,25,4
India,Uttar_Pradesh,Agra,"Shastripuram, Agra - UPPCB",02-05-2024 10:00:00,27.19862,77.92066,SO2,13,15,14
India,Uttar_Pradesh,Baghpat,"Sardar Patel Inter College, Baghpat - UPPCB",02-05-2024 10:00:00,28.964949,77.278761,PM2.5,33,214,128
India,Uttar_Pradesh,Baghpat,"Sardar Patel Inter College, Baghpat - UPPCB",02-05-2024 10:00:00,28.964949,77.278761,OZONE,18,102,40
India,Uttar_Pradesh,Bareilly,"Rajendra Nagar, Bareilly - UPPCB",02-05-2024 10:00:00,28.38910936,79.42963708,NH3,1,1,1
India,Uttar_Pradesh,Bulandshahr,"Yamunapuram, Bulandshahr - UPPCB",02-05-2024 10:00:00,28.406963,77.849831,PM2.5,30,301,145
India,Uttar_Pradesh,Bulandshahr,"Yamunapuram, Bulandshahr - UPPCB",02-05-2024 10:00:00,28.406963,77.849831,PM10,157,288,202
India,Uttar_Pradesh,Bulandshahr,"Yamunapuram, Bulandshahr - UPPCB",02-05-2024 10:00:00,28.406963,77.849831,SO2,16,61,39
India,Uttar_Pradesh,Firozabad,"Vibhab Nagar, Firozabad - UPPCB",02-05-2024 10:00:00,27.1594,78.3953,PM2.5,NA,NA,NA
India,Uttar_Pradesh,Firozabad,"Vibhab Nagar, Firozabad - UPPCB",02-05-2024 10:00:00,27.1594,78.3953,NH3,2,2,2
India,Uttar_Pradesh,Ghaziabad,"Indirapuram, Ghaziabad - UPPCB",02-05-2024 10:00:00,28.646233,77.358075,CO,20,48,34
India,Uttar_Pradesh,Ghaziabad,"Loni, Ghaziabad - UPPCB",02-05-2024 10:00:00,28.757294,77.278792,NH3,1,6,4
India,Uttar_Pradesh,Ghaziabad,"Sanjay Nagar, Ghaziabad - UPPCB",02-05-2024 10:00:00,28.685382,77.453839,NO2,23,60,39
India,Uttar_Pradesh,Gorakhpur,"Madan Mohan Malaviya University of Technology, Gorakhpur - UPPCB",02-05-2024 10:00:00,26.730136,83.433859,CO,8,23,12
India,Uttar_Pradesh,Greater Noida,"Knowledge Park - III, Greater Noida - UPPCB",02-05-2024 10:00:00,28.47272,77.482000,NO2,16,81,43
India,Uttar_Pradesh,Hapur,"Anand Vihar, Hapur - UPPCB",02-05-2024 10:00:00,28.725645,77.749675,CO,19,36,32
India,Uttar_Pradesh,Hapur,"Anand Vihar, Hapur - UPPCB",02-05-2024 10:00:00,28.725645,77.749675,OZONE,18,48,25
India,Uttar_Pradesh,Jhansi,"Shivaji Nagar, Jhansi - UPPCB",02-05-2024 10:00:00,25.4547,78.6039,PM2.5,15,105,55
India,Uttar_Pradesh,Jhansi,"Shivaji Nagar, Jhansi - UPPCB",02-05-2024 10:00:00,25.4547,78.6039,PM10,16,103,56
India,Uttar_Pradesh,Jhansi,"Shivaji Nagar, Jhansi - UPPCB",02-05-2024 10:00:00,25.4547,78.6039,NO2,1,25,8
India,Uttar_Pradesh,Jhansi,"Shivaji Nagar, Jhansi - UPPCB",02-05-2024 10:00:00,25.4547,78.6039,OZONE,17,56,23
India,Uttar_Pradesh,Kanpur,"Nehru Nagar, Kanpur - UPPCB",02-05-2024 10:00:00,26.4703136,80.3229863,PM10,26,88,59
India,Uttar_Pradesh,Kanpur,"Nehru Nagar, Kanpur - UPPCB",02-05-2024 10:00:00,26.4703136,80.3229863,CO,49,82,76
India,Uttar_Pradesh,Khurja,"Kalindi Kunj, Khurja - UPPCB",02-05-2024 10:00:00,28.2348927,77.8683002,CO,25,50,47
India,Uttar_Pradesh,Lucknow,"B R Ambedkar University, Lucknow - UPPCB",02-05-2024 10:00:00,26.766433,80.927299,CO,20,29,24
India,Uttar_Pradesh,Lucknow,"Kendriya Vidyalaya, Lucknow - CPCB",02-05-2024 10:00:00,26.906111,80.948222,OZONE,56,129,80
India,Uttar_Pradesh,Lucknow,"Kukrail Picnic Spot-1, Lucknow - UPPCB",02-05-2024 10:00:00,26.90723,80.98579,PM2.5,29,96,61
India,Uttar_Pradesh,Lucknow,"Kukrail Picnic Spot-1, Lucknow - UPPCB",02-05-2024 10:00:00,26.90723,80.98579,NO2,8,9,8
India,Uttar_Pradesh,Lucknow,"Kukrail Picnic Spot-1, Lucknow - UPPCB",02-05-2024 10:00:00,26.90723,80.98579,OZONE,11,39,20
India,Uttar_Pradesh,Lucknow,"Lalbagh, Lucknow - CPCB",02-05-2024 10:00:00,26.8458805,80.9365541,PM2.5,75,225,144
India,Uttar_Pradesh,Lucknow,"Lalbagh, Lucknow - CPCB",02-05-2024 10:00:00,26.8458805,80.9365541,PM10,140,189,162
India,Uttar_Pradesh,Lucknow,"Lalbagh, Lucknow - CPCB",02-05-2024 10:00:00,26.8458805,80.9365541,SO2,3,17,8
India,Uttar_Pradesh,Lucknow,"Talkatora District Industries Center, Lucknow - CPCB",02-05-2024 10:00:00,26.83399722,80.8917361,CO,4,39,25
India,Uttar_Pradesh,Meerut,"Ganga Nagar, Meerut - UPPCB",02-05-2024 10:00:00,28.999264,77.7590354,PM2.5,12,134,60
India,Uttar_Pradesh,Meerut,"Ganga Nagar, Meerut - UPPCB",02-05-2024 10:00:00,28.999264,77.7590354,OZONE,45,118,57
India,Uttar_Pradesh,Meerut,"Jai Bhim Nagar, Meerut - UPPCB",02-05-2024 10:00:00,28.9535882,77.7622941,PM2.5,4,86,51
India,Uttar_Pradesh,Meerut,"Jai Bhim Nagar, Meerut - UPPCB",02-05-2024 10:00:00,28.9535882,77.7622941,SO2,6,8,7
India,Uttar_Pradesh,Meerut,"Jai Bhim Nagar, Meerut - UPPCB",02-05-2024 10:00:00,28.9535882,77.7622941,CO,38,75,66
India,Uttar_Pradesh,Meerut,"Jai Bhim Nagar, Meerut - UPPCB",02-05-2024 10:00:00,28.9535882,77.7622941,OZONE,49,92,56
India,Uttar_Pradesh,Moradabad,"Buddhi Vihar, Moradabad - UPPCB",02-05-2024 10:00:00,28.83526,78.74460,NO2,23,23,23
India,Uttar_Pradesh,Moradabad,"Buddhi Vihar, Moradabad - UPPCB",02-05-2024 10:00:00,28.83526,78.74460,CO,17,28,25
India,Uttar_Pradesh,Moradabad,"Buddhi Vihar, Moradabad - UPPCB",02-05-2024 10:00:00,28.83526,78.74460,OZONE,20,47,22
India,Uttar_Pradesh,Moradabad,"Eco Herbal Park, Moradabad - UPPCB",02-05-2024 10:00:00,28.840739,78.697531,PM2.5,18,90,44
India,Uttar_Pradesh,Moradabad,"Eco Herbal Park, Moradabad - UPPCB",02-05-2024 10:00:00,28.840739,78.697531,SO2,8,50,19
India,Uttar_Pradesh,Moradabad,"Eco Herbal Park, Moradabad - UPPCB",02-05-2024 10:00:00,28.840739,78.697531,OZONE,55,166,75
India,Uttar_Pradesh,Moradabad,"Employment Office, Moradabad - UPPCB",02-05-2024 10:00:00,28.88528,78.73880,PM10,94,132,108
India,Uttar_Pradesh,Moradabad,"Employment Office, Moradabad - UPPCB",02-05-2024 10:00:00,28.88528,78.73880,NO2,17,17,17
India,Uttar_Pradesh,Moradabad,"Employment Office, Moradabad - UPPCB",02-05-2024 10:00:00,28.88528,78.73880,OZONE,9,59,14
India,Uttar_Pradesh,Moradabad,"Jigar Colony, Moradabad - UPPCB",02-05-2024 10:00:00,28.856664,78.772638,CO,24,47,38
India,Uttar_Pradesh,Moradabad,"Transport Nagar, Moradabad - UPPCB",02-05-2024 10:00:00,28.802625,78.753728,PM2.5,17,69,39
India,Uttar_Pradesh,Moradabad,"Transport Nagar, Moradabad - UPPCB",02-05-2024 10:00:00,28.802625,78.753728,NO2,3,15,10
India,Uttar_Pradesh,Noida,"Sector - 125, Noida - UPPCB",02-05-2024 10:00:00,28.5447608,77.3231257,NO2,7,71,39
India,Uttar_Pradesh,Noida,"Sector - 125, Noida - UPPCB",02-05-2024 10:00:00,28.5447608,77.3231257,NH3,9,11,10
India,Uttar_Pradesh,Noida,"Sector - 62, Noida - IMD",02-05-2024 10:00:00,28.6245479,77.3577104,CO,17,29,27
India,Uttar_Pradesh,Noida,"Sector-1, Noida - UPPCB",02-05-2024 10:00:00,28.5898,77.3101,PM2.5,22,262,82
India,Uttar_Pradesh,Noida,"Sector-1, Noida - UPPCB",02-05-2024 10:00:00,28.5898,77.3101,PM10,155,243,181
India,Uttar_Pradesh,Noida,"Sector-1, Noida - UPPCB",02-05-2024 10:00:00,28.5898,77.3101,CO,20,48,33
India,Uttar_Pradesh,Noida,"Sector-116, Noida - UPPCB",02-05-2024 10:00:00,28.569230,77.393848,PM10,123,184,157
India,Uttar_Pradesh,Noida,"Sector-116, Noida - UPPCB",02-05-2024 10:00:00,28.569230,77.393848,NH3,4,6,5
India,Uttar_Pradesh,Noida,"Sector-116, Noida - UPPCB",02-05-2024 10:00:00,28.569230,77.393848,OZONE,36,81,47
India,Uttar_Pradesh,Prayagraj,"Jhunsi, Prayagraj - UPPCB",02-05-2024 10:00:00,25.425602,81.917152,NH3,5,5,5
India,Uttar_Pradesh,Prayagraj,"Motilal Nehru NIT, Prayagraj - UPPCB",02-05-2024 10:00:00,25.494,81.863,NH3,5,7,6
India,Uttar_Pradesh,Prayagraj,"Motilal Nehru NIT, Prayagraj - UPPCB",02-05-2024 10:00:00,25.494,81.863,OZONE,1,51,6
India,Uttar_Pradesh,Prayagraj,"Nagar Nigam, Prayagraj - UPPCB",02-05-2024 10:00:00,25.44919916 ,81.82735986 ,OZONE,11,12,12
India,Uttar_Pradesh,Varanasi,"Bhelupur, Varanasi - UPPCB",02-05-2024 10:00:00,25.301778,82.996789,OZONE,1,40,14
India,Uttar_Pradesh,Vrindavan,"Omex Eternity, Vrindavan - UPPCB",02-05-2024 10:00:00,27.5714090,77.6557570,NH3,1,2,2
India,Uttar_Pradesh,Vrindavan,"Omex Eternity, Vrindavan - UPPCB",02-05-2024 10:00:00,27.5714090,77.6557570,SO2,45,60,54
India,Uttarakhand,Dehradun,"Doon University, Dehradun - UKPCB",02-05-2024 10:00:00,30.269444,78.044167,PM2.5,24,82,60
India,Uttarakhand,Dehradun,"Doon University, Dehradun - UKPCB",02-05-2024 10:00:00,30.269444,78.044167,NO2,1,5,3
India,Uttarakhand,Dehradun,"Doon University, Dehradun - UKPCB",02-05-2024 10:00:00,30.269444,78.044167,CO,12,24,21
India,Uttarakhand,Kashipur,"Govt. Girls Inter College, Kashipur - UKPCB",02-05-2024 10:00:00,29.2124114,78.9611753,NO2,25,41,30
India,Uttarakhand,Rishikesh,"Shivaji Nagar, Rishikesh - UKPCB",02-05-2024 10:00:00,30.075911,78.2859547,PM10,63,112,87
India,West_Bengal,Asansol,"Asansol Court Area, Asansol - WBPCB",02-05-2024 10:00:00,23.685297,86.945968,PM2.5,78,394,205
India,West_Bengal,Asansol,"Asansol Court Area, Asansol - WBPCB",02-05-2024 10:00:00,23.685297,86.945968,PM10,107,245,155
India,West_Bengal,Asansol,"Asansol Court Area, Asansol - WBPCB",02-05-2024 10:00:00,23.685297,86.945968,CO,8,40,25
India,West_Bengal,Barrackpore,"SVSPA Campus, Barrackpore - WBPCB",02-05-2024 10:00:00,22.7605581,88.3617589,PM10,62,166,119
India,West_Bengal,Barrackpore,"SVSPA Campus, Barrackpore - WBPCB",02-05-2024 10:00:00,22.7605581,88.3617589,NO2,9,21,15
India,West_Bengal,Barrackpore,"SVSPA Campus, Barrackpore - WBPCB",02-05-2024 10:00:00,22.7605581,88.3617589,OZONE,7,87,27
India,West_Bengal,Durgapur,"Sidhu Kanhu Indoor Stadium, Durgapur - WBPCB",02-05-2024 10:00:00,23.5404352,87.2892225,PM2.5,151,309,238
India,West_Bengal,Durgapur,"Sidhu Kanhu Indoor Stadium, Durgapur - WBPCB",02-05-2024 10:00:00,23.5404352,87.2892225,NH3,4,6,6
India,West_Bengal,Haldia,"Priyambada Housing Estate, Haldia - WBPCB",02-05-2024 10:00:00,22.06047,88.109737,CO,14,26,17
India,West_Bengal,Howrah,"Belur Math, Howrah - WBPCB",02-05-2024 10:00:00,22.629801,88.352017,NH3,1,2,1
India,West_Bengal,Howrah,"Belur Math, Howrah - WBPCB",02-05-2024 10:00:00,22.629801,88.352017,CO,2,14,7
India,West_Bengal,Howrah,"Ghusuri, Howrah - WBPCB",02-05-2024 10:00:00,22.611968,88.347422,PM10,59,188,124
India,West_Bengal,Howrah,"Padmapukur, Howrah - WBPCB",02-05-2024 10:00:00,22.5687319,88.2797276,NH3,1,10,7
India,West_Bengal,Kolkata,"Bidhannagar, Kolkata - WBPCB",02-05-2024 10:00:00,22.58157048,88.41002457,NO2,18,32,22
India,West_Bengal,Kolkata,"Bidhannagar, Kolkata - WBPCB",02-05-2024 10:00:00,22.58157048,88.41002457,CO,22,34,24
India,West_Bengal,Kolkata,"Fort William, Kolkata - WBPCB",02-05-2024 10:00:00,22.556640,88.342674,PM2.5,40,138,89
India,West_Bengal,Kolkata,"Jadavpur, Kolkata - WBPCB",02-05-2024 10:00:00,22.49929,88.36917,NO2,18,28,22
India,West_Bengal,Kolkata,"Jadavpur, Kolkata - WBPCB",02-05-2024 10:00:00,22.49929,88.36917,OZONE,12,188,36
India,West_Bengal,Kolkata,"Rabindra Bharati University, Kolkata - WBPCB",02-05-2024 10:00:00,22.627847,88.380669,SO2,5,183,38
India,West_Bengal,Kolkata,"Victoria, Kolkata - WBPCB",02-05-2024 10:00:00,22.5448082,88.3403691,PM10,45,133,97
India,West_Bengal,Siliguri,"Ward-32 Bapupara, Siliguri - WBPCB",02-05-2024 10:00:00,26.6879226,88.4152495,PM2.5,54,144,90
India,West_Bengal,Siliguri,"Ward-32 Bapupara, Siliguri - WBPCB",02-05-2024 10:00:00,26.6879226,88.4152495,SO2,7,8,8
India,Andhra_Pradesh,Amaravati,"Secretariat, Amaravati - APPCB",02-05-2024 10:00:00,16.5150833,80.5181667,PM10,26,86,51
India,Andhra_Pradesh,Amaravati,"Secretariat, Amaravati - APPCB",02-05-2024 10:00:00,16.5150833,80.5181667,NO2,4,11,7
India,Andhra_Pradesh,Amaravati,"Secretariat, Amaravati - APPCB",02-05-2024 10:00:00,16.5150833,80.5181667,CO,4,57,22
India,Andhra_Pradesh,Anantapur,"Gulzarpet, Anantapur - APPCB",02-05-2024 10:00:00,14.675886,77.593027,NH3,4,4,4
India,Andhra_Pradesh,Anantapur,"Gulzarpet, Anantapur - APPCB",02-05-2024 10:00:00,14.675886,77.593027,OZONE,2,69,8
India,Andhra_Pradesh,Chittoor,"Gangineni Cheruvu, Chittoor - APPCB",02-05-2024 10:00:00,13.204880,79.097889,CO,18,27,27
India,Andhra_Pradesh,Tirupati,"Vaikuntapuram, Tirupati - APPCB",02-05-2024 10:00:00,13.615387,79.409230,PM2.5,NA,NA,NA
India,Andhra_Pradesh,Tirupati,"Vaikuntapuram, Tirupati - APPCB",02-05-2024 10:00:00,13.615387,79.409230,PM10,NA,NA,NA
India,Andhra_Pradesh,Tirupati,"Vaikuntapuram, Tirupati - APPCB",02-05-2024 10:00:00,13.615387,79.409230,CO,9,18,14
India,Andhra_Pradesh,Vijayawada,"HB Colony, Vijayawada - APPCB",02-05-2024 10:00:00,16.536107,80.594233,PM10,38,103,62
India,Andhra_Pradesh,Vijayawada,"Kanuru, Vijayawada - APPCB",02-05-2024 10:00:00,16.486692,80.699436,PM10,50,81,59
India,Andhra_Pradesh,Vijayawada,"Kanuru, Vijayawada - APPCB",02-05-2024 10:00:00,16.486692,80.699436,CO,38,38,38
India,Andhra_Pradesh,Vijayawada,"Rajiv Gandhi Park, Vijayawada - APPCB",02-05-2024 10:00:00,16.509717,80.612222,PM2.5,36,128,76
India,Andhra_Pradesh,Vijayawada,"Rajiv Gandhi Park, Vijayawada - APPCB",02-05-2024 10:00:00,16.509717,80.612222,NO2,37,55,45
India,Andhra_Pradesh,Vijayawada,"Rajiv Nagar, Vijayawada - APPCB",02-05-2024 10:00:00,16.554731,80.649110,PM2.5,44,48,45
India,Andhra_Pradesh,Vijayawada,"Rajiv Nagar, Vijayawada - APPCB",02-05-2024 10:00:00,16.554731,80.649110,PM10,61,66,62
India,Andhra_Pradesh,Visakhapatnam,"GVM Corporation, Visakhapatnam - APPCB",02-05-2024 10:00:00,17.72,83.3,PM2.5,26,64,44
India,Andhra_Pradesh,Visakhapatnam,"GVM Corporation, Visakhapatnam - APPCB",02-05-2024 10:00:00,17.72,83.3,PM10,64,173,108
India,Arunachal_Pradesh,Naharlagun,"Naharlagun, Naharlagun - APSPCB",02-05-2024 10:00:00,27.103358,93.679645,NO2,3,3,3
India,Arunachal_Pradesh,Naharlagun,"Naharlagun, Naharlagun - APSPCB",02-05-2024 10:00:00,27.103358,93.679645,SO2,4,4,4
India,Assam,Guwahati,"IITG, Guwahati - PCBA",02-05-2024 10:00:00,26.2028636,91.70046436,PM10,77,184,123
India,Assam,Guwahati,"IITG, Guwahati - PCBA",02-05-2024 10:00:00,26.2028636,91.70046436,SO2,11,13,12
India,Assam,Guwahati,"Railway Colony, Guwahati - PCBA",02-05-2024 10:00:00,26.181742,91.78063,SO2,10,16,13
India,Assam,Guwahati,"Railway Colony, Guwahati - PCBA",02-05-2024 10:00:00,26.181742,91.78063,OZONE,2,27,13
India,Assam,Nagaon,"Christianpatty, Nagaon - PCBA",02-05-2024 10:00:00,26.349082,92.68449,PM2.5,62,193,100
India,Assam,Nagaon,"Christianpatty, Nagaon - PCBA",02-05-2024 10:00:00,26.349082,92.68449,PM10,68,129,93
India,Assam,Nagaon,"Christianpatty, Nagaon - PCBA",02-05-2024 10:00:00,26.349082,92.68449,SO2,NA,NA,NA
India,Assam,Nalbari,"Bata Chowk, Nalbari - PCBA",02-05-2024 10:00:00,26.446912,91.439057,SO2,8,17,11
India,Assam,Nalbari,"Bata Chowk, Nalbari - PCBA",02-05-2024 10:00:00,26.446912,91.439057,OZONE,13,24,18
India,Assam,Silchar,"Tarapur, Silchar - PCBA",02-05-2024 10:00:00,24.82827,92.79525,PM2.5,19,35,25
India,Bihar,Araria,"Kharahiya Basti, Araria - BSPCB",02-05-2024 10:00:00,26.146529,87.454184,OZONE,1,10,10
India,Bihar,Arrah,"New DM Office, Arrah - BSPCB",02-05-2024 10:00:00,25.5626095,84.663264,NO2,1,9,4
India,Bihar,Arrah,"New DM Office, Arrah - BSPCB",02-05-2024 10:00:00,25.5626095,84.663264,NH3,2,5,3
India,Bihar,Arrah,"New DM Office, Arrah - BSPCB",02-05-2024 10:00:00,25.5626095,84.663264,SO2,5,49,21
India,Bihar,Arrah,"New DM Office, Arrah - BSPCB",02-05-2024 10:00:00,25.5626095,84.663264,CO,3,14,11
India,Bihar,Bettiah,"Kamalnath Nagar, Bettiah - BSPCB",02-05-2024 10:00:00,26.80365,84.51954,NO2,28,29,28
India,Bihar,Bhagalpur,"DM Office_Kachari Chowk, Bhagalpur - BSPCB",02-05-2024 10:00:00,25.251013,86.989001,CO,28,100,39
India,Bihar,Bihar Sharif,"D M Colony, Bihar Sharif - BSPCB",02-05-2024 10:00:00,25.204762,85.514960,PM2.5,43,82,56
India,Bihar,Bihar Sharif,"D M Colony, Bihar Sharif - BSPCB",02-05-2024 10:00:00,25.204762,85.514960,NO2,8,10,9
India,Bihar,Buxar,"Charitra Van, Buxar - BSPCB (Formerly known as Central Jail)",02-05-2024 10:00:00,25.567520,83.966379,NO2,1,2,1
India,Bihar,Chhapra,"Darshan Nagar, Chhapra - BSPCB",02-05-2024 10:00:00,25.7808257,84.7446768,SO2,4,98,12
India,Bihar,Gaya,"Kareemganj, Gaya - BSPCB",02-05-2024 10:00:00,24.792403,84.992416,SO2,5,9,7
India,Bihar,Gaya,"Kareemganj, Gaya - BSPCB",02-05-2024 10:00:00,24.792403,84.992416,OZONE,2,16,11
India,Bihar,Gaya,"SFTI Kusdihra, Gaya - BSPCB",02-05-2024 10:00:00,24.762518,84.982348,PM2.5,NA,NA,NA
India,Bihar,Hajipur,"Industrial Area, Hajipur - BSPCB",02-05-2024 10:00:00,25.697189,85.245900,PM2.5,58,140,82
India,Bihar,Hajipur,"Industrial Area, Hajipur - BSPCB",02-05-2024 10:00:00,25.697189,85.245900,PM10,172,290,214
India,Bihar,Kishanganj,"SDM Office_Khagra, Kishanganj - BSPCB",02-05-2024 10:00:00,26.0881305,87.93840336,PM10,131,220,177
India,Bihar,Manguraha,"Forest Rest House, Manguraha - BSPCB",02-05-2024 10:00:00,27.308328,84.531742,PM2.5,NA,NA,NA
India,Bihar,Manguraha,"Forest Rest House, Manguraha - BSPCB",02-05-2024 10:00:00,27.308328,84.531742,NH3,2,3,3
India,Bihar,Manguraha,"Forest Rest House, Manguraha - BSPCB",02-05-2024 10:00:00,27.308328,84.531742,SO2,1,5,4
India,Bihar,Motihari,"Gandak Colony, Motihari - BSPCB",02-05-2024 10:00:00,26.63086,84.90051,NO2,41,113,77
India,Bihar,Motihari,"Gandak Colony, Motihari - BSPCB",02-05-2024 10:00:00,26.63086,84.90051,SO2,8,21,14
India,Bihar,Muzaffarpur,"Buddha Colony, Muzaffarpur - BSPCB",02-05-2024 10:00:00,26.11442,85.39813,PM10,141,268,203
India,Bihar,Muzaffarpur,"MIT-Daudpur Kothi, Muzaffarpur - BSPCB",02-05-2024 10:00:00,26.1403345,85.3650192,OZONE,41,81,52
India,Bihar,Muzaffarpur,"Muzaffarpur Collectorate, Muzaffarpur - BSPCB",02-05-2024 10:00:00,26.1209,85.3647,PM2.5,43,92,64
India,Bihar,Muzaffarpur,"Muzaffarpur Collectorate, Muzaffarpur - BSPCB",02-05-2024 10:00:00,26.1209,85.3647,OZONE,54,126,57
India,Bihar,Patna,"DRM Office Danapur, Patna - BSPCB",02-05-2024 10:00:00,25.586562,85.043586,SO2,15,41,26
India,Bihar,Patna,"Govt. High School Shikarpur, Patna - BSPCB",02-05-2024 10:00:00,25.592539,85.227158,PM2.5,135,327,251
India,Bihar,Patna,"Govt. High School Shikarpur, Patna - BSPCB",02-05-2024 10:00:00,25.592539,85.227158,NO2,13,15,14
India,Bihar,Patna,"Govt. High School Shikarpur, Patna - BSPCB",02-05-2024 10:00:00,25.592539,85.227158,SO2,8,12,10
India,Bihar,Patna,"IGSC Planetarium Complex, Patna - BSPCB",02-05-2024 10:00:00,25.610369,85.132568,SO2,5,6,5
India,Bihar,Patna,"IGSC Planetarium Complex, Patna - BSPCB",02-05-2024 10:00:00,25.610369,85.132568,OZONE,28,44,38
India,Bihar,Patna,"Muradpur, Patna - BSPCB",02-05-2024 10:00:00,25.619651,85.147382,PM10,207,330,265
India,Bihar,Patna,"Rajbansi Nagar, Patna - BSPCB",02-05-2024 10:00:00,25.599486,85.113666,SO2,7,30,13
India,Bihar,Patna,"Rajbansi Nagar, Patna - BSPCB",02-05-2024 10:00:00,25.599486,85.113666,CO,18,68,42
India,Bihar,Patna,"Samanpura, Patna - BSPCB",02-05-2024 10:00:00,25.596727,85.085624,PM2.5,111,319,232
India,Bihar,Patna,"Samanpura, Patna - BSPCB",02-05-2024 10:00:00,25.596727,85.085624,SO2,7,16,9
India,Bihar,Patna,"Samanpura, Patna - BSPCB",02-05-2024 10:00:00,25.596727,85.085624,OZONE,18,126,44
India,Bihar,Rajgir,"Dangi Tola, Rajgir - BSPCB",02-05-2024 10:00:00,25.03280,85.41948,PM10,43,141,85
India,Bihar,Saharsa,"Police Line, Saharsa - BSPCB",02-05-2024 10:00:00,25.892357,86.590325,SO2,16,17,16
India,Bihar,Samastipur,"DM Office_Kasipur, Samastipur - BSPCB",02-05-2024 10:00:00,25.859655,85.77944,PM2.5,48,187,90
India,Bihar,Sasaram,"Dada Peer, Sasaram - BSPCB",02-05-2024 10:00:00,24.952822,84.002396,NH3,5,28,14
India,Bihar,Sasaram,"Dada Peer, Sasaram - BSPCB",02-05-2024 10:00:00,24.952822,84.002396,SO2,19,23,22
India,Bihar,Sasaram,"Dada Peer, Sasaram - BSPCB",02-05-2024 10:00:00,24.952822,84.002396,CO,49,89,86
India,Bihar,Siwan,"Chitragupta Nagar, Siwan - BSPCB",02-05-2024 10:00:00,26.2271665,84.3570427,PM10,NA,NA,NA
India,Bihar,Siwan,"Chitragupta Nagar, Siwan - BSPCB",02-05-2024 10:00:00,26.2271665,84.3570427,OZONE,NA,NA,NA
India,Chandigarh,Chandigarh,"Sector-53, Chandigarh - CPCC",02-05-2024 10:00:00,30.719859,76.738637,NO2,5,62,24
India,Chhattisgarh,Bhilai,"Hathkhoj, Bhilai - CECB",02-05-2024 10:00:00,21.224231,81.408350,CO,8,35,25
India,Chhattisgarh,Chhal,"Nawapara SECL Colony, Chhal - CECB",02-05-2024 10:00:00,22.118125,83.140608,PM2.5,47,113,78
India,Chhattisgarh,Chhal,"Nawapara SECL Colony, Chhal - CECB",02-05-2024 10:00:00,22.118125,83.140608,NH3,2,2,2
India,Chhattisgarh,Kunjemura,"OP Jindal School, Kunjemura - CECB",02-05-2024 10:00:00,22.126650,83.483212,PM2.5,50,156,79
India,Chhattisgarh,Kunjemura,"OP Jindal School, Kunjemura - CECB",02-05-2024 10:00:00,22.126650,83.483212,NO2,9,97,47
India,Chhattisgarh,Milupara,"Govt. Higher Secondary School, Milupara - CECB",02-05-2024 10:00:00,22.1910172,83.5197009,NO2,NA,NA,NA
India,Chhattisgarh,Milupara,"Govt. Higher Secondary School, Milupara - CECB",02-05-2024 10:00:00,22.1910172,83.5197009,CO,16,58,27
India,Chhattisgarh,Raipur,"AIIMS, Raipur - CECB",02-05-2024 10:00:00,21.258815,81.578979,SO2,5,64,13
India,Chhattisgarh,Raipur,"Bhatagaon New ISBT, Raipur - CECB",02-05-2024 10:00:00,21.219665,81.630094,SO2,1,4,2
India,Chhattisgarh,Raipur,"Bhatagaon New ISBT, Raipur - CECB",02-05-2024 10:00:00,21.219665,81.630094,CO,16,40,26
India,Chhattisgarh,Raipur,"Bhatagaon New ISBT, Raipur - CECB",02-05-2024 10:00:00,21.219665,81.630094,OZONE,3,13,4
India,Chhattisgarh,Raipur,"Krishak Nagar, Raipur - CECB",02-05-2024 10:00:00,21.237755,81.705301,CO,26,36,34
India,Chhattisgarh,Raipur,"Siltara Phase-II, Raipur - CECB",02-05-2024 10:00:00,21.371751,81.664929,NO2,34,70,48
India,Chhattisgarh,Tumidih,"OP Jindal Industrial Park, Tumidih - CECB",02-05-2024 10:00:00,22.06631475,83.33820077,NH3,1,2,1
India,Chhattisgarh,Tumidih,"OP Jindal Industrial Park, Tumidih - CECB",02-05-2024 10:00:00,22.06631475,83.33820077,CO,14,55,28
India,Chhattisgarh,Tumidih,"OP Jindal Industrial Park, Tumidih - CECB",02-05-2024 10:00:00,22.06631475,83.33820077,OZONE,20,84,37
India,Delhi,Delhi,"Alipur, Delhi - DPCC",02-05-2024 10:00:00,28.815329,77.153010,PM2.5,27,324,111
India,Delhi,Delhi,"Alipur, Delhi - DPCC",02-05-2024 10:00:00,28.815329,77.153010,NH3,3,7,4
India,Delhi,Delhi,"Alipur, Delhi - DPCC",02-05-2024 10:00:00,28.815329,77.153010,CO,36,57,49
India,Delhi,Delhi,"Anand Vihar, Delhi - DPCC",02-05-2024 10:00:00,28.647622,77.3158090,NH3,3,7,5
India,Delhi,Delhi,"Anand Vihar, Delhi - DPCC",02-05-2024 10:00:00,28.647622,77.3158090,SO2,17,69,34
India,Delhi,Delhi,"Ashok Vihar, Delhi - DPCC",02-05-2024 10:00:00,28.695381,77.181665,NO2,15,59,32
India,Delhi,Delhi,"Aya Nagar, Delhi - IMD",02-05-2024 10:00:00,28.4706914,77.1099364,PM2.5,NA,NA,NA
India,Delhi,Delhi,"Bawana, Delhi - DPCC",02-05-2024 10:00:00,28.776200,77.051074,PM2.5,63,404,225
India,Delhi,Delhi,"Bawana, Delhi - DPCC",02-05-2024 10:00:00,28.776200,77.051074,SO2,3,98,31
India,Delhi,Delhi,"Burari Crossing, Delhi - IMD",02-05-2024 10:00:00,28.7256504,77.2011573,PM2.5,90,336,190
India,Delhi,Delhi,"CRRI Mathura Road, Delhi - IMD",02-05-2024 10:00:00,28.5512005,77.2735737,PM2.5,55,197,113
India,Delhi,Delhi,"CRRI Mathura Road, Delhi - IMD",02-05-2024 10:00:00,28.5512005,77.2735737,CO,10,43,35
India,Delhi,Delhi,"CRRI Mathura Road, Delhi - IMD",02-05-2024 10:00:00,28.5512005,77.2735737,OZONE,3,56,12
India,Delhi,Delhi,"DTU, Delhi - CPCB",02-05-2024 10:00:00,28.7500499,77.1112615,NH3,11,13,12
India,Delhi,Delhi,"Dr. Karni Singh Shooting Range, Delhi - DPCC",02-05-2024 10:00:00,28.498571,77.264840,NH3,4,6,5
India,Delhi,Delhi,"Dr. Karni Singh Shooting Range, Delhi - DPCC",02-05-2024 10:00:00,28.498571,77.264840,OZONE,32,158,158
India,Delhi,Delhi,"Dwarka-Sector 8, Delhi - DPCC ",02-05-2024 10:00:00,28.5710274,77.0719006,SO2,2,90,19
India,Delhi,Delhi,"IGI Airport (T3), Delhi - IMD",02-05-2024 10:00:00,28.5627763,77.1180053,PM2.5,18,316,90
India,Delhi,Delhi,"IHBAS, Dilshad Garden, Delhi - CPCB",02-05-2024 10:00:00,28.6811736,77.3025234,NH3,9,11,10
India,Delhi,Delhi,"ITO, Delhi - CPCB",02-05-2024 10:00:00,28.628624,77.241060,PM10,76,153,113
India,Delhi,Delhi,"Jahangirpuri, Delhi - DPCC",02-05-2024 10:00:00,28.732820,77.170633,CO,35,91,63
India,Delhi,Delhi,"Jawaharlal Nehru Stadium, Delhi - DPCC",02-05-2024 10:00:00,28.580280,77.233829,PM2.5,18,232,73
India,Delhi,Delhi,"Jawaharlal Nehru Stadium, Delhi - DPCC",02-05-2024 10:00:00,28.580280,77.233829,PM10,116,200,155
India,Delhi,Delhi,"Jawaharlal Nehru Stadium, Delhi - DPCC",02-05-2024 10:00:00,28.580280,77.233829,NH3,5,10,7
India,Delhi,Delhi,"Jawaharlal Nehru Stadium, Delhi - DPCC",02-05-2024 10:00:00,28.580280,77.233829,CO,21,64,49
India,Delhi,Delhi,"Jawaharlal Nehru Stadium, Delhi - DPCC",02-05-2024 10:00:00,28.580280,77.233829,OZONE,36,178,178
India,Delhi,Delhi,"Lodhi Road, Delhi - IITM",02-05-2024 10:00:00,28.588333,77.221667,PM2.5,97,267,184
India,Delhi,Delhi,"Lodhi Road, Delhi - IITM",02-05-2024 10:00:00,28.588333,77.221667,PM10,92,143,118
India,Delhi,Delhi,"Lodhi Road, Delhi - IITM",02-05-2024 10:00:00,28.588333,77.221667,NO2,67,93,83
India,Delhi,Delhi,"Lodhi Road, Delhi - IITM",02-05-2024 10:00:00,28.588333,77.221667,NH3,7,8,8
India,Delhi,Delhi,"Lodhi Road, Delhi - IITM",02-05-2024 10:00:00,28.588333,77.221667,CO,60,68,66
India,Delhi,Delhi,"Lodhi Road, Delhi - IMD",02-05-2024 10:00:00,28.5918245,77.2273074,PM2.5,29,192,80
India,Delhi,Delhi,"Major Dhyan Chand National Stadium, Delhi - DPCC",02-05-2024 10:00:00,28.611281,77.237738,PM2.5,26,307,98
India,Delhi,Delhi,"Mundka, Delhi - DPCC",02-05-2024 10:00:00,28.684678,77.076574,PM2.5,38,372,197
India,Delhi,Delhi,"Mundka, Delhi - DPCC",02-05-2024 10:00:00,28.684678,77.076574,SO2,5,124,43
India,Delhi,Delhi,"Najafgarh, Delhi - DPCC",02-05-2024 10:00:00,28.570173,76.933762,PM10,96,412,209
India,Delhi,Delhi,"Narela, Delhi - DPCC",02-05-2024 10:00:00,28.822836,77.101981,NO2,7,54,25
India,Delhi,Delhi,"Nehru Nagar, Delhi - DPCC",02-05-2024 10:00:00,28.567890,77.250515,PM2.5,35,302,114
India,Delhi,Delhi,"Okhla Phase-2, Delhi - DPCC",02-05-2024 10:00:00,28.530785,77.271255,NO2,33,103,64
India,Delhi,Delhi,"Okhla Phase-2, Delhi - DPCC",02-05-2024 10:00:00,28.530785,77.271255,CO,55,96,72
India,Delhi,Delhi,"Okhla Phase-2, Delhi - DPCC",02-05-2024 10:00:00,28.530785,77.271255,OZONE,21,86,44
India,Delhi,Delhi,"Punjabi Bagh, Delhi - DPCC",02-05-2024 10:00:00,28.674045,77.131023,PM10,135,481,205
India,Delhi,Delhi,"Punjabi Bagh, Delhi - DPCC",02-05-2024 10:00:00,28.674045,77.131023,NO2,33,64,51
India,Delhi,Delhi,"Punjabi Bagh, Delhi - DPCC",02-05-2024 10:00:00,28.674045,77.131023,NH3,3,5,4
India,Delhi,Delhi,"Pusa, Delhi - DPCC",02-05-2024 10:00:00,28.639652,77.146275,NH3,2,7,5
India,Delhi,Delhi,"Pusa, Delhi - DPCC",02-05-2024 10:00:00,28.639652,77.146275,SO2,2,51,22
India,Delhi,Delhi,"Pusa, Delhi - IMD",02-05-2024 10:00:00,28.636110,77.173332,CO,28,45,39
India,Delhi,Delhi,"Rohini, Delhi - DPCC",02-05-2024 10:00:00,28.732528,77.119920,PM2.5,26,373,144
India,Delhi,Delhi,"Rohini, Delhi - DPCC",02-05-2024 10:00:00,28.732528,77.119920,SO2,1,86,23
India,Delhi,Delhi,"Sirifort, Delhi - CPCB",02-05-2024 10:00:00,28.5504249,77.2159377,NO2,60,82,69
India,Delhi,Delhi,"Sirifort, Delhi - CPCB",02-05-2024 10:00:00,28.5504249,77.2159377,CO,6,156,119
India,Delhi,Delhi,"Sonia Vihar, Delhi - DPCC",02-05-2024 10:00:00,28.710508,77.249485,SO2,7,46,17
India,Delhi,Delhi,"Sri Aurobindo Marg, Delhi - DPCC",02-05-2024 10:00:00,28.531346,77.190156,PM2.5,32,342,114
India,Delhi,Delhi,"Sri Aurobindo Marg, Delhi - DPCC",02-05-2024 10:00:00,28.531346,77.190156,PM10,120,302,159
India,Delhi,Delhi,"Sri Aurobindo Marg, Delhi - DPCC",02-05-2024 10:00:00,28.531346,77.190156,CO,4,37,28
India,Delhi,Delhi,"Vivek Vihar, Delhi - DPCC",02-05-2024 10:00:00,28.672342,77.315260,PM2.5,23,328,136
India,Delhi,Delhi,"Vivek Vihar, Delhi - DPCC",02-05-2024 10:00:00,28.672342,77.315260,NO2,20,58,40
India,Delhi,Delhi,"Wazirpur, Delhi - DPCC",02-05-2024 10:00:00,28.699793,77.165453,OZONE,38,123,65
India,Gujarat,Ahmedabad,"Gyaspur, Ahmedabad - IITM",02-05-2024 10:00:00,22.977134,72.553024,PM10,105,198,134
India,Gujarat,Ahmedabad,"Gyaspur, Ahmedabad - IITM",02-05-2024 10:00:00,22.977134,72.553024,NO2,15,23,19
India,Gujarat,Ahmedabad,"Gyaspur, Ahmedabad - IITM",02-05-2024 10:00:00,22.977134,72.553024,NH3,3,22,10
India,Gujarat,Ahmedabad,"Maninagar, Ahmedabad - GPCB",02-05-2024 10:00:00,23.002657,72.591912,PM2.5,30,158,72
India,Gujarat,Ahmedabad,"Raikhad, Ahmedabad - IITM",02-05-2024 10:00:00,23.020509,72.579261,NO2,NA,NA,NA
India,Gujarat,Ahmedabad,"Raikhad, Ahmedabad - IITM",02-05-2024 10:00:00,23.020509,72.579261,SO2,4,16,8
India,Gujarat,Ahmedabad,"Rakhial, Ahmedabad - IITM",02-05-2024 10:00:00,23.016834,72.625775,CO,9,92,15
India,Gujarat,Ahmedabad,"SAC ISRO Satellite, Ahmedabad - IITM",02-05-2024 10:00:00,23.023389,72.515201,NH3,3,3,3
India,Gujarat,Ahmedabad,"Sardar Vallabhbhai Patel Stadium, Ahmedabad - IITM",02-05-2024 10:00:00,23.043070,72.562968,NO2,4,16,7
India,Gujarat,Ankleshwar,"GIDC, Ankleshwar - GPCB",02-05-2024 10:00:00,21.613267,73.010555,PM10,72,107,87
India,Gujarat,Gandhinagar,"Sector-10, Gandhinagar - GPCB",02-05-2024 10:00:00,23.221714,72.654328,NO2,17,25,20
India,Gujarat,Surat,"Science Center, Surat - SMC",02-05-2024 10:00:00,21.170046,72.795405,SO2,1,4,2
India,Gujarat,Vapi,"Phase-1 GIDC, Vapi - GPCB",02-05-2024 10:00:00,20.362421,72.918013,PM2.5,26,85,44
India,Gujarat,Vatva,"Phase-4 GIDC, Vatva - GPCB",02-05-2024 10:00:00,22.969611,72.643500,NH3,3,9,7
India,Haryana,Ambala,"Patti Mehar, Ambala - HSPCB",02-05-2024 10:00:00,30.379589,76.778328,PM10,36,79,51
India,Haryana,Ambala,"Patti Mehar, Ambala - HSPCB",02-05-2024 10:00:00,30.379589,76.778328,SO2,15,22,19
India,Haryana,Ambala,"Patti Mehar, Ambala - HSPCB",02-05-2024 10:00:00,30.379589,76.778328,CO,30,60,51
India,Haryana,Bahadurgarh,"Arya Nagar, Bahadurgarh - HSPCB",02-05-2024 10:00:00,28.6701,76.9254,NO2,21,24,22
India,Haryana,Bahadurgarh,"Arya Nagar, Bahadurgarh - HSPCB",02-05-2024 10:00:00,28.6701,76.9254,SO2,NA,NA,NA
India,Haryana,Ballabgarh,"Nathu Colony, Ballabgarh - HSPCB",02-05-2024 10:00:00,28.3419248,77.319699,CO,9,64,41
India,Haryana,Bhiwani,"H.B. Colony, Bhiwani - HSPCB",02-05-2024 10:00:00,28.806223,76.141105,PM10,77,145,124
India,Haryana,Bhiwani,"H.B. Colony, Bhiwani - HSPCB",02-05-2024 10:00:00,28.806223,76.141105,NH3,5,6,6
India,Haryana,Charkhi Dadri,"Mini Secretariat, Charkhi Dadri - HSPCB",02-05-2024 10:00:00,28.593883,76.270653,NO2,14,23,18
India,Haryana,Dharuhera,"Municipal Corporation Office, Dharuhera -  HSPCB",02-05-2024 10:00:00,28.206800,76.799700,NO2,45,113,72
India,Haryana,Faridabad,"New Industrial Town, Faridabad - HSPCB",02-05-2024 10:00:00,28.39072,77.30059,SO2,3,5,4
India,Haryana,Faridabad,"Sector 30, Faridabad - HSPCB",02-05-2024 10:00:00,28.4417,77.3217,NO2,30,33,31
India,Haryana,Faridabad,"Sector 30, Faridabad - HSPCB",02-05-2024 10:00:00,28.4417,77.3217,OZONE,10,10,10
India,Haryana,Fatehabad,"Huda Sector, Fatehabad - HSPCB",02-05-2024 10:00:00,29.503664,75.467934,NO2,29,31,30
India,Haryana,Fatehabad,"Huda Sector, Fatehabad - HSPCB",02-05-2024 10:00:00,29.503664,75.467934,SO2,10,11,11
India,Haryana,Gurugram,"Teri Gram, Gurugram - HSPCB",02-05-2024 10:00:00,28.4275,77.1465,NH3,10,40,31
India,Haryana,Gurugram,"Vikas Sadan, Gurugram - HSPCB",02-05-2024 10:00:00,28.4501238,77.0263051,PM2.5,205,437,334
India,Haryana,Hisar,"Urban Estate-II, Hisar - HSPCB",02-05-2024 10:00:00,29.140560,75.744941,NH3,7,12,10
India,Haryana,Hisar,"Urban Estate-II, Hisar - HSPCB",02-05-2024 10:00:00,29.140560,75.744941,CO,25,37,28
India,Haryana,Jind,"Police Lines, Jind - HSPCB",02-05-2024 10:00:00,29.307814,76.337619,PM2.5,44,190,88
India,Haryana,Kaithal,"Rishi Nagar, Kaithal - HSPCB",02-05-2024 10:00:00,29.8006,76.4155,PM10,124,190,153
India,Haryana,Kaithal,"Rishi Nagar, Kaithal - HSPCB",02-05-2024 10:00:00,29.8006,76.4155,OZONE,6,11,8
India,Haryana,Karnal,"Sector-12, Karnal - HSPCB",02-05-2024 10:00:00,29.695300,77.002700,PM2.5,134,210,169
India,Haryana,Karnal,"Sector-12, Karnal - HSPCB",02-05-2024 10:00:00,29.695300,77.002700,NH3,10,13,11
India,Haryana,Karnal,"Sector-12, Karnal - HSPCB",02-05-2024 10:00:00,29.695300,77.002700,SO2,12,13,12
India,Haryana,Karnal,"Sector-12, Karnal - HSPCB",02-05-2024 10:00:00,29.695300,77.002700,CO,20,38,25
India,Haryana,Karnal,"Sector-12, Karnal - HSPCB",02-05-2024 10:00:00,29.695300,77.002700,OZONE,30,37,35
India,Haryana,Kurukshetra,"Sector-7, Kurukshetra - HSPCB",02-05-2024 10:00:00,29.966942,76.875879,OZONE,27,69,34
India,Haryana,Manesar,"Sector-2 IMT, Manesar - HSPCB",02-05-2024 10:00:00,28.360699,76.936090,NO2,27,83,48
India,Haryana,Manesar,"Sector-2 IMT, Manesar - HSPCB",02-05-2024 10:00:00,28.360699,76.936090,OZONE,11,86,34
India,Haryana,Narnaul,"Shastri Nagar, Narnaul - HSPCB",02-05-2024 10:00:00,28.060249,76.113115,PM10,98,259,129
India,Haryana,Narnaul,"Shastri Nagar, Narnaul - HSPCB",02-05-2024 10:00:00,28.060249,76.113115,NO2,16,84,47
India,Haryana,Narnaul,"Shastri Nagar, Narnaul - HSPCB",02-05-2024 10:00:00,28.060249,76.113115,NH3,5,27,15
India,Haryana,Narnaul,"Shastri Nagar, Narnaul - HSPCB",02-05-2024 10:00:00,28.060249,76.113115,SO2,12,13,13
India,Haryana,Palwal,"Shyam Nagar, Palwal - HSPCB",02-05-2024 10:00:00,28.1485564,77.3320667,SO2,4,19,10
India,Haryana,Palwal,"Shyam Nagar, Palwal - HSPCB",02-05-2024 10:00:00,28.1485564,77.3320667,OZONE,5,30,18
India,Haryana,Panchkula,"Sector-6, Panchkula - HSPCB ",02-05-2024 10:00:00,30.7057778,76.8531805555555,PM2.5,61,184,113
India,Haryana,Panipat,"Sector-18, Panipat - HSPCB",02-05-2024 10:00:00,29.497973,76.993331,PM10,86,88,87
India,Haryana,Panipat,"Sector-18, Panipat - HSPCB",02-05-2024 10:00:00,29.497973,76.993331,NO2,31,32,31
India,Haryana,Panipat,"Sector-18, Panipat - HSPCB",02-05-2024 10:00:00,29.497973,76.993331,NH3,2,3,2
India,Haryana,Panipat,"Sector-18, Panipat - HSPCB",02-05-2024 10:00:00,29.497973,76.993331,OZONE,30,31,30
India,Haryana,Rohtak,"MD University, Rohtak - HSPCB",02-05-2024 10:00:00,28.52123,76.37138,NO2,47,55,51
India,Haryana,Rohtak,"MD University, Rohtak - HSPCB",02-05-2024 10:00:00,28.52123,76.37138,CO,31,83,44
India,Haryana,Sonipat,"Murthal, Sonipat - HSPCB",02-05-2024 10:00:00,29.027200,77.062100,OZONE,16,36,20
India,Haryana,Yamuna Nagar,"Gobind Pura, Yamuna Nagar - HSPCB",02-05-2024 10:00:00,30.1480566,77.2893471,PM2.5,58,108,77
India,Haryana,Yamuna Nagar,"Gobind Pura, Yamuna Nagar - HSPCB",02-05-2024 10:00:00,30.1480566,77.2893471,CO,36,58,50
India,Himachal Pradesh,Baddi,"HIMUDA Complex Phase-1, Baddi - HPPCB",02-05-2024 10:00:00,30.943887,76.801991,OZONE,4,155,77
India,Jharkhand,Dhanbad,"Kalakusuma, Dhanbad - DMC",02-05-2024 10:00:00,23.811548,86.481238,PM2.5,NA,NA,NA
India,Jharkhand,Dhanbad,"Kalakusuma, Dhanbad - DMC",02-05-2024 10:00:00,23.811548,86.481238,SO2,NA,NA,NA
India,Jharkhand,Dhanbad,"Sardar Patel Nagar, Dhanbad - JSPCB",02-05-2024 10:00:00,23.80569,86.44268,NO2,NA,NA,NA
India,Karnataka,Bagalkot,"Vidayagiri, Bagalkot - KSPCB",02-05-2024 10:00:00,16.172806,75.659694,CO,21,54,38
India,Karnataka,Belgaum,"Ramteerth Nagar, Belgaum - KSPCB",02-05-2024 10:00:00,15.888653,74.541751,NH3,2,6,4
India,Karnataka,Bengaluru,"BTM Layout, Bengaluru - CPCB",02-05-2024 10:00:00,12.9135218,77.5950804,NH3,5,6,5
India,Karnataka,Bengaluru,"BTM Layout, Bengaluru - CPCB",02-05-2024 10:00:00,12.9135218,77.5950804,OZONE,3,26,5
India,Karnataka,Bengaluru,"Bapuji Nagar, Bengaluru - KSPCB",02-05-2024 10:00:00,12.951913,77.539784,PM2.5,61,230,97
India,Karnataka,Bengaluru,"Bapuji Nagar, Bengaluru - KSPCB",02-05-2024 10:00:00,12.951913,77.539784,PM10,64,194,88
India,Karnataka,Bengaluru,"Bapuji Nagar, Bengaluru - KSPCB",02-05-2024 10:00:00,12.951913,77.539784,NH3,1,1,1
India,Karnataka,Bengaluru,"Hebbal, Bengaluru - KSPCB",02-05-2024 10:00:00,13.029152,77.585901,SO2,9,24,18
India,Karnataka,Bengaluru,"Hombegowda Nagar, Bengaluru - KSPCB",02-05-2024 10:00:00,12.938539,77.590100,CO,20,135,24
India,Karnataka,Bengaluru,"Kasturi Nagar, Bengaluru - KSPCB",02-05-2024 10:00:00,13.003872,77.664217,PM2.5,51,344,112
India,Karnataka,Bengaluru,"Kasturi Nagar, Bengaluru - KSPCB",02-05-2024 10:00:00,13.003872,77.664217,NH3,3,4,4
India,Karnataka,Bengaluru,"Peenya, Bengaluru - CPCB",02-05-2024 10:00:00,13.0270199,77.494094,OZONE,9,56,11
India,Karnataka,Bengaluru,"RVCE-Mailasandra, Bengaluru - KSPCB",02-05-2024 10:00:00,12.921418,77.502466,OZONE,39,39,39
India,Karnataka,Bengaluru,"Sanegurava Halli, Bengaluru - KSPCB",02-05-2024 10:00:00,12.990328,77.5431385,NO2,22,67,27
India,Karnataka,Bengaluru,"Shivapura_Peenya, Bengaluru - KSPCB",02-05-2024 10:00:00,13.0246342,77.5080115,PM10,24,139,70
India,Karnataka,Bengaluru,"Shivapura_Peenya, Bengaluru - KSPCB",02-05-2024 10:00:00,13.0246342,77.5080115,NO2,15,16,15
India,Karnataka,Bengaluru,"Shivapura_Peenya, Bengaluru - KSPCB",02-05-2024 10:00:00,13.0246342,77.5080115,CO,16,104,25
India,Karnataka,Bidar,"Naubad, Bidar - KSPCB",02-05-2024 10:00:00,17.930306,77.482194,PM2.5,30,153,65
India,Karnataka,Bidar,"Naubad, Bidar - KSPCB",02-05-2024 10:00:00,17.930306,77.482194,NO2,6,10,8
India,Karnataka,Bidar,"Naubad, Bidar - KSPCB",02-05-2024 10:00:00,17.930306,77.482194,NH3,2,3,3
India,Karnataka,Chamarajanagar,"Urban, Chamarajanagar - KSPCB",02-05-2024 10:00:00,11.55358,76.55521,NH3,2,2,2
India,Karnataka,Chikkaballapur,"Chikkaballapur Rural, Chikkaballapur - KSPCB",02-05-2024 10:00:00,13.428828,77.731418,OZONE,25,25,25
India,Karnataka,Chikkamagaluru,"Kalyana Nagara, Chikkamagaluru - KSPCB",02-05-2024 10:00:00,13.328028,75.797056,PM10,NA,NA,NA
India,Karnataka,Chikkamagaluru,"Kalyana Nagara, Chikkamagaluru - KSPCB",02-05-2024 10:00:00,13.328028,75.797056,OZONE,17,50,18
India,Karnataka,Gadag,"Panchal Nagar, Gadag - KSPCB",02-05-2024 10:00:00,15.411456,75.638133,PM2.5,21,48,32
India,Karnataka,Hassan,"B.Katihalli, Hassan - KSPCB",02-05-2024 10:00:00,13.008556,76.125258,NH3,NA,NA,NA
India,Karnataka,Hubballi,"Deshpande Nagar, Hubballi - KSPCB",02-05-2024 10:00:00,15.351773,75.140726,PM2.5,34,63,48
India,Karnataka,Hubballi,"Deshpande Nagar, Hubballi - KSPCB",02-05-2024 10:00:00,15.351773,75.140726,OZONE,2,13,4
India,Karnataka,Hubballi,"Lingaraj Nagar, Hubballi - KSPCB",02-05-2024 10:00:00,15.3714823,75.1160168,NH3,2,2,2
India,Karnataka,Hubballi,"Lingaraj Nagar, Hubballi - KSPCB",02-05-2024 10:00:00,15.3714823,75.1160168,SO2,1,4,2
India,Karnataka,Hubballi,"Lingaraj Nagar, Hubballi - KSPCB",02-05-2024 10:00:00,15.3714823,75.1160168,CO,1,26,23
India,Karnataka,Hubballi,"Lingaraj Nagar, Hubballi - KSPCB",02-05-2024 10:00:00,15.3714823,75.1160168,OZONE,20,71,25
India,Karnataka,Kalaburagi,"Lal Bahadur Shastri Nagar, Kalaburagi - KSPCB",02-05-2024 10:00:00,17.321993,76.822628,PM10,41,110,67
India,Karnataka,Koppal,"Diwator Nagar, Koppal - KSPCB",02-05-2024 10:00:00,15.347630,76.181767,NH3,5,9,7
India,Karnataka,Koppal,"Diwator Nagar, Koppal - KSPCB",02-05-2024 10:00:00,15.347630,76.181767,SO2,28,28,28
India,Karnataka,Madikeri,"Stuart Hill, Madikeri - KSPCB",02-05-2024 10:00:00,12.415911,75.735050,PM2.5,36,55,42
India,Karnataka,Madikeri,"Stuart Hill, Madikeri - KSPCB",02-05-2024 10:00:00,12.415911,75.735050,PM10,41,65,51
India,Karnataka,Madikeri,"Stuart Hill, Madikeri - KSPCB",02-05-2024 10:00:00,12.415911,75.735050,NO2,1,21,6
India,Karnataka,Madikeri,"Stuart Hill, Madikeri - KSPCB",02-05-2024 10:00:00,12.415911,75.735050,CO,4,130,34
India,Karnataka,Madikeri,"Stuart Hill, Madikeri - KSPCB",02-05-2024 10:00:00,12.415911,75.735050,OZONE,18,35,25
India,Karnataka,Mangalore,"Kadri, Mangalore - KSPCB",02-05-2024 10:00:00,12.889250,74.853000,NH3,2,2,2
India,Karnataka,Mangalore,"Kadri, Mangalore - KSPCB",02-05-2024 10:00:00,12.889250,74.853000,OZONE,30,32,31
India,Karnataka,Shivamogga,"Vinoba Nagara, Shivamogga - KSPCB",02-05-2024 10:00:00,13.940000,75.555917,SO2,2,11,6
India,Karnataka,Vijayapura,"Ibrahimpur, Vijayapura - KSPCB",02-05-2024 10:00:00,16.802639,75.722694,PM10,41,43,42
India,Karnataka,Vijayapura,"Ibrahimpur, Vijayapura - KSPCB",02-05-2024 10:00:00,16.802639,75.722694,NH3,2,2,2
India,Karnataka,Vijayapura,"Ibrahimpur, Vijayapura - KSPCB",02-05-2024 10:00:00,16.802639,75.722694,OZONE,14,16,15
India,Karnataka,Yadgir,"Collector Office, Yadgir - KSPCB",02-05-2024 10:00:00,16.7602,77.1428,PM10,59,120,79
India,Karnataka,Yadgir,"Collector Office, Yadgir - KSPCB",02-05-2024 10:00:00,16.7602,77.1428,NO2,6,12,8
India,Karnataka,Yadgir,"Collector Office, Yadgir - KSPCB",02-05-2024 10:00:00,16.7602,77.1428,CO,3,34,13
India,Kerala,Eloor,"Udyogamandal, Eloor - Kerala PCB",02-05-2024 10:00:00,10.073232,76.302765,PM10,33,43,38
India,Kerala,Eloor,"Udyogamandal, Eloor - Kerala PCB",02-05-2024 10:00:00,10.073232,76.302765,NO2,4,4,4
India,Kerala,Eloor,"Udyogamandal, Eloor - Kerala PCB",02-05-2024 10:00:00,10.073232,76.302765,SO2,1,16,3
India,Kerala,Kollam,"Polayathode, Kollam - Kerala PCB",02-05-2024 10:00:00,8.8787,76.6073,SO2,1,9,1
India,Kerala,Thiruvananthapuram,"Kariavattom, Thiruvananthapuram - Kerala PCB",02-05-2024 10:00:00,8.563700,76.886500,SO2,1,9,5
India,Kerala,Thiruvananthapuram,"Plammoodu, Thiruvananthapuram - Kerala PCB",02-05-2024 10:00:00,8.5149093,76.9435879,NO2,7,10,9
India,Kerala,Thrissur,"Corporation Ground, Thrissur - Kerala PCB",02-05-2024 10:00:00,10.532400,76.215900,PM2.5,43,51,47
India,Kerala,Thrissur,"Corporation Ground, Thrissur - Kerala PCB",02-05-2024 10:00:00,10.532400,76.215900,SO2,NA,NA,NA
India,Madhya Pradesh,Bhopal,"Idgah Hills, Bhopal - MPPCB",02-05-2024 10:00:00,23.264759,77.381568,PM2.5,15,82,42
India,Madhya Pradesh,Bhopal,"Idgah Hills, Bhopal - MPPCB",02-05-2024 10:00:00,23.264759,77.381568,NO2,18,36,25
India,Madhya Pradesh,Bhopal,"Idgah Hills, Bhopal - MPPCB",02-05-2024 10:00:00,23.264759,77.381568,NH3,4,5,4
India,Madhya Pradesh,Bhopal,"Idgah Hills, Bhopal - MPPCB",02-05-2024 10:00:00,23.264759,77.381568,SO2,15,24,19
India,Madhya Pradesh,Bhopal,"Paryavaran Parisar, Bhopal - MPPCB",02-05-2024 10:00:00,23.210494,77.425409,CO,26,157,106
India,Madhya Pradesh,Bhopal,"T T Nagar, Bhopal - MPPCB",02-05-2024 10:00:00,23.233584,77.400574,NO2,10,85,36
India,Madhya Pradesh,Dewas,"Bhopal Chauraha, Dewas - MPPCB",02-05-2024 10:00:00,22.9682591,76.064118,OZONE,20,52,34
India,Madhya Pradesh,Gwalior,"City Center, Gwalior - MPPCB",02-05-2024 10:00:00,26.203442,78.193251,PM10,69,140,94
India,Madhya Pradesh,Gwalior,"City Center, Gwalior - MPPCB",02-05-2024 10:00:00,26.203442,78.193251,OZONE,27,72,40
India,Madhya Pradesh,Gwalior,"Deen Dayal Nagar, Gwalior - MPPCB",02-05-2024 10:00:00,26.259242,78.216432,PM2.5,34,302,110
India,Madhya Pradesh,Gwalior,"Deen Dayal Nagar, Gwalior - MPPCB",02-05-2024 10:00:00,26.259242,78.216432,PM10,124,246,178
India,Madhya Pradesh,Gwalior,"Deen Dayal Nagar, Gwalior - MPPCB",02-05-2024 10:00:00,26.259242,78.216432,CO,34,59,50
India,Madhya Pradesh,Gwalior,"Maharaj Bada, Gwalior - MPPCB",02-05-2024 10:00:00,26.200388,78.147714,CO,1,48,11
India,Madhya Pradesh,Gwalior,"Phool Bagh, Gwalior - Mondelez Ind. Food",02-05-2024 10:00:00,26.210536,78.171,NO2,4,5,4
India,Madhya Pradesh,Indore,"Maguda Nagar, Indore - IMC",02-05-2024 10:00:00,22.7524,75.8872,NH3,NA,NA,NA
India,Madhya Pradesh,Indore,"Maguda Nagar, Indore - IMC",02-05-2024 10:00:00,22.7524,75.8872,SO2,34,39,36
India,Madhya Pradesh,Indore,"Residency Area, Indore - IMC",02-05-2024 10:00:00,22.7084,75.8815,OZONE,NA,NA,NA
India,Madhya Pradesh,Jabalpur,"Govindh Bhavan Colony, Jabalpur - JMC",02-05-2024 10:00:00,23.163174,79.973061,CO,19,37,33
India,Madhya Pradesh,Jabalpur,"Govindh Bhavan Colony, Jabalpur - JMC",02-05-2024 10:00:00,23.163174,79.973061,OZONE,42,155,155
India,Madhya Pradesh,Jabalpur,"Gupteshwar, Jabalpur - JMC",02-05-2024 10:00:00,23.142888,79.916147,PM2.5,19,118,52
India,Madhya Pradesh,Jabalpur,"Marhatal, Jabalpur - MPPCB",02-05-2024 10:00:00,23.168606,79.932247,NO2,7,77,31
India,Madhya Pradesh,Jabalpur,"Marhatal, Jabalpur - MPPCB",02-05-2024 10:00:00,23.168606,79.932247,CO,15,106,48
India,Madhya Pradesh,Katni,"Gole Bazar, Katni - MPPCB",02-05-2024 10:00:00,23.50016,80.23284,NO2,31,114,52
India,Madhya Pradesh,Katni,"Gole Bazar, Katni - MPPCB",02-05-2024 10:00:00,23.50016,80.23284,NH3,1,4,3
India,Madhya Pradesh,Mandideep,"Sector-D Industrial Area, Mandideep - MPPCB",02-05-2024 10:00:00,23.108440,77.511428,PM2.5,27,238,80
India,Madhya Pradesh,Mandideep,"Sector-D Industrial Area, Mandideep - MPPCB",02-05-2024 10:00:00,23.108440,77.511428,NH3,6,15,10
India,Madhya Pradesh,Pithampur,"Sector-2 Industrial Area, Pithampur - MPPCB",02-05-2024 10:00:00,22.624758,75.675238,SO2,10,15,12
India,Madhya Pradesh,Ratlam,"Shasthri Nagar, Ratlam - IPCA Lab",02-05-2024 10:00:00,23.331731,75.045981,PM10,118,292,169
India,Madhya Pradesh,Sagar,"Civil Lines, Sagar - MPPCB",02-05-2024 10:00:00,23.838586,78.759431,NH3,2,5,4
India,Madhya Pradesh,Satna,"Bandhavgar Colony, Satna - Birla Cement",02-05-2024 10:00:00,24.58434363,80.8549414,PM10,NA,NA,NA
India,Madhya Pradesh,Singrauli,"Suryakiran Bhawan NCL, Singrauli - MPPCB",02-05-2024 10:00:00,24.108970,82.645580,NO2,15,100,40
India,Madhya Pradesh,Ujjain,"Mahakaleshwar Temple, Ujjain - MPPCB",02-05-2024 10:00:00,23.182719 ,75.768218 ,PM2.5,NA,NA,NA
India,Madhya Pradesh,Ujjain,"Mahakaleshwar Temple, Ujjain - MPPCB",02-05-2024 10:00:00,23.182719 ,75.768218 ,SO2,NA,NA,NA
India,Maharashtra,Ahmednagar,"Tarakpur, Ahmednagar - MPCB",02-05-2024 10:00:00,19.10122,74.73339,NO2,11,79,38
India,Maharashtra,Akola,"Ramdaspeth, Akola - MPCB",02-05-2024 10:00:00,20.719516,77.000253,SO2,9,26,17
India,Maharashtra,Akola,"Ramdaspeth, Akola - MPCB",02-05-2024 10:00:00,20.719516,77.000253,OZONE,15,75,18
India,Maharashtra,Amravati,"Shivneri Colony, Amravati - MPCB",02-05-2024 10:00:00,20.9402359,77.7895248,SO2,2,4,3
India,Maharashtra,Amravati,"Shri Shivaji Science College, Amaravati - MPCB",02-05-2024 10:00:00,20.939198,77.765701,NH3,1,7,2
India,Maharashtra,Amravati,"Shri Shivaji Science College, Amaravati - MPCB",02-05-2024 10:00:00,20.939198,77.765701,SO2,1,11,3
India,Maharashtra,Aurangabad,"More Chowk Waluj, Aurangabad - MPCB",02-05-2024 10:00:00,19.8389439,75.244448,NH3,9,10,9
India,Maharashtra,Badlapur,"Katrap, Badlapur - MPCB",02-05-2024 10:00:00,19.16485,73.23409,SO2,6,15,9
India,Maharashtra,Belapur,"CBD Belapur, Belapur - MPCB",02-05-2024 10:00:00,19.0243902,73.0406721,PM2.5,63,123,82
India,Maharashtra,Bhiwandi,"Gokul Nagar, Bhiwandi - MPCB",02-05-2024 10:00:00,19.309073,73.057223,NH3,1,4,2
India,Maharashtra,Bhiwandi,"Gokul Nagar, Bhiwandi - MPCB",02-05-2024 10:00:00,19.309073,73.057223,SO2,19,24,20
India,Maharashtra,Bhiwandi,"Gokul Nagar, Bhiwandi - MPCB",02-05-2024 10:00:00,19.309073,73.057223,OZONE,19,74,30
India,Maharashtra,Chandrapur,"Chauhan Colony, Chandrapur - MPCB",02-05-2024 10:00:00,19.962900,79.298714,PM2.5,47,187,91
India,Maharashtra,Chandrapur,"Chauhan Colony, Chandrapur - MPCB",02-05-2024 10:00:00,19.962900,79.298714,NO2,16,84,41
India,Maharashtra,Dhule,"Deopur, Dhule - MPCB",02-05-2024 10:00:00,20.918946,74.776388,NH3,7,13,10
India,Maharashtra,Dhule,"Deopur, Dhule - MPCB",02-05-2024 10:00:00,20.918946,74.776388,SO2,15,30,20
India,Maharashtra,Jalgaon,"Prabhat Colony, Jalgaon - MPCB",02-05-2024 10:00:00,21.001264,75.565602,PM10,88,154,125
India,Maharashtra,Jalna,"Old MIDC, Jalna - MPCB",02-05-2024 10:00:00,19.854616,75.905894,PM2.5,61,79,70
India,Maharashtra,Kalyan,"Khadakpada, Kalyan - MPCB",02-05-2024 10:00:00,19.25292,73.142019,PM2.5,19,63,34
India,Maharashtra,Kalyan,"Khadakpada, Kalyan - MPCB",02-05-2024 10:00:00,19.25292,73.142019,NH3,1,1,1
India,Maharashtra,Kolhapur,"Shivaji University, Kolhapur - MPCB",02-05-2024 10:00:00,16.6870449,74.2505872,NO2,17,37,26
India,Maharashtra,Kolhapur,"Shivaji University, Kolhapur - MPCB",02-05-2024 10:00:00,16.6870449,74.2505872,CO,42,80,58
India,Maharashtra,Kolhapur,"Sinchan Bhavan, Kolhapur - MPCB",02-05-2024 10:00:00,16.7143745,74.2426398,NH3,7,8,7
India,Maharashtra,Kolhapur,"Sinchan Bhavan, Kolhapur - MPCB",02-05-2024 10:00:00,16.7143745,74.2426398,SO2,1,5,2
India,Maharashtra,Kolhapur,"Sinchan Bhavan, Kolhapur - MPCB",02-05-2024 10:00:00,16.7143745,74.2426398,CO,12,21,15
India,Maharashtra,Latur,"Sawe Wadi, Latur - MPCB",02-05-2024 10:00:00,18.39963,76.57452,PM10,56,111,79
India,Maharashtra,Latur,"Sawe Wadi, Latur - MPCB",02-05-2024 10:00:00,18.39963,76.57452,NO2,4,130,22
India,Maharashtra,Latur,"Sawe Wadi, Latur - MPCB",02-05-2024 10:00:00,18.39963,76.57452,NH3,NA,NA,NA
India,Maharashtra,Latur,"Sawe Wadi, Latur - MPCB",02-05-2024 10:00:00,18.39963,76.57452,OZONE,13,141,85
India,Maharashtra,Mahad,"Kamble Tarf Birwadi, Mahad - MPCB",02-05-2024 10:00:00,18.1023399,73.4783687,NH3,8,8,8
India,Maharashtra,Malegaon,"Mahesh Nagar, Malegaon - MPCB",02-05-2024 10:00:00,20.555712,74.529236,NH3,1,11,6
India,Maharashtra,Mumbai,"Bandra Kurla Complex, Mumbai - MPCB",02-05-2024 10:00:00,19.065931,72.862131,PM2.5,22,50,38
India,Maharashtra,Mumbai,"Bandra Kurla Complex, Mumbai - MPCB",02-05-2024 10:00:00,19.065931,72.862131,PM10,75,104,90
India,Maharashtra,Mumbai,"Bandra Kurla Complex, Mumbai - MPCB",02-05-2024 10:00:00,19.065931,72.862131,NH3,9,10,10
India,Maharashtra,Mumbai,"Bandra Kurla Complex, Mumbai - MPCB",02-05-2024 10:00:00,19.065931,72.862131,CO,28,61,45
India,Maharashtra,Mumbai,"Borivali East, Mumbai - IITM",02-05-2024 10:00:00,19.23241,72.86895,CO,6,20,13
India,Maharashtra,Mumbai,"Borivali East, Mumbai - MPCB",02-05-2024 10:00:00,19.2243333,72.8658113,PM10,42,138,82
India,Maharashtra,Mumbai,"Borivali East, Mumbai - MPCB",02-05-2024 10:00:00,19.2243333,72.8658113,NH3,1,3,2
India,Maharashtra,Mumbai,"Byculla, Mumbai - BMC",02-05-2024 10:00:00,18.9767,72.8380,NH3,2,3,2
India,Maharashtra,Mumbai,"Byculla, Mumbai - BMC",02-05-2024 10:00:00,18.9767,72.8380,SO2,2,7,3
India,Maharashtra,Mumbai,"Ghatkopar, Mumbai - BMC",02-05-2024 10:00:00,19.083694,72.920967,PM10,46,71,60
India,Maharashtra,Mumbai,"Ghatkopar, Mumbai - BMC",02-05-2024 10:00:00,19.083694,72.920967,OZONE,2,46,5
India,Maharashtra,Mumbai,"Kandivali East, Mumbai - MPCB",02-05-2024 10:00:00,19.205800,72.868200,NO2,18,37,28
India,Maharashtra,Mumbai,"Kandivali East, Mumbai - MPCB",02-05-2024 10:00:00,19.205800,72.868200,CO,28,30,29
India,Maharashtra,Mumbai,"Kherwadi_Bandra East, Mumbai - MPCB",02-05-2024 10:00:00,19.0632143,72.8456324,PM10,68,106,90
India,Maharashtra,Mumbai,"Kherwadi_Bandra East, Mumbai - MPCB",02-05-2024 10:00:00,19.0632143,72.8456324,NH3,3,5,4
India,Maharashtra,Mumbai,"Kherwadi_Bandra East, Mumbai - MPCB",02-05-2024 10:00:00,19.0632143,72.8456324,OZONE,47,96,54
India,Maharashtra,Mumbai,"Khindipada-Bhandup West, Mumbai - IITM",02-05-2024 10:00:00,19.1653323,72.922099,NO2,7,12,9
India,Maharashtra,Mumbai,"Khindipada-Bhandup West, Mumbai - IITM",02-05-2024 10:00:00,19.1653323,72.922099,NH3,1,5,2
India,Maharashtra,Mumbai,"Khindipada-Bhandup West, Mumbai - IITM",02-05-2024 10:00:00,19.1653323,72.922099,SO2,4,16,8
India,Maharashtra,Mumbai,"Khindipada-Bhandup West, Mumbai - IITM",02-05-2024 10:00:00,19.1653323,72.922099,OZONE,2,22,6
India,Maharashtra,Mumbai,"Mindspace-Malad West, Mumbai - MPCB",02-05-2024 10:00:00,19.1878657,72.8304069,PM2.5,32,74,48
India,Maharashtra,Mumbai,"Mindspace-Malad West, Mumbai - MPCB",02-05-2024 10:00:00,19.1878657,72.8304069,CO,6,24,12
India,Maharashtra,Mumbai,"Mulund West, Mumbai - MPCB",02-05-2024 10:00:00,19.1750,72.9419,NO2,15,16,15
India,Maharashtra,Mumbai,"Mulund West, Mumbai - MPCB",02-05-2024 10:00:00,19.1750,72.9419,SO2,12,13,13
India,Maharashtra,Mumbai,"Mulund West, Mumbai - MPCB",02-05-2024 10:00:00,19.1750,72.9419,CO,40,40,40
India,Maharashtra,Mumbai,"Navy Nagar-Colaba, Mumbai - IITM",02-05-2024 10:00:00,18.897756,72.813320,NH3,4,6,5
India,Maharashtra,Mumbai,"Powai, Mumbai - MPCB",02-05-2024 10:00:00,19.137500,72.915056,CO,30,39,34
India,Maharashtra,Mumbai,"Powai, Mumbai - MPCB",02-05-2024 10:00:00,19.137500,72.915056,OZONE,23,68,29
India,Maharashtra,Mumbai,"Sewri, Mumbai - BMC",02-05-2024 10:00:00,19.000084,72.856730,SO2,2,8,4
India,Maharashtra,Mumbai,"Sewri, Mumbai - BMC",02-05-2024 10:00:00,19.000084,72.856730,CO,7,25,14
India,Maharashtra,Mumbai,"Shivaji Nagar, Mumbai - BMC",02-05-2024 10:00:00,19.060498,72.923356,CO,NA,NA,NA
India,Maharashtra,Mumbai,"Sion, Mumbai - MPCB",02-05-2024 10:00:00,19.047000,72.874600,PM10,72,133,102
India,Maharashtra,Mumbai,"Sion, Mumbai - MPCB",02-05-2024 10:00:00,19.047000,72.874600,NH3,2,2,2
India,Maharashtra,Nagpur,"Ambazari, Nagpur - MPCB",02-05-2024 10:00:00,21.121801,79.04952,SO2,4,34,16
India,Maharashtra,Nagpur,"Opp GPO Civil Lines, Nagpur - MPCB",02-05-2024 10:00:00,21.152875,79.0517531,PM10,67,115,85
India,Maharashtra,Nagpur,"Opp GPO Civil Lines, Nagpur - MPCB",02-05-2024 10:00:00,21.152875,79.0517531,NO2,14,17,16
India,Maharashtra,Nagpur,"Opp GPO Civil Lines, Nagpur - MPCB",02-05-2024 10:00:00,21.152875,79.0517531,NH3,3,4,3
India,Maharashtra,Nagpur,"Opp GPO Civil Lines, Nagpur - MPCB",02-05-2024 10:00:00,21.152875,79.0517531,SO2,4,39,11
India,Maharashtra,Nanded,"Sneh Nagar, Nanded - MPCB",02-05-2024 10:00:00,19.173852,77.296291,NO2,14,64,31
India,Maharashtra,Nashik,"Gangapur Road, Nashik - MPCB",02-05-2024 10:00:00,20.0073285,73.7762427,PM10,48,118,82
India,Maharashtra,Nashik,"Hirawadi, Nashik - MPCB",02-05-2024 10:00:00,20.021503,73.813844,PM2.5,60,90,76
India,Maharashtra,Nashik,"Hirawadi, Nashik - MPCB",02-05-2024 10:00:00,20.021503,73.813844,OZONE,10,102,17
India,Maharashtra,Nashik,"MIDC Ambad, Nashik - MPCB",02-05-2024 10:00:00,19.950220,73.731480,PM10,48,82,62
India,Maharashtra,Nashik,"Pandav Nagari, Nashik - MPCB",02-05-2024 10:00:00,19.9591346,73.7788008,NO2,4,81,17
India,Maharashtra,Nashik,"Pandav Nagari, Nashik - MPCB",02-05-2024 10:00:00,19.9591346,73.7788008,OZONE,7,96,25
India,Maharashtra,Navi Mumbai,"Kopripada-Vashi, Navi Mumbai - MPCB",02-05-2024 10:00:00,19.090337,73.014232,NH3,4,6,5
India,Maharashtra,Navi Mumbai,"Mahape, Navi Mumbai - MPCB",02-05-2024 10:00:00,19.1135051,73.008978,PM2.5,28,43,36
India,Maharashtra,Navi Mumbai,"Nerul, Navi Mumbai - MPCB",02-05-2024 10:00:00,19.008751,73.016620,PM2.5,36,61,47
India,Maharashtra,Navi Mumbai,"Nerul, Navi Mumbai - MPCB",02-05-2024 10:00:00,19.008751,73.016620,PM10,102,174,133
India,Maharashtra,Navi Mumbai,"Sanpada, Navi Mumbai - MPCB",02-05-2024 10:00:00,19.0575752,73.0151367,NH3,1,4,3
India,Maharashtra,Navi Mumbai,"Sector-19A Nerul, Navi Mumbai - IITM",02-05-2024 10:00:00,19.044,73.0325,PM2.5,50,96,80
India,Maharashtra,Navi Mumbai,"Sector-2E Kalamboli, Navi Mumbai - MPCB",02-05-2024 10:00:00,19.02579,73.10297,NO2,18,50,32
India,Maharashtra,Navi Mumbai,"Tondare-Taloja, Navi Mumbai - MPCB",02-05-2024 10:00:00,19.0630,73.1209,PM2.5,33,78,55
India,Maharashtra,Parbhani,"Masoom Colony, Parbhani - MPCB",02-05-2024 10:00:00,19.265594,76.761463,PM2.5,44,115,70
India,Maharashtra,Parbhani,"Masoom Colony, Parbhani - MPCB",02-05-2024 10:00:00,19.265594,76.761463,NO2,NA,NA,NA
India,Maharashtra,Pimpri-Chinchwad,"Gavalinagar, Pimpri Chinchwad - MPCB",02-05-2024 10:00:00,18.63673,73.82487,PM2.5,38,97,63
India,Maharashtra,Pimpri-Chinchwad,"Gavalinagar, Pimpri Chinchwad - MPCB",02-05-2024 10:00:00,18.63673,73.82487,NH3,1,6,2
India,Maharashtra,Pimpri-Chinchwad,"Gavalinagar, Pimpri Chinchwad - MPCB",02-05-2024 10:00:00,18.63673,73.82487,SO2,7,17,12
India,Maharashtra,Pimpri-Chinchwad,"Gavalinagar, Pimpri Chinchwad - MPCB",02-05-2024 10:00:00,18.63673,73.82487,OZONE,16,185,50
India,Maharashtra,Pimpri-Chinchwad,"Thergaon, Pimpri Chinchwad - MPCB",02-05-2024 10:00:00,18.616318,73.765797,PM2.5,NA,NA,NA
India,Maharashtra,Pimpri-Chinchwad,"Thergaon, Pimpri Chinchwad - MPCB",02-05-2024 10:00:00,18.616318,73.765797,OZONE,25,190,53
India,Maharashtra,Pune,"Alandi, Pune - IITM",02-05-2024 10:00:00,18.675076,73.892743,NO2,8,23,15
India,Maharashtra,Pune,"Bhosari, Pune - IITM",02-05-2024 10:00:00,18.640051,73.848956,CO,44,56,51
India,Maharashtra,Pune,"Karve Road, Pune - MPCB",02-05-2024 10:00:00,18.5011743,73.8165527,CO,20,102,37
India,Maharashtra,Pune,"Karve Road, Pune - MPCB",02-05-2024 10:00:00,18.5011743,73.8165527,OZONE,38,263,71
India,Maharashtra,Pune,"Katraj Dairy, Pune - MPCB",02-05-2024 10:00:00,18.454450,73.854155,PM10,43,80,64
India,Maharashtra,Pune,"Katraj Dairy, Pune - MPCB",02-05-2024 10:00:00,18.454450,73.854155,NH3,1,3,2
India,Maharashtra,Pune,"Mhada Colony, Pune - IITM",02-05-2024 10:00:00,18.573040,73.927715,NO2,24,55,38
India,Maharashtra,Pune,"Revenue Colony-Shivajinagar, Pune - IITM",02-05-2024 10:00:00,18.530085,73.849598,NO2,68,124,93
India,Maharashtra,Pune,"Savitribai Phule Pune University, Pune - MPCB",02-05-2024 10:00:00,18.547056,73.826908,NH3,1,4,2
India,Maharashtra,Sangli,"Vijay Nagar, Sangli - MPCB",02-05-2024 10:00:00, 16.5038,74.3623,PM2.5,32,55,42
India,Maharashtra,Sangli,"Vijay Nagar, Sangli - MPCB",02-05-2024 10:00:00, 16.5038,74.3623,CO,12,20,15
India,Maharashtra,Sangli,"Vijay Nagar, Sangli - MPCB",02-05-2024 10:00:00, 16.5038,74.3623,OZONE,21,109,49
India,Maharashtra,Solapur,"Dnyaneshwar Nagar, Solapur - MPCB",02-05-2024 10:00:00,17.6336264,75.9132495,SO2,5,15,8
India,Maharashtra,Solapur,"Ratandeep Housing Society, Solapur - MPCB",02-05-2024 10:00:00,17.65439,75.90649,PM2.5,79,120,91
India,Maharashtra,Solapur,"Solapur, Solapur - MPCB",02-05-2024 10:00:00,17.6599188,75.9063906,NO2,55,55,55
India,Maharashtra,Thane,"Kasarvadavali, Thane - MPCB",02-05-2024 10:00:00,19.26777,72.97182,PM2.5,43,77,56
India,Maharashtra,Thane,"Pimpleshwar Mandir, Thane - MPCB",02-05-2024 10:00:00,19.192056,72.9585188,CO,8,104,25
India,Maharashtra,Thane,"Upvan Fort, Thane - MPCB",02-05-2024 10:00:00,19.222279,72.957979,PM2.5,18,66,43
India,Maharashtra,Thane,"Upvan Fort, Thane - MPCB",02-05-2024 10:00:00,19.222279,72.957979,NO2,6,33,16
India,Maharashtra,Ulhasnagar,"Sidhi Vinayak Nagar, Ulhasnagar - MPCB",02-05-2024 10:00:00,19.235581,73.159121,PM2.5,43,139,76
India,Maharashtra,Ulhasnagar,"Sidhi Vinayak Nagar, Ulhasnagar - MPCB",02-05-2024 10:00:00,19.235581,73.159121,CO,8,44,22
India,Manipur,Imphal,"DM College of Science, Imphal - Manipur PCB",02-05-2024 10:00:00,24.8207389,93.9423085,PM2.5,14,41,25
India,Manipur,Imphal,"DM College of Science, Imphal - Manipur PCB",02-05-2024 10:00:00,24.8207389,93.9423085,PM10,13,63,32
India,Manipur,Imphal,"DM College of Science, Imphal - Manipur PCB",02-05-2024 10:00:00,24.8207389,93.9423085,SO2,96,101,99
India,Manipur,Imphal,"Manipur University, Imphal - Manipur PCB",02-05-2024 10:00:00,24.7524239,93.9286218,NO2,7,17,10
India,Mizoram,Aizawl,"Sikulpuikawn, Aizawl - Mizoram PCB",02-05-2024 10:00:00,23.7176342,92.7192841,SO2,2,2,2
India,Mizoram,Aizawl,"Sikulpuikawn, Aizawl - Mizoram PCB",02-05-2024 10:00:00,23.7176342,92.7192841,OZONE,1,81,12
India,Nagaland,Kohima,"PWD Juction, Kohima - NPCB",02-05-2024 10:00:00,25.6635413,94.0989878,NH3,NA,NA,NA
India,Odisha,Angul,"Hakimapada, Angul - OSPCB",02-05-2024 10:00:00,20.832874,85.104082,SO2,10,106,36
India,Odisha,Barbil,"Forest Office, Barbil - OSPCB",02-05-2024 10:00:00,22.1166054,85.3945546,CO,18,64,36
India,Odisha,Baripada,"Meher Colony, Baripada - OSPCB",02-05-2024 10:00:00,21.941841,86.728318,PM2.5,NA,NA,NA
India,Odisha,Baripada,"Meher Colony, Baripada - OSPCB",02-05-2024 10:00:00,21.941841,86.728318,NH3,NA,NA,NA
India,Odisha,Baripada,"Meher Colony, Baripada - OSPCB",02-05-2024 10:00:00,21.941841,86.728318,CO,NA,NA,NA
India,Odisha,Bhubaneswar,"Lingraj Mandir, Bhubaneswar - OSPCB",02-05-2024 10:00:00,20.240790,85.836784,NO2,3,19,9
India,Odisha,Bhubaneswar,"Lingraj Mandir, Bhubaneswar - OSPCB",02-05-2024 10:00:00,20.240790,85.836784,OZONE,12,91,22
India,Odisha,Bhubaneswar,"Patia, Bhubaneswar - OSPCB",02-05-2024 10:00:00,20.34652,85.81630,PM10,32,125,67
India,Odisha,Bhubaneswar,"Patia, Bhubaneswar - OSPCB",02-05-2024 10:00:00,20.34652,85.81630,NO2,NA,NA,NA
India,Odisha,Bhubaneswar,"Patia, Bhubaneswar - OSPCB",02-05-2024 10:00:00,20.34652,85.81630,OZONE,4,129,16
India,Odisha,Bileipada,"Tata Township, Bileipada - OSPCB",02-05-2024 10:00:00,22.06156703,85.47409613,PM2.5,78,192,114
India,Odisha,Bileipada,"Tata Township, Bileipada - OSPCB",02-05-2024 10:00:00,22.06156703,85.47409613,NH3,11,12,12
India,Odisha,Bileipada,"Tata Township, Bileipada - OSPCB",02-05-2024 10:00:00,22.06156703,85.47409613,SO2,25,74,45
India,Odisha,Brajrajnagar,"GM Office, Brajrajnagar - OSPCB",02-05-2024 10:00:00,21.8004996,83.8396977,PM2.5,32,180,56
India,Odisha,Brajrajnagar,"GM Office, Brajrajnagar - OSPCB",02-05-2024 10:00:00,21.8004996,83.8396977,PM10,45,164,74
India,Odisha,Byasanagar,"Ferro Chrome Colony, Byasanagar - OSPCB",02-05-2024 10:00:00,20.94185,86.11510,CO,60,108,79
India,Odisha,Byasanagar,"Ferro Chrome Colony, Byasanagar - OSPCB",02-05-2024 10:00:00,20.94185,86.11510,OZONE,3,200,37
India,Odisha,Cuttack,"CDA Area, Cuttack - OSPCB",02-05-2024 10:00:00,20.48891     ,85.84768     ,PM2.5,2,78,39
India,Odisha,Keonjhar,"Jagamohanpur, Keonjhar - OSPCB",02-05-2024 10:00:00,21.643900,85.599355,PM2.5,57,108,78
India,Odisha,Keonjhar,"Jagamohanpur, Keonjhar - OSPCB",02-05-2024 10:00:00,21.643900,85.599355,NH3,4,5,4
India,Odisha,Nayagarh,"Dabuna, Nayagarh - OSPCB",02-05-2024 10:00:00,21.847279,85.416905,PM10,77,251,127
India,Odisha,Rairangpur,"Divisional Forest Office, Rairangpur - OSPCB",02-05-2024 10:00:00,22.265816,86.174829,PM2.5,80,195,111
India,Odisha,Rairangpur,"Divisional Forest Office, Rairangpur - OSPCB",02-05-2024 10:00:00,22.265816,86.174829,NO2,1,2,1
India,Odisha,Rairangpur,"Divisional Forest Office, Rairangpur - OSPCB",02-05-2024 10:00:00,22.265816,86.174829,NH3,3,3,3
India,Odisha,Rairangpur,"Divisional Forest Office, Rairangpur - OSPCB",02-05-2024 10:00:00,22.265816,86.174829,SO2,11,17,13
India,Odisha,Rairangpur,"Divisional Forest Office, Rairangpur - OSPCB",02-05-2024 10:00:00,22.265816,86.174829,CO,4,36,25
India,Odisha,Rourkela,"Fertilizer Township, Rourkela - OSPCB",02-05-2024 10:00:00,22.18972222,84.86277778,PM10,NA,NA,NA
India,Odisha,Rourkela,"Fertilizer Township, Rourkela - OSPCB",02-05-2024 10:00:00,22.18972222,84.86277778,NO2,NA,NA,NA
India,Odisha,Rourkela,"Raghunathpali, Rourkela - OSPCB",02-05-2024 10:00:00,22.220833,84.809444,PM10,118,206,157
India,Odisha,Suakati,"OMC Colony, Suakati - OSPCB",02-05-2024 10:00:00,21.606865,85.510538,NO2,6,14,11
India,Odisha,Suakati,"OMC Colony, Suakati - OSPCB",02-05-2024 10:00:00,21.606865,85.510538,CO,14,18,14
India,Odisha,Talcher,"Talcher Coalfields,Talcher - OSPCB",02-05-2024 10:00:00,20.9360711,85.1707021,CO,19,102,55
India,Odisha,Talcher,"Talcher Coalfields,Talcher - OSPCB",02-05-2024 10:00:00,20.9360711,85.1707021,OZONE,18,39,31
India,Odisha,Tensa,"Barsua Iron Ore Mines, Tensa - OSPCB",02-05-2024 10:00:00,21.869985,85.167016,PM10,102,138,115
India,Odisha,Tensa,"Barsua Iron Ore Mines, Tensa - OSPCB",02-05-2024 10:00:00,21.869985,85.167016,CO,14,54,36
India,Puducherry,Puducherry,"Jawahar Nagar, Puducherry - PPCC",02-05-2024 10:00:00,11.9309,79.8027,PM10,13,85,33
India,Punjab,Amritsar,"Golden Temple, Amritsar - PPCB",02-05-2024 10:00:00,31.620000,74.876512,SO2,6,37,17
India,Punjab,Bathinda,"Hardev Nagar, Bathinda - PPCB",02-05-2024 10:00:00,30.233011,74.907758,NO2,31,33,33
India,Punjab,Khanna,"Kalal Majra, Khanna - PPCB",02-05-2024 10:00:00,30.736056 ,76.209694,OZONE,42,48,45
India,Punjab,Ludhiana,"Punjab Agricultural University, Ludhiana - PPCB",02-05-2024 10:00:00,30.9028,75.8086,SO2,6,20,9
India,Punjab,Mandi Gobindgarh,"RIMT University, Mandi Gobindgarh - PPCB",02-05-2024 10:00:00,30.649961,76.331442,PM10,51,308,133
India,Punjab,Mandi Gobindgarh,"RIMT University, Mandi Gobindgarh - PPCB",02-05-2024 10:00:00,30.649961,76.331442,SO2,5,33,16
India,Punjab,Mandi Gobindgarh,"RIMT University, Mandi Gobindgarh - PPCB",02-05-2024 10:00:00,30.649961,76.331442,OZONE,48,50,49
India,Punjab,Patiala,"Model Town, Patiala - PPCB",02-05-2024 10:00:00,30.349388,76.366642,PM10,71,128,101
India,Punjab,Patiala,"Model Town, Patiala - PPCB",02-05-2024 10:00:00,30.349388,76.366642,CO,20,38,30
India,Rajasthan,Alwar,"Moti Doongri, Alwar - RSPCB",02-05-2024 10:00:00,27.554793,76.611536,SO2,3,65,18
India,Rajasthan,Banswara,"Rati Talai, Banswara - RSPCB",02-05-2024 10:00:00,23.555190,74.440010,SO2,1,17,8
India,Rajasthan,Banswara,"Rati Talai, Banswara - RSPCB",02-05-2024 10:00:00,23.555190,74.440010,CO,38,89,48
India,Rajasthan,Baran,"Bamboliya, Baran - RSPCB",02-05-2024 10:00:00,25.106006,76.469948,PM2.5,32,332,118
India,Rajasthan,Baran,"Bamboliya, Baran - RSPCB",02-05-2024 10:00:00,25.106006,76.469948,OZONE,2,131,49
India,Rajasthan,Bharatpur,"Krishna Nagar, Bharatpur - RSPCB",02-05-2024 10:00:00,27.215415,77.50873,PM2.5,142,332,218
India,Rajasthan,Bhilwara,"Pratap Nagar, Bhilwara - RSPCB",02-05-2024 10:00:00,25.339605,74.618883,NH3,1,2,2
India,Rajasthan,Bhiwadi,"Vasundhara Nagar_UIT, Bhiwadi - RSPCB",02-05-2024 10:00:00,28.207266,76.829265,SO2,1,26,10
India,Rajasthan,Bikaner,"MM Ground, Bikaner - RSPCB",02-05-2024 10:00:00,28.018792,73.292658,NH3,9,12,10
India,Rajasthan,Bundi,"New Colony, Bundi - RSPCB",02-05-2024 10:00:00,25.435774,75.644272,NO2,5,23,11
India,Rajasthan,Churu,"Subash Chowk, Churu - RSPCB",02-05-2024 10:00:00,28.296139,74.961696,SO2,NA,NA,NA
India,Rajasthan,Dausa,"Khatikan Mohalla, Dausa - RSPCB",02-05-2024 10:00:00,26.895552,76.334753,PM2.5,21,173,58
India,Rajasthan,Dholpur,"Raja Ganj, Dholpur - RSPCB",02-05-2024 10:00:00,26.699557,77.898881,PM2.5,47,200,95
India,Rajasthan,Dholpur,"Raja Ganj, Dholpur - RSPCB",02-05-2024 10:00:00,26.699557,77.898881,NH3,5,9,6
India,Rajasthan,Dholpur,"Raja Ganj, Dholpur - RSPCB",02-05-2024 10:00:00,26.699557,77.898881,SO2,6,7,7
India,Rajasthan,Dholpur,"Raja Ganj, Dholpur - RSPCB",02-05-2024 10:00:00,26.699557,77.898881,OZONE,90,155,155
India,Rajasthan,Dungarpur,"Bhoiwada, Dungarpur - RSPCB",02-05-2024 10:00:00,23.837789,73.714926,NH3,6,7,6
India,Rajasthan,Dungarpur,"Bhoiwada, Dungarpur - RSPCB",02-05-2024 10:00:00,23.837789,73.714926,SO2,1,5,2
India,Rajasthan,Dungarpur,"Bhoiwada, Dungarpur - RSPCB",02-05-2024 10:00:00,23.837789,73.714926,OZONE,17,85,40
India,Rajasthan,Hanumangarh,"Housing Board, Hanumangarh - RSPCB",02-05-2024 10:00:00,29.610750,74.283608,NH3,7,23,16
India,Rajasthan,Jaipur,"Adarsh Nagar, Jaipur - RSPCB",02-05-2024 10:00:00,26.902909,75.836858,NH3,2,6,4
India,Rajasthan,Jaipur,"RIICO Sitapura, Jaipur - RSPCB",02-05-2024 10:00:00,26.786682,75.827928,CO,19,41,28
India,Rajasthan,Jaipur,"Sector-2 Murlipura, Jaipur - RSPCB",02-05-2024 10:00:00,26.960669,75.771817,PM10,132,206,159
India,Rajasthan,Jaipur,"Sector-2 Murlipura, Jaipur - RSPCB",02-05-2024 10:00:00,26.960669,75.771817,CO,24,40,32
India,Rajasthan,Jaipur,"Shastri Nagar, Jaipur - RSPCB",02-05-2024 10:00:00,26.9502929,75.730943,SO2,6,51,23
India,Rajasthan,Jaipur,"Shastri Nagar, Jaipur - RSPCB",02-05-2024 10:00:00,26.9502929,75.730943,OZONE,26,77,42
India,Rajasthan,Jaisalmer,"Sadar Bazar, Jaisalmer - RSPCB",02-05-2024 10:00:00,26.912329,70.909168,CO,1,72,7
India,Rajasthan,Jalore,"Mudtra Sili, Jalore - RSPCB",02-05-2024 10:00:00,25.344694,72.626208,NH3,3,6,4
India,Rajasthan,Jalore,"Mudtra Sili, Jalore - RSPCB",02-05-2024 10:00:00,25.344694,72.626208,OZONE,19,133,85
India,Rajasthan,Jhalawar,"Rajlaxmi Nagar, Jhalawar - RSPCB",02-05-2024 10:00:00,24.588397,76.172782,PM2.5,19,142,71
India,Rajasthan,Jhalawar,"Rajlaxmi Nagar, Jhalawar - RSPCB",02-05-2024 10:00:00,24.588397,76.172782,NO2,17,61,29
India,Rajasthan,Jhalawar,"Rajlaxmi Nagar, Jhalawar - RSPCB",02-05-2024 10:00:00,24.588397,76.172782,SO2,3,20,8
India,Rajasthan,Jhunjhunu,"Indra Nagar, Jhunjhunu - RSPCB",02-05-2024 10:00:00,28.108988,75.386577,PM10,104,240,130
India,Rajasthan,Jodhpur,"Collectorate, Jodhpur - RSPCB",02-05-2024 10:00:00,26.268249,73.0193853,NO2,5,26,22
India,Rajasthan,Jodhpur,"Collectorate, Jodhpur - RSPCB",02-05-2024 10:00:00,26.268249,73.0193853,CO,3,142,38
India,Rajasthan,Jodhpur,"Digari Kalan, Jodhpur - RSPCB",02-05-2024 10:00:00,26.295810,73.082283,NH3,2,3,2
India,Rajasthan,Jodhpur,"Digari Kalan, Jodhpur - RSPCB",02-05-2024 10:00:00,26.295810,73.082283,CO,14,27,18
India,Rajasthan,Jodhpur,"Digari Kalan, Jodhpur - RSPCB",02-05-2024 10:00:00,26.295810,73.082283,OZONE,37,126,61
India,Rajasthan,Jodhpur,"Jhalamand, Jodhpur - RSPCB",02-05-2024 10:00:00,26.215415,73.070156,NO2,3,42,16
India,Rajasthan,Jodhpur,"Jhalamand, Jodhpur - RSPCB",02-05-2024 10:00:00,26.215415,73.070156,NH3,3,12,5
India,Rajasthan,Jodhpur,"Mandor, Jodhpur - RSPCB",02-05-2024 10:00:00,26.358805,73.047444,PM2.5,30,89,45
India,Rajasthan,Jodhpur,"Mandor, Jodhpur - RSPCB",02-05-2024 10:00:00,26.358805,73.047444,OZONE,52,121,73
India,Rajasthan,Jodhpur,"Samrat Ashok Udhyan, Jodhpur - RSPCB",02-05-2024 10:00:00,26.253384,72.976571,OZONE,66,169,90
India,Rajasthan,Kota,"Nayapura, Kota - RSPCB",02-05-2024 10:00:00,25.196024,75.855668,NH3,6,17,9
India,Rajasthan,Kota,"Nayapura, Kota - RSPCB",02-05-2024 10:00:00,25.196024,75.855668,CO,15,110,32
India,Rajasthan,Kota,"Shrinath Puram, Kota - RSPCB",02-05-2024 10:00:00,25.14389,75.821256,NH3,4,12,7
India,Rajasthan,Nagaur,"Karni Colony, Nagaur - RSPCB",02-05-2024 10:00:00,27.213494,73.734444,PM2.5,21,86,38
India,Rajasthan,Nagaur,"Karni Colony, Nagaur - RSPCB",02-05-2024 10:00:00,27.213494,73.734444,NO2,7,28,14
India,Rajasthan,Nagaur,"Karni Colony, Nagaur - RSPCB",02-05-2024 10:00:00,27.213494,73.734444,SO2,1,10,4
India,Rajasthan,Pali,"Indira Colony Vistar, Pali - RSPCB",02-05-2024 10:00:00,25.771061, 73.340227,NH3,6,17,12
India,Rajasthan,Pali,"Indira Colony Vistar, Pali - RSPCB",02-05-2024 10:00:00,25.771061, 73.340227,CO,30,63,43
India,Rajasthan,Pratapgarh,"Pragati Nagar, Pratapgarh - RSPCB",02-05-2024 10:00:00,24.041198,74.780702,PM10,86,158,117
India,Rajasthan,Pratapgarh,"Pragati Nagar, Pratapgarh - RSPCB",02-05-2024 10:00:00,24.041198,74.780702,NH3,2,4,3
India,Rajasthan,Sawai Madhopur,"Sahu Nagar, Sawai Madhopur - RSPCB",02-05-2024 10:00:00,26.031443,76.359327,PM2.5,47,95,67
India,Rajasthan,Sawai Madhopur,"Sahu Nagar, Sawai Madhopur - RSPCB",02-05-2024 10:00:00,26.031443,76.359327,OZONE,11,136,53
India,Rajasthan,Sirohi,"Vedhaynath Colony, Sirohi - RSPCB",02-05-2024 10:00:00,24.885261,72.857549,OZONE,6,127,39
India,Rajasthan,Udaipur,"Ashok Nagar, Udaipur - RSPCB",02-05-2024 10:00:00,24.5886166,73.6321397,PM2.5,73,167,107
India,Rajasthan,Udaipur,"Ashok Nagar, Udaipur - RSPCB",02-05-2024 10:00:00,24.5886166,73.6321397,CO,16,85,23
India,Rajasthan,Udaipur,"Ashok Nagar, Udaipur - RSPCB",02-05-2024 10:00:00,24.5886166,73.6321397,OZONE,20,81,59
India,Sikkim,Gangtok,"Zero Point GICI, Gangtok - SSPCB",02-05-2024 10:00:00,27.338530,88.614099,PM2.5,20,35,27
India,Sikkim,Gangtok,"Zero Point GICI, Gangtok - SSPCB",02-05-2024 10:00:00,27.338530,88.614099,NH3,1,1,1
India,TamilNadu,Ariyalur,"Keelapalur, Ariyalur - TNPCB",02-05-2024 10:00:00,11.06825,79.07033,NO2,5,6,6
India,TamilNadu,Chennai,"Alandur Bus Depot, Chennai - CPCB",02-05-2024 10:00:00,12.9099161,80.1076538,NO2,NA,NA,NA
India,TamilNadu,Chennai,"Alandur Bus Depot, Chennai - CPCB",02-05-2024 10:00:00,12.9099161,80.1076538,SO2,NA,NA,NA
India,TamilNadu,Chennai,"Kodungaiyur, Chennai - TNPCB",02-05-2024 10:00:00,13.1278,80.2642,PM2.5,NA,NA,NA
India,TamilNadu,Chennai,"Kodungaiyur, Chennai - TNPCB",02-05-2024 10:00:00,13.1278,80.2642,NO2,6,16,11
India,TamilNadu,Chennai,"Kodungaiyur, Chennai - TNPCB",02-05-2024 10:00:00,13.1278,80.2642,SO2,1,13,6
India,TamilNadu,Chennai,"Manali, Chennai - CPCB",02-05-2024 10:00:00,13.164544,80.26285,PM2.5,16,318,94
India,TamilNadu,Chennai,"Manali, Chennai - CPCB",02-05-2024 10:00:00,13.164544,80.26285,PM10,16,195,76
India,TamilNadu,Chennai,"Manali, Chennai - CPCB",02-05-2024 10:00:00,13.164544,80.26285,OZONE,6,20,18
India,TamilNadu,Chennai,"Perungudi, Chennai - TNPCB",02-05-2024 10:00:00,12.9533,80.2357,NH3,2,3,2
India,TamilNadu,Chennai,"Velachery Res. Area, Chennai - CPCB",02-05-2024 10:00:00,13.0052189,80.2398125,SO2,11,11,11
India,TamilNadu,Chennai,"Velachery Res. Area, Chennai - CPCB",02-05-2024 10:00:00,13.0052189,80.2398125,OZONE,34,60,46
India,TamilNadu,Coimbatore,"PSG College of Arts and Science, Coimbatore - TNPCB",02-05-2024 10:00:00,11.0328,77.0349,NH3,NA,NA,NA
India,TamilNadu,Cuddalore,"Kudikadu, Cuddalore - TNPCB",02-05-2024 10:00:00,11.6829898,79.7532099,PM2.5,23,62,37
India,TamilNadu,Cuddalore,"Kudikadu, Cuddalore - TNPCB",02-05-2024 10:00:00,11.6829898,79.7532099,PM10,27,75,45
India,TamilNadu,Cuddalore,"Semmandalam, Cuddalore - TNPCB",02-05-2024 10:00:00,11.7637683,79.7499835,PM10,6,82,21
India,TamilNadu,Gummidipoondi,"Anthoni Pillai Nagar, Gummidipoondi - TNPCB",02-05-2024 10:00:00,13.4127,80.1081,PM10,30,114,66
India,TamilNadu,Ooty,"Bombay Castel, Ooty - TNPCB",02-05-2024 10:00:00,11.4068288,76.7138973,PM2.5,NA,NA,NA
India,TamilNadu,Ooty,"Bombay Castel, Ooty - TNPCB",02-05-2024 10:00:00,11.4068288,76.7138973,PM10,NA,NA,NA
India,TamilNadu,Ooty,"Bombay Castel, Ooty - TNPCB",02-05-2024 10:00:00,11.4068288,76.7138973,NO2,NA,NA,NA
India,TamilNadu,Ramanathapuram,"Chalai Bazaar, Ramanathapuram - TNPCB",02-05-2024 10:00:00,9.36399,78.831977,NH3,1,1,1
India,TamilNadu,Ramanathapuram,"Chalai Bazaar, Ramanathapuram - TNPCB",02-05-2024 10:00:00,9.36399,78.831977,SO2,8,9,9
India,TamilNadu,Tirupur,"Kumaran College, Tirupur - TNPCB",02-05-2024 10:00:00,11.0973603,77.3228673,PM2.5,14,27,20
India,TamilNadu,Tirupur,"Kumaran College, Tirupur - TNPCB",02-05-2024 10:00:00,11.0973603,77.3228673,PM10,47,125,68
India,TamilNadu,Tirupur,"Kumaran College, Tirupur - TNPCB",02-05-2024 10:00:00,11.0973603,77.3228673,CO,19,38,23
India,TamilNadu,Vellore,"Vasanthapuram, Vellore - TNPCB",02-05-2024 10:00:00,12.909494,79.131861,NO2,NA,NA,NA
India,Telangana,Hyderabad,"Central University, Hyderabad - TSPCB",02-05-2024 10:00:00,17.460103,78.334361,PM10,80,148,114
India,Telangana,Hyderabad,"Central University, Hyderabad - TSPCB",02-05-2024 10:00:00,17.460103,78.334361,SO2,7,19,13
India,Telangana,Hyderabad,"Central University, Hyderabad - TSPCB",02-05-2024 10:00:00,17.460103,78.334361,OZONE,3,4,4
India,Telangana,Hyderabad,"ECIL Kapra, Hyderabad - TSPCB",02-05-2024 10:00:00,17.470431,78.566959,SO2,12,29,20
India,Telangana,Hyderabad,"ICRISAT Patancheru, Hyderabad - TSPCB",02-05-2024 10:00:00,17.518400,78.278777,PM2.5,33,174,74
India,Telangana,Hyderabad,"ICRISAT Patancheru, Hyderabad - TSPCB",02-05-2024 10:00:00,17.518400,78.278777,PM10,66,158,113
India,Telangana,Hyderabad,"IITH Kandi, Hyderabad - TSPCB",02-05-2024 10:00:00,17.585705,78.126199,NO2,8,9,9
India,Telangana,Hyderabad,"Nacharam_TSIIC IALA, Hyderabad - TSPCB",02-05-2024 10:00:00,17.429398,78.569354,NO2,12,15,14
India,Telangana,Hyderabad,"New Malakpet, Hyderabad - TSPCB",02-05-2024 10:00:00,17.37206,78.50864,SO2,9,17,12
India,Telangana,Hyderabad,"New Malakpet, Hyderabad - TSPCB",02-05-2024 10:00:00,17.37206,78.50864,OZONE,1,47,7
India,Telangana,Hyderabad,"Sanathnagar, Hyderabad - TSPCB",02-05-2024 10:00:00,17.4559458,78.4332152,NO2,28,33,30
India,Telangana,Hyderabad,"Somajiguda, Hyderabad - TSPCB",02-05-2024 10:00:00,17.417094,78.457437,OZONE,10,31,12
India,Telangana,Hyderabad,"Zoo Park, Hyderabad - TSPCB",02-05-2024 10:00:00,17.349694,78.451437,SO2,1,10,5
India,Uttar_Pradesh,Agra,"Manoharpur, Agra - UPPCB",02-05-2024 10:00:00,27.23711,78.01936,PM2.5,25,125,63
India,Uttar_Pradesh,Agra,"Manoharpur, Agra - UPPCB",02-05-2024 10:00:00,27.23711,78.01936,NO2,26,26,26
India,Uttar_Pradesh,Agra,"Manoharpur, Agra - UPPCB",02-05-2024 10:00:00,27.23711,78.01936,CO,5,16,14
India,Uttar_Pradesh,Agra,"Manoharpur, Agra - UPPCB",02-05-2024 10:00:00,27.23711,78.01936,OZONE,1,46,4
India,Uttar_Pradesh,Agra,"Rohta, Agra - UPPCB",02-05-2024 10:00:00,27.106972,78.000111,NO2,1,1,1
India,Uttar_Pradesh,Agra,"Sanjay Palace, Agra - UPPCB",02-05-2024 10:00:00,27.19865833,78.00598056,PM2.5,7,64,28
India,Uttar_Pradesh,Agra,"Sector-3B Avas Vikas Colony, Agra - UPPCB",02-05-2024 10:00:00,27.19412,77.96237,PM2.5,14,72,34
India,Uttar_Pradesh,Agra,"Sector-3B Avas Vikas Colony, Agra - UPPCB",02-05-2024 10:00:00,27.19412,77.96237,NH3,5,13,8
India,Uttar_Pradesh,Agra,"Sector-3B Avas Vikas Colony, Agra - UPPCB",02-05-2024 10:00:00,27.19412,77.96237,OZONE,6,10,8
India,Uttar_Pradesh,Agra,"Shastripuram, Agra - UPPCB",02-05-2024 10:00:00,27.19862,77.92066,PM10,86,178,131
India,Uttar_Pradesh,Agra,"Shastripuram, Agra - UPPCB",02-05-2024 10:00:00,27.19862,77.92066,NH3,NA,NA,NA
India,Uttar_Pradesh,Agra,"Shastripuram, Agra - UPPCB",02-05-2024 10:00:00,27.19862,77.92066,CO,9,17,16
India,Uttar_Pradesh,Bareilly,"Civil Lines, Bareilly - UPPCB",02-05-2024 10:00:00,28.359581,79.414455,PM2.5,4,9,7
India,Uttar_Pradesh,Bareilly,"Civil Lines, Bareilly - UPPCB",02-05-2024 10:00:00,28.359581,79.414455,NO2,1,3,2
India,Uttar_Pradesh,Bareilly,"Civil Lines, Bareilly - UPPCB",02-05-2024 10:00:00,28.359581,79.414455,NH3,NA,NA,NA
India,Uttar_Pradesh,Bareilly,"Rajendra Nagar, Bareilly - UPPCB",02-05-2024 10:00:00,28.38910936,79.42963708,CO,4,20,14
India,Uttar_Pradesh,Bareilly,"Rajendra Nagar, Bareilly - UPPCB",02-05-2024 10:00:00,28.38910936,79.42963708,OZONE,1,24,1
India,Uttar_Pradesh,Bulandshahr,"Yamunapuram, Bulandshahr - UPPCB",02-05-2024 10:00:00,28.406963,77.849831,OZONE,11,99,33
India,Uttar_Pradesh,Firozabad,"Nagla Bhau, Firozabad - UPPCB",02-05-2024 10:00:00,27.168897,78.376960,NO2,17,17,17
India,Uttar_Pradesh,Firozabad,"Vibhab Nagar, Firozabad - UPPCB",02-05-2024 10:00:00,27.1594,78.3953,NO2,12,14,13
India,Uttar_Pradesh,Firozabad,"Vibhab Nagar, Firozabad - UPPCB",02-05-2024 10:00:00,27.1594,78.3953,SO2,2,8,6
India,Uttar_Pradesh,Ghaziabad,"Indirapuram, Ghaziabad - UPPCB",02-05-2024 10:00:00,28.646233,77.358075,NO2,32,67,48
India,Uttar_Pradesh,Ghaziabad,"Indirapuram, Ghaziabad - UPPCB",02-05-2024 10:00:00,28.646233,77.358075,NH3,4,6,5
India,Uttar_Pradesh,Ghaziabad,"Loni, Ghaziabad - UPPCB",02-05-2024 10:00:00,28.757294,77.278792,PM10,152,292,197
India,Uttar_Pradesh,Ghaziabad,"Loni, Ghaziabad - UPPCB",02-05-2024 10:00:00,28.757294,77.278792,NO2,12,73,44
India,Uttar_Pradesh,Ghaziabad,"Loni, Ghaziabad - UPPCB",02-05-2024 10:00:00,28.757294,77.278792,OZONE,21,96,45
India,Uttar_Pradesh,Ghaziabad,"Sanjay Nagar, Ghaziabad - UPPCB",02-05-2024 10:00:00,28.685382,77.453839,PM10,145,242,174
India,Uttar_Pradesh,Ghaziabad,"Vasundhara, Ghaziabad - UPPCB",02-05-2024 10:00:00,28.6603346,77.3572563,SO2,6,113,39
India,Uttar_Pradesh,Gorakhpur,"Madan Mohan Malaviya University of Technology, Gorakhpur - UPPCB",02-05-2024 10:00:00,26.730136,83.433859,NO2,11,12,11
India,Uttar_Pradesh,Greater Noida,"Knowledge Park - III, Greater Noida - UPPCB",02-05-2024 10:00:00,28.47272,77.482000,NH3,1,4,2
India,Uttar_Pradesh,Greater Noida,"Knowledge Park - V, Greater Noida - UPPCB",02-05-2024 10:00:00,28.557054,77.453663,PM2.5,45,178,90
India,Uttar_Pradesh,Kanpur,"FTI Kidwai Nagar, Kanpur - UPPCB",02-05-2024 10:00:00,26.428282,80.327067,NO2,17,18,18
India,Uttar_Pradesh,Kanpur,"FTI Kidwai Nagar, Kanpur - UPPCB",02-05-2024 10:00:00,26.428282,80.327067,CO,28,35,31
India,Uttar_Pradesh,Kanpur,"NSI Kalyanpur, Kanpur - UPPCB",02-05-2024 10:00:00,26.509954,80.249612,NH3,1,2,2
India,Uttar_Pradesh,Kanpur,"Nehru Nagar, Kanpur - UPPCB",02-05-2024 10:00:00,26.4703136,80.3229863,OZONE,49,218,81
India,Uttar_Pradesh,Khurja,"Kalindi Kunj, Khurja - UPPCB",02-05-2024 10:00:00,28.2348927,77.8683002,NH3,1,2,1
India,Uttar_Pradesh,Khurja,"Kalindi Kunj, Khurja - UPPCB",02-05-2024 10:00:00,28.2348927,77.8683002,OZONE,30,39,31
India,Uttar_Pradesh,Lucknow,"B R Ambedkar University, Lucknow - UPPCB",02-05-2024 10:00:00,26.766433,80.927299,PM10,107,192,136
India,Uttar_Pradesh,Lucknow,"B R Ambedkar University, Lucknow - UPPCB",02-05-2024 10:00:00,26.766433,80.927299,NO2,11,12,11
India,Uttar_Pradesh,Lucknow,"B R Ambedkar University, Lucknow - UPPCB",02-05-2024 10:00:00,26.766433,80.927299,SO2,34,43,36
India,Uttar_Pradesh,Lucknow,"B R Ambedkar University, Lucknow - UPPCB",02-05-2024 10:00:00,26.766433,80.927299,OZONE,20,95,52
India,Uttar_Pradesh,Lucknow,"Gomti Nagar, Lucknow - UPPCB",02-05-2024 10:00:00,26.868120,81.005119,SO2,7,14,10
India,Uttar_Pradesh,Lucknow,"Gomti Nagar, Lucknow - UPPCB",02-05-2024 10:00:00,26.868120,81.005119,CO,36,45,38
India,Uttar_Pradesh,Lucknow,"Kendriya Vidyalaya, Lucknow - CPCB",02-05-2024 10:00:00,26.906111,80.948222,NO2,2,16,6
India,Uttar_Pradesh,Lucknow,"Kendriya Vidyalaya, Lucknow - CPCB",02-05-2024 10:00:00,26.906111,80.948222,CO,16,42,29
India,Uttar_Pradesh,Lucknow,"Kukrail Picnic Spot-1, Lucknow - UPPCB",02-05-2024 10:00:00,26.90723,80.98579,NH3,2,2,2
India,Uttar_Pradesh,Lucknow,"Kukrail Picnic Spot-1, Lucknow - UPPCB",02-05-2024 10:00:00,26.90723,80.98579,SO2,28,33,30
India,Uttar_Pradesh,Lucknow,"Kukrail Picnic Spot-1, Lucknow - UPPCB",02-05-2024 10:00:00,26.90723,80.98579,CO,10,18,16
India,Uttar_Pradesh,Lucknow,"Lalbagh, Lucknow - CPCB",02-05-2024 10:00:00,26.8458805,80.9365541,NO2,10,28,17
India,Uttar_Pradesh,Meerut,"Ganga Nagar, Meerut - UPPCB",02-05-2024 10:00:00,28.999264,77.7590354,SO2,8,40,21
India,Uttar_Pradesh,Meerut,"Ganga Nagar, Meerut - UPPCB",02-05-2024 10:00:00,28.999264,77.7590354,CO,18,44,38
India,Uttar_Pradesh,Meerut,"Pallavpuram Phase 2, Meerut - UPPCB",02-05-2024 10:00:00,29.063510,77.709723,PM2.5,23,304,122
India,Uttar_Pradesh,Meerut,"Pallavpuram Phase 2, Meerut - UPPCB",02-05-2024 10:00:00,29.063510,77.709723,NH3,6,9,7
India,Uttar_Pradesh,Moradabad,"Eco Herbal Park, Moradabad - UPPCB",02-05-2024 10:00:00,28.840739,78.697531,NH3,4,12,7
India,Uttar_Pradesh,Moradabad,"Kashiram Nagar, Moradabad - UPPCB",02-05-2024 10:00:00,28.849399,78.742362,PM10,86,152,118
India,Uttar_Pradesh,Moradabad,"Kashiram Nagar, Moradabad - UPPCB",02-05-2024 10:00:00,28.849399,78.742362,NH3,4,4,4
India,Uttar_Pradesh,Moradabad,"Transport Nagar, Moradabad - UPPCB",02-05-2024 10:00:00,28.802625,78.753728,SO2,50,68,61
India,Uttar_Pradesh,Muzaffarnagar,"New Mandi, Muzaffarnagar - UPPCB",02-05-2024 10:00:00,29.4723508,77.7194031,OZONE,30,85,43
India,Uttar_Pradesh,Noida,"Sector - 125, Noida - UPPCB",02-05-2024 10:00:00,28.5447608,77.3231257,SO2,5,50,22
India,Uttar_Pradesh,Noida,"Sector - 125, Noida - UPPCB",02-05-2024 10:00:00,28.5447608,77.3231257,OZONE,24,125,50
India,Uttar_Pradesh,Noida,"Sector - 62, Noida - IMD",02-05-2024 10:00:00,28.6245479,77.3577104,PM10,123,247,175
India,Uttar_Pradesh,Noida,"Sector - 62, Noida - IMD",02-05-2024 10:00:00,28.6245479,77.3577104,NO2,8,17,12
India,Uttar_Pradesh,Prayagraj,"Jhunsi, Prayagraj - UPPCB",02-05-2024 10:00:00,25.425602,81.917152,NO2,5,6,6
India,Uttar_Pradesh,Prayagraj,"Jhunsi, Prayagraj - UPPCB",02-05-2024 10:00:00,25.425602,81.917152,CO,8,103,13
India,Uttar_Pradesh,Prayagraj,"Jhunsi, Prayagraj - UPPCB",02-05-2024 10:00:00,25.425602,81.917152,OZONE,2,73,21
India,Uttar_Pradesh,Prayagraj,"Nagar Nigam, Prayagraj - UPPCB",02-05-2024 10:00:00,25.44919916 ,81.82735986 ,NH3,2,10,4
India,Uttar_Pradesh,Varanasi,"Ardhali Bazar, Varanasi - UPPCB",02-05-2024 10:00:00,25.3505986,82.9083074,PM10,21,82,43
India,Uttar_Pradesh,Varanasi,"Ardhali Bazar, Varanasi - UPPCB",02-05-2024 10:00:00,25.3505986,82.9083074,SO2,15,34,23
India,Uttar_Pradesh,Varanasi,"Bhelupur, Varanasi - UPPCB",02-05-2024 10:00:00,25.301778,82.996789,PM2.5,4,21,9
India,Uttar_Pradesh,Varanasi,"Bhelupur, Varanasi - UPPCB",02-05-2024 10:00:00,25.301778,82.996789,NO2,7,8,8
India,Uttar_Pradesh,Varanasi,"Bhelupur, Varanasi - UPPCB",02-05-2024 10:00:00,25.301778,82.996789,SO2,28,32,29
India,Uttar_Pradesh,Varanasi,"IESD Banaras Hindu University, Varanasi - UPPCB",02-05-2024 10:00:00,25.262326,82.995408,PM10,26,71,38
India,Uttar_Pradesh,Varanasi,"IESD Banaras Hindu University, Varanasi - UPPCB",02-05-2024 10:00:00,25.262326,82.995408,NH3,1,3,2
India,Uttar_Pradesh,Varanasi,"Maldahiya, Varanasi - UPPCB",02-05-2024 10:00:00,25.32393,82.99687,PM2.5,20,37,27
India,Uttar_Pradesh,Varanasi,"Maldahiya, Varanasi - UPPCB",02-05-2024 10:00:00,25.32393,82.99687,NO2,1,2,2
India,Uttar_Pradesh,Vrindavan,"Omex Eternity, Vrindavan - UPPCB",02-05-2024 10:00:00,27.5714090,77.6557570,PM2.5,13,111,50
India,Uttar_Pradesh,Vrindavan,"Omex Eternity, Vrindavan - UPPCB",02-05-2024 10:00:00,27.5714090,77.6557570,PM10,43,344,144
India,Uttar_Pradesh,Vrindavan,"Omex Eternity, Vrindavan - UPPCB",02-05-2024 10:00:00,27.5714090,77.6557570,OZONE,26,37,35
India,Uttarakhand,Dehradun,"Doon University, Dehradun - UKPCB",02-05-2024 10:00:00,30.269444,78.044167,OZONE,45,131,61
India,Uttarakhand,Rishikesh,"Shivaji Nagar, Rishikesh - UKPCB",02-05-2024 10:00:00,30.075911,78.2859547,NO2,8,51,18
India,Uttarakhand,Rishikesh,"Shivaji Nagar, Rishikesh - UKPCB",02-05-2024 10:00:00,30.075911,78.2859547,SO2,4,8,5
India,West_Bengal,Asansol,"Asansol Court Area, Asansol - WBPCB",02-05-2024 10:00:00,23.685297,86.945968,NH3,5,19,10
India,West_Bengal,Asansol,"Asansol Court Area, Asansol - WBPCB",02-05-2024 10:00:00,23.685297,86.945968,SO2,5,16,9
India,West_Bengal,Barrackpore,"SVSPA Campus, Barrackpore - WBPCB",02-05-2024 10:00:00,22.7605581,88.3617589,NH3,2,4,3
India,West_Bengal,Durgapur,"PCBL Residential Complex, Durgapur - WBPCB",02-05-2024 10:00:00,23.5087640,87.3544400,PM2.5,132,331,221
India,West_Bengal,Durgapur,"PCBL Residential Complex, Durgapur - WBPCB",02-05-2024 10:00:00,23.5087640,87.3544400,NO2,14,74,46
India,West_Bengal,Durgapur,"PCBL Residential Complex, Durgapur - WBPCB",02-05-2024 10:00:00,23.5087640,87.3544400,NH3,1,4,3
India,West_Bengal,Durgapur,"PCBL Residential Complex, Durgapur - WBPCB",02-05-2024 10:00:00,23.5087640,87.3544400,CO,33,103,53
India,West_Bengal,Durgapur,"Sidhu Kanhu Indoor Stadium, Durgapur - WBPCB",02-05-2024 10:00:00,23.5404352,87.2892225,NO2,14,40,25
India,West_Bengal,Durgapur,"Sidhu Kanhu Indoor Stadium, Durgapur - WBPCB",02-05-2024 10:00:00,23.5404352,87.2892225,CO,22,108,64
India,West_Bengal,Haldia,"Priyambada Housing Estate, Haldia - WBPCB",02-05-2024 10:00:00,22.06047,88.109737,NO2,13,43,20
India,West_Bengal,Haldia,"Priyambada Housing Estate, Haldia - WBPCB",02-05-2024 10:00:00,22.06047,88.109737,SO2,9,25,15
India,West_Bengal,Howrah,"Belur Math, Howrah - WBPCB",02-05-2024 10:00:00,22.629801,88.352017,NO2,6,27,12
India,West_Bengal,Howrah,"Ghusuri, Howrah - WBPCB",02-05-2024 10:00:00,22.611968,88.347422,PM2.5,57,205,122
India,West_Bengal,Howrah,"Ghusuri, Howrah - WBPCB",02-05-2024 10:00:00,22.611968,88.347422,NO2,17,21,18
India,West_Bengal,Howrah,"Ghusuri, Howrah - WBPCB",02-05-2024 10:00:00,22.611968,88.347422,SO2,3,6,5
India,West_Bengal,Howrah,"Padmapukur, Howrah - WBPCB",02-05-2024 10:00:00,22.5687319,88.2797276,PM2.5,54,123,78
India,West_Bengal,Howrah,"Padmapukur, Howrah - WBPCB",02-05-2024 10:00:00,22.5687319,88.2797276,SO2,14,103,38
India,West_Bengal,Howrah,"Padmapukur, Howrah - WBPCB",02-05-2024 10:00:00,22.5687319,88.2797276,CO,4,46,22
India,West_Bengal,Kolkata,"Ballygunge, Kolkata - WBPCB",02-05-2024 10:00:00,22.5367507,88.3638022,NO2,11,19,14
India,West_Bengal,Kolkata,"Bidhannagar, Kolkata - WBPCB",02-05-2024 10:00:00,22.58157048,88.41002457,SO2,13,20,16
India,West_Bengal,Kolkata,"Fort William, Kolkata - WBPCB",02-05-2024 10:00:00,22.556640,88.342674,SO2,9,42,18
India,West_Bengal,Kolkata,"Jadavpur, Kolkata - WBPCB",02-05-2024 10:00:00,22.49929,88.36917,PM10,38,122,84
India,West_Bengal,Kolkata,"Jadavpur, Kolkata - WBPCB",02-05-2024 10:00:00,22.49929,88.36917,NH3,5,7,6
India,West_Bengal,Kolkata,"Jadavpur, Kolkata - WBPCB",02-05-2024 10:00:00,22.49929,88.36917,CO,2,18,5
India,West_Bengal,Kolkata,"Rabindra Sarobar, Kolkata - WBPCB",02-05-2024 10:00:00,22.51106,88.35142,NO2,17,46,27
India,West_Bengal,Kolkata,"Rabindra Sarobar, Kolkata - WBPCB",02-05-2024 10:00:00,22.51106,88.35142,CO,18,27,20
India,West_Bengal,Kolkata,"Victoria, Kolkata - WBPCB",02-05-2024 10:00:00,22.5448082,88.3403691,NH3,4,4,4
India,West_Bengal,Kolkata,"Victoria, Kolkata - WBPCB",02-05-2024 10:00:00,22.5448082,88.3403691,CO,34,62,39
India,West_Bengal,Siliguri,"Ward-32 Bapupara, Siliguri - WBPCB",02-05-2024 10:00:00,26.6879226,88.4152495,NO2,24,75,46
