country,state,city,station,last_update,latitude,longitude,pollutant_id,pollutant_min,pollutant_max,pollutant_avg
India,Andhra_Pradesh,Chittoor,"Gangineni Cheruvu, Chittoor - APPCB",21-05-2024 02:00:00,13.204880,79.097889,PM2.5,NA,NA,NA
India,Andhra_Pradesh,Chittoor,"Gangineni Cheruvu, Chittoor - APPCB",21-05-2024 02:00:00,13.204880,79.097889,NO2,NA,NA,NA
India,Andhra_Pradesh,Chittoor,"Gangineni Cheruvu, Chittoor - APPCB",21-05-2024 02:00:00,13.204880,79.097889,NH3,NA,NA,NA
India,Andhra_Pradesh,Chittoor,"Gangineni Cheruvu, Chittoor - APPCB",21-05-2024 02:00:00,13.204880,79.097889,CO,NA,NA,NA
India,Andhra_Pradesh,Kadapa,"Yerramukkapalli, Kadapa - APPCB",21-05-2024 02:00:00,14.465052,78.824187,PM10,NA,NA,NA
India,Andhra_Pradesh,Kadapa,"Yerramukkapalli, Kadapa - APPCB",21-05-2024 02:00:00,14.465052,78.824187,NH3,NA,NA,NA
India,Andhra_Pradesh,Kadapa,"Yerramukkapalli, Kadapa - APPCB",21-05-2024 02:00:00,14.465052,78.824187,SO2,NA,NA,NA
India,Andhra_Pradesh,Kadapa,"Yerramukkapalli, Kadapa - APPCB",21-05-2024 02:00:00,14.465052,78.824187,CO,12,16,13
India,Andhra_Pradesh,Rajamahendravaram,"Anand Kala Kshetram, Rajamahendravaram - APPCB",21-05-2024 02:00:00,16.9872867,81.7363176,CO,5,69,33
India,Andhra_Pradesh,Tirupati,"Tirumala, Tirupati - APPCB",21-05-2024 02:00:00,13.67,79.35,PM2.5,6,64,28
India,Andhra_Pradesh,Tirupati,"Tirumala, Tirupati - APPCB",21-05-2024 02:00:00,13.67,79.35,SO2,1,13,5
India,Andhra_Pradesh,Tirupati,"Vaikuntapuram, Tirupati - APPCB",21-05-2024 02:00:00,13.615387,79.409230,PM2.5,NA,NA,NA
India,Andhra_Pradesh,Tirupati,"Vaikuntapuram, Tirupati - APPCB",21-05-2024 02:00:00,13.615387,79.409230,SO2,NA,NA,NA
India,Andhra_Pradesh,Vijayawada,"Kanuru, Vijayawada - APPCB",21-05-2024 02:00:00,16.486692,80.699436,PM10,48,60,53
India,Andhra_Pradesh,Vijayawada,"Rajiv Gandhi Park, Vijayawada - APPCB",21-05-2024 02:00:00,16.509717,80.612222,PM10,34,77,49
India,Andhra_Pradesh,Vijayawada,"Rajiv Gandhi Park, Vijayawada - APPCB",21-05-2024 02:00:00,16.509717,80.612222,SO2,5,7,6
India,Andhra_Pradesh,Vijayawada,"Rajiv Nagar, Vijayawada - APPCB",21-05-2024 02:00:00,16.554731,80.649110,PM2.5,42,125,48
India,Andhra_Pradesh,Vijayawada,"Rajiv Nagar, Vijayawada - APPCB",21-05-2024 02:00:00,16.554731,80.649110,NH3,2,3,2
India,Andhra_Pradesh,Visakhapatnam,"GVM Corporation, Visakhapatnam - APPCB",21-05-2024 02:00:00,17.72,83.3,CO,1,34,22
India,Arunachal_Pradesh,Naharlagun,"Naharlagun, Naharlagun - APSPCB",21-05-2024 02:00:00,27.103358,93.679645,PM10,NA,NA,NA
India,Assam,Byrnihat,"Central Academy for SFS, Byrnihat - PCBA",21-05-2024 02:00:00,26.071318,91.87488,PM2.5,45,317,127
India,Assam,Byrnihat,"Central Academy for SFS, Byrnihat - PCBA",21-05-2024 02:00:00,26.071318,91.87488,SO2,3,41,22
India,Assam,Byrnihat,"Central Academy for SFS, Byrnihat - PCBA",21-05-2024 02:00:00,26.071318,91.87488,CO,14,29,20
India,Assam,Guwahati,"IITG, Guwahati - PCBA",21-05-2024 02:00:00,26.2028636,91.70046436,SO2,13,13,13
India,Assam,Guwahati,"IITG, Guwahati - PCBA",21-05-2024 02:00:00,26.2028636,91.70046436,CO,8,14,12
India,Assam,Guwahati,"LGBI Airport, Guwahati - PCBA",21-05-2024 02:00:00,26.10887,91.589544,SO2,6,13,11
India,Assam,Guwahati,"LGBI Airport, Guwahati - PCBA",21-05-2024 02:00:00,26.10887,91.589544,OZONE,1,49,31
India,Assam,Nagaon,"Christianpatty, Nagaon - PCBA",21-05-2024 02:00:00,26.349082,92.68449,SO2,2,54,29
India,Assam,Nagaon,"Christianpatty, Nagaon - PCBA",21-05-2024 02:00:00,26.349082,92.68449,OZONE,7,98,46
India,Assam,Nalbari,"Bata Chowk, Nalbari - PCBA",21-05-2024 02:00:00,26.446912,91.439057,PM2.5,NA,NA,NA
India,Assam,Nalbari,"Bata Chowk, Nalbari - PCBA",21-05-2024 02:00:00,26.446912,91.439057,PM10,NA,NA,NA
India,Assam,Silchar,"Tarapur, Silchar - PCBA",21-05-2024 02:00:00,24.82827,92.79525,PM2.5,26,47,36
India,Assam,Sivasagar,"Girls College, Sivasagar - PCBA",21-05-2024 02:00:00,26.987634,94.636574,PM10,43,84,64
India,Assam,Sivasagar,"Girls College, Sivasagar - PCBA",21-05-2024 02:00:00,26.987634,94.636574,SO2,6,11,9
India,Assam,Sivasagar,"Girls College, Sivasagar - PCBA",21-05-2024 02:00:00,26.987634,94.636574,CO,6,26,8
India,Bihar,Bhagalpur,"DM Office_Kachari Chowk, Bhagalpur - BSPCB",21-05-2024 02:00:00,25.251013,86.989001,PM2.5,27,93,47
India,Bihar,Bhagalpur,"DM Office_Kachari Chowk, Bhagalpur - BSPCB",21-05-2024 02:00:00,25.251013,86.989001,SO2,35,58,50
India,Bihar,Bhagalpur,"Mayaganj, Bhagalpur - BSPCB",21-05-2024 02:00:00,25.265194,87.012947,PM2.5,33,237,86
India,Bihar,Bhagalpur,"Mayaganj, Bhagalpur - BSPCB",21-05-2024 02:00:00,25.265194,87.012947,OZONE,14,51,20
India,Bihar,Bihar Sharif,"D M Colony, Bihar Sharif - BSPCB",21-05-2024 02:00:00,25.204762,85.514960,NH3,2,2,2
India,Bihar,Buxar,"Charitra Van, Buxar - BSPCB (Formerly known as Central Jail)",21-05-2024 02:00:00,25.567520,83.966379,PM2.5,NA,NA,NA
India,Bihar,Buxar,"Charitra Van, Buxar - BSPCB (Formerly known as Central Jail)",21-05-2024 02:00:00,25.567520,83.966379,NH3,3,3,3
India,Bihar,Buxar,"Charitra Van, Buxar - BSPCB (Formerly known as Central Jail)",21-05-2024 02:00:00,25.567520,83.966379,OZONE,5,226,126
India,Bihar,Gaya,"Collectorate, Gaya - BSPCB",21-05-2024 02:00:00,24.7955,84.9994,PM2.5,NA,NA,NA
India,Bihar,Gaya,"Kareemganj, Gaya - BSPCB",21-05-2024 02:00:00,24.792403,84.992416,PM10,7,86,40
India,Bihar,Gaya,"SFTI Kusdihra, Gaya - BSPCB",21-05-2024 02:00:00,24.762518,84.982348,NH3,3,6,4
India,Bihar,Hajipur,"Industrial Area, Hajipur - BSPCB",21-05-2024 02:00:00,25.697189,85.245900,PM10,54,410,121
India,Bihar,Hajipur,"Industrial Area, Hajipur - BSPCB",21-05-2024 02:00:00,25.697189,85.245900,NO2,24,42,32
India,Bihar,Hajipur,"Industrial Area, Hajipur - BSPCB",21-05-2024 02:00:00,25.697189,85.245900,NH3,16,23,19
India,Bihar,Hajipur,"Industrial Area, Hajipur - BSPCB",21-05-2024 02:00:00,25.697189,85.245900,OZONE,3,17,12
India,Bihar,Katihar,"Mirchaibari, Katihar - BSPCB",21-05-2024 02:00:00,25.560083,87.553265,PM2.5,10,42,20
India,Bihar,Katihar,"Mirchaibari, Katihar - BSPCB",21-05-2024 02:00:00,25.560083,87.553265,PM10,16,97,43
India,Bihar,Katihar,"Mirchaibari, Katihar - BSPCB",21-05-2024 02:00:00,25.560083,87.553265,NO2,NA,NA,NA
India,Bihar,Katihar,"Mirchaibari, Katihar - BSPCB",21-05-2024 02:00:00,25.560083,87.553265,OZONE,4,16,6
India,Bihar,Kishanganj,"SDM Office_Khagra, Kishanganj - BSPCB",21-05-2024 02:00:00,26.0881305,87.93840336,PM2.5,NA,NA,NA
India,Bihar,Kishanganj,"SDM Office_Khagra, Kishanganj - BSPCB",21-05-2024 02:00:00,26.0881305,87.93840336,NO2,NA,NA,NA
India,Bihar,Manguraha,"Forest Rest House, Manguraha - BSPCB",21-05-2024 02:00:00,27.308328,84.531742,PM10,NA,NA,NA
India,Bihar,Manguraha,"Forest Rest House, Manguraha - BSPCB",21-05-2024 02:00:00,27.308328,84.531742,SO2,NA,NA,NA
India,Bihar,Motihari,"Gandak Colony, Motihari - BSPCB",21-05-2024 02:00:00,26.63086,84.90051,PM2.5,27,68,43
India,Bihar,Motihari,"Gandak Colony, Motihari - BSPCB",21-05-2024 02:00:00,26.63086,84.90051,CO,3,64,32
India,Bihar,Munger,"Town Hall, Munger - BSPCB",21-05-2024 02:00:00,25.376776,86.471523,PM10,NA,NA,NA
India,Bihar,Munger,"Town Hall, Munger - BSPCB",21-05-2024 02:00:00,25.376776,86.471523,NH3,NA,NA,NA
India,Bihar,Munger,"Town Hall, Munger - BSPCB",21-05-2024 02:00:00,25.376776,86.471523,OZONE,24,41,28
India,Bihar,Muzaffarpur,"Buddha Colony, Muzaffarpur - BSPCB",21-05-2024 02:00:00,26.11442,85.39813,NO2,13,26,17
India,Bihar,Muzaffarpur,"Buddha Colony, Muzaffarpur - BSPCB",21-05-2024 02:00:00,26.11442,85.39813,NH3,8,12,10
India,Bihar,Muzaffarpur,"Buddha Colony, Muzaffarpur - BSPCB",21-05-2024 02:00:00,26.11442,85.39813,OZONE,29,69,35
India,Bihar,Muzaffarpur,"MIT-Daudpur Kothi, Muzaffarpur - BSPCB",21-05-2024 02:00:00,26.1403345,85.3650192,PM2.5,40,110,69
India,Bihar,Muzaffarpur,"Muzaffarpur Collectorate, Muzaffarpur - BSPCB",21-05-2024 02:00:00,26.1209,85.3647,OZONE,51,106,56
India,Bihar,Patna,"DRM Office Danapur, Patna - BSPCB",21-05-2024 02:00:00,25.586562,85.043586,NO2,10,19,13
India,Bihar,Patna,"DRM Office Danapur, Patna - BSPCB",21-05-2024 02:00:00,25.586562,85.043586,SO2,5,12,8
India,Bihar,Patna,"DRM Office Danapur, Patna - BSPCB",21-05-2024 02:00:00,25.586562,85.043586,OZONE,16,68,42
India,Bihar,Patna,"Govt. High School Shikarpur, Patna - BSPCB",21-05-2024 02:00:00,25.592539,85.227158,OZONE,1,59,8
India,Bihar,Patna,"Muradpur, Patna - BSPCB",21-05-2024 02:00:00,25.619651,85.147382,PM10,153,467,236
India,Bihar,Patna,"Muradpur, Patna - BSPCB",21-05-2024 02:00:00,25.619651,85.147382,NO2,12,57,29
India,Bihar,Patna,"Muradpur, Patna - BSPCB",21-05-2024 02:00:00,25.619651,85.147382,SO2,5,10,7
India,Bihar,Patna,"Rajbansi Nagar, Patna - BSPCB",21-05-2024 02:00:00,25.599486,85.113666,PM2.5,85,223,147
India,Bihar,Patna,"Rajbansi Nagar, Patna - BSPCB",21-05-2024 02:00:00,25.599486,85.113666,NO2,5,21,12
India,Bihar,Patna,"Samanpura, Patna - BSPCB",21-05-2024 02:00:00,25.596727,85.085624,PM10,106,456,186
India,Bihar,Patna,"Samanpura, Patna - BSPCB",21-05-2024 02:00:00,25.596727,85.085624,NH3,6,15,10
India,Bihar,Patna,"Samanpura, Patna - BSPCB",21-05-2024 02:00:00,25.596727,85.085624,SO2,2,4,3
India,Bihar,Purnia,"Mariam Nagar, Purnia - BSPCB",21-05-2024 02:00:00,25.366336,87.117468,PM10,24,108,56
India,Bihar,Rajgir,"Dangi Tola, Rajgir - BSPCB",21-05-2024 02:00:00,25.03280,85.41948,PM2.5,12,45,28
India,Bihar,Samastipur,"DM Office_Kasipur, Samastipur - BSPCB",21-05-2024 02:00:00,25.859655,85.77944,NH3,NA,NA,NA
India,Bihar,Sasaram,"Dada Peer, Sasaram - BSPCB",21-05-2024 02:00:00,24.952822,84.002396,PM10,2,41,19
India,Bihar,Sasaram,"Dada Peer, Sasaram - BSPCB",21-05-2024 02:00:00,24.952822,84.002396,OZONE,37,93,60
India,Bihar,Siwan,"Chitragupta Nagar, Siwan - BSPCB",21-05-2024 02:00:00,26.2271665,84.3570427,PM10,NA,NA,NA
India,Bihar,Siwan,"Chitragupta Nagar, Siwan - BSPCB",21-05-2024 02:00:00,26.2271665,84.3570427,OZONE,20,80,35
India,Chhattisgarh,Bhilai,"32Bungalows, Bhilai - CECB",21-05-2024 02:00:00,21.194815,81.314770,PM2.5,2,60,31
India,Chhattisgarh,Bhilai,"32Bungalows, Bhilai - CECB",21-05-2024 02:00:00,21.194815,81.314770,PM10,25,97,49
India,Chhattisgarh,Bhilai,"32Bungalows, Bhilai - CECB",21-05-2024 02:00:00,21.194815,81.314770,NO2,10,23,17
India,Chhattisgarh,Bhilai,"32Bungalows, Bhilai - CECB",21-05-2024 02:00:00,21.194815,81.314770,NH3,6,6,6
India,Chhattisgarh,Bhilai,"Civic Center, Bhilai - Bhilai Steel Plant",21-05-2024 02:00:00,21.185571,81.343175,PM2.5,16,42,26
India,Chhattisgarh,Bhilai,"Civic Center, Bhilai - Bhilai Steel Plant",21-05-2024 02:00:00,21.185571,81.343175,SO2,8,12,10
India,Chhattisgarh,Bhilai,"Civic Center, Bhilai - Bhilai Steel Plant",21-05-2024 02:00:00,21.185571,81.343175,OZONE,14,54,30
India,Chhattisgarh,Bilaspur,"Mangala, Bilaspur - NTPC",21-05-2024 02:00:00,22.08815,82.13737,PM2.5,20,70,37
India,Chhattisgarh,Korba,"Urja Nagar, Korba - CECB",21-05-2024 02:00:00,22.348441,82.549611,NH3,1,8,5
India,Chhattisgarh,Kunjemura,"OP Jindal School, Kunjemura - CECB",21-05-2024 02:00:00,22.126650,83.483212,NO2,17,111,45
India,Chhattisgarh,Raipur,"AIIMS, Raipur - CECB",21-05-2024 02:00:00,21.258815,81.578979,CO,NA,NA,NA
India,Chhattisgarh,Raipur,"Bhatagaon New ISBT, Raipur - CECB",21-05-2024 02:00:00,21.219665,81.630094,CO,14,60,37
India,Chhattisgarh,Raipur,"Siltara Phase-II, Raipur - CECB",21-05-2024 02:00:00,21.371751,81.664929,PM2.5,47,158,93
India,Chhattisgarh,Tumidih,"OP Jindal Industrial Park, Tumidih - CECB",21-05-2024 02:00:00,22.06631475,83.33820077,PM2.5,NA,NA,NA
India,Delhi,Delhi,"Alipur, Delhi - DPCC",21-05-2024 02:00:00,28.815329,77.153010,NH3,6,10,7
India,Delhi,Delhi,"Alipur, Delhi - DPCC",21-05-2024 02:00:00,28.815329,77.153010,SO2,11,39,23
India,Delhi,Delhi,"Alipur, Delhi - DPCC",21-05-2024 02:00:00,28.815329,77.153010,CO,38,72,59
India,Delhi,Delhi,"Anand Vihar, Delhi - DPCC",21-05-2024 02:00:00,28.647622,77.3158090,NO2,56,123,91
India,Delhi,Delhi,"Anand Vihar, Delhi - DPCC",21-05-2024 02:00:00,28.647622,77.3158090,NH3,4,13,8
India,Delhi,Delhi,"Anand Vihar, Delhi - DPCC",21-05-2024 02:00:00,28.647622,77.3158090,CO,112,131,120
India,Delhi,Delhi,"Ashok Vihar, Delhi - DPCC",21-05-2024 02:00:00,28.695381,77.181665,PM10,142,432,246
India,Delhi,Delhi,"Ashok Vihar, Delhi - DPCC",21-05-2024 02:00:00,28.695381,77.181665,NH3,7,20,15
India,Delhi,Delhi,"Ashok Vihar, Delhi - DPCC",21-05-2024 02:00:00,28.695381,77.181665,CO,6,104,72
India,Delhi,Delhi,"Aya Nagar, Delhi - IMD",21-05-2024 02:00:00,28.4706914,77.1099364,OZONE,8,62,31
India,Delhi,Delhi,"Bawana, Delhi - DPCC",21-05-2024 02:00:00,28.776200,77.051074,NH3,4,8,6
India,Delhi,Delhi,"Bawana, Delhi - DPCC",21-05-2024 02:00:00,28.776200,77.051074,CO,34,84,58
India,Delhi,Delhi,"Bawana, Delhi - DPCC",21-05-2024 02:00:00,28.776200,77.051074,OZONE,13,144,71
India,Delhi,Delhi,"CRRI Mathura Road, Delhi - IMD",21-05-2024 02:00:00,28.5512005,77.2735737,PM10,142,407,251
India,Delhi,Delhi,"CRRI Mathura Road, Delhi - IMD",21-05-2024 02:00:00,28.5512005,77.2735737,NO2,8,22,16
India,Delhi,Delhi,"CRRI Mathura Road, Delhi - IMD",21-05-2024 02:00:00,28.5512005,77.2735737,CO,16,104,60
India,Delhi,Delhi,"Chandni Chowk, Delhi - IITM",21-05-2024 02:00:00,28.656756,77.227234,PM10,155,419,235
India,Delhi,Delhi,"Chandni Chowk, Delhi - IITM",21-05-2024 02:00:00,28.656756,77.227234,CO,50,88,61
India,Delhi,Delhi,"DTU, Delhi - CPCB",21-05-2024 02:00:00,28.7500499,77.1112615,NO2,35,43,38
India,Delhi,Delhi,"Dr. Karni Singh Shooting Range, Delhi - DPCC",21-05-2024 02:00:00,28.498571,77.264840,OZONE,2,259,63
India,Delhi,Delhi,"IGI Airport (T3), Delhi - IMD",21-05-2024 02:00:00,28.5627763,77.1180053,PM10,101,401,167
India,Delhi,Delhi,"IGI Airport (T3), Delhi - IMD",21-05-2024 02:00:00,28.5627763,77.1180053,NO2,20,69,41
India,Delhi,Delhi,"IGI Airport (T3), Delhi - IMD",21-05-2024 02:00:00,28.5627763,77.1180053,CO,20,80,55
India,Delhi,Delhi,"IHBAS, Dilshad Garden, Delhi - CPCB",21-05-2024 02:00:00,28.6811736,77.3025234,PM2.5,88,301,163
India,Delhi,Delhi,"IHBAS, Dilshad Garden, Delhi - CPCB",21-05-2024 02:00:00,28.6811736,77.3025234,NO2,7,30,20
India,Delhi,Delhi,"ITO, Delhi - CPCB",21-05-2024 02:00:00,28.628624,77.241060,SO2,1,40,15
India,Delhi,Delhi,"Jahangirpuri, Delhi - DPCC",21-05-2024 02:00:00,28.732820,77.170633,PM2.5,52,401,225
India,Delhi,Delhi,"Jahangirpuri, Delhi - DPCC",21-05-2024 02:00:00,28.732820,77.170633,OZONE,5,108,36
India,Delhi,Delhi,"Jawaharlal Nehru Stadium, Delhi - DPCC",21-05-2024 02:00:00,28.580280,77.233829,CO,34,103,75
India,Delhi,Delhi,"Lodhi Road, Delhi - IITM",21-05-2024 02:00:00,28.588333,77.221667,PM2.5,61,214,119
India,Delhi,Delhi,"Major Dhyan Chand National Stadium, Delhi - DPCC",21-05-2024 02:00:00,28.611281,77.237738,PM10,105,406,185
India,Delhi,Delhi,"Major Dhyan Chand National Stadium, Delhi - DPCC",21-05-2024 02:00:00,28.611281,77.237738,CO,28,159,88
India,Delhi,Delhi,"Mandir Marg, Delhi - DPCC",21-05-2024 02:00:00,28.636429,77.201067,NH3,NA,NA,NA
India,Delhi,Delhi,"Mandir Marg, Delhi - DPCC",21-05-2024 02:00:00,28.636429,77.201067,OZONE,NA,NA,NA
India,Delhi,Delhi,"Mundka, Delhi - DPCC",21-05-2024 02:00:00,28.684678,77.076574,PM2.5,55,358,189
India,Delhi,Delhi,"Mundka, Delhi - DPCC",21-05-2024 02:00:00,28.684678,77.076574,SO2,14,77,33
India,Delhi,Delhi,"Mundka, Delhi - DPCC",21-05-2024 02:00:00,28.684678,77.076574,CO,31,82,61
India,Delhi,Delhi,"Mundka, Delhi - DPCC",21-05-2024 02:00:00,28.684678,77.076574,OZONE,7,133,57
India,Delhi,Delhi,"NSIT Dwarka, Delhi - CPCB",21-05-2024 02:00:00,28.60909,77.0325413,OZONE,13,93,25
India,Delhi,Delhi,"Narela, Delhi - DPCC",21-05-2024 02:00:00,28.822836,77.101981,PM2.5,57,342,221
India,Delhi,Delhi,"Narela, Delhi - DPCC",21-05-2024 02:00:00,28.822836,77.101981,PM10,171,431,293
India,Delhi,Delhi,"Nehru Nagar, Delhi - DPCC",21-05-2024 02:00:00,28.567890,77.250515,PM2.5,48,351,162
India,Delhi,Delhi,"Nehru Nagar, Delhi - DPCC",21-05-2024 02:00:00,28.567890,77.250515,PM10,124,403,200
India,Delhi,Delhi,"North Campus, DU, Delhi - IMD",21-05-2024 02:00:00,28.6573814,77.1585447,PM2.5,53,341,158
India,Delhi,Delhi,"North Campus, DU, Delhi - IMD",21-05-2024 02:00:00,28.6573814,77.1585447,PM10,135,403,202
India,Delhi,Delhi,"North Campus, DU, Delhi - IMD",21-05-2024 02:00:00,28.6573814,77.1585447,OZONE,3,57,19
India,Delhi,Delhi,"Okhla Phase-2, Delhi - DPCC",21-05-2024 02:00:00,28.530785,77.271255,CO,36,121,87
India,Delhi,Delhi,"Punjabi Bagh, Delhi - DPCC",21-05-2024 02:00:00,28.674045,77.131023,NH3,5,6,5
India,Delhi,Delhi,"Punjabi Bagh, Delhi - DPCC",21-05-2024 02:00:00,28.674045,77.131023,CO,33,86,55
India,Delhi,Delhi,"Rohini, Delhi - DPCC",21-05-2024 02:00:00,28.732528,77.119920,SO2,18,82,43
India,Delhi,Delhi,"Sirifort, Delhi - CPCB",21-05-2024 02:00:00,28.5504249,77.2159377,SO2,26,45,34
India,Delhi,Delhi,"Sirifort, Delhi - CPCB",21-05-2024 02:00:00,28.5504249,77.2159377,CO,9,111,78
India,Delhi,Delhi,"Sonia Vihar, Delhi - DPCC",21-05-2024 02:00:00,28.710508,77.249485,PM10,123,398,214
India,Delhi,Delhi,"Sonia Vihar, Delhi - DPCC",21-05-2024 02:00:00,28.710508,77.249485,OZONE,6,139,55
India,Delhi,Delhi,"Wazirpur, Delhi - DPCC",21-05-2024 02:00:00,28.699793,77.165453,PM10,140,415,238
India,Gujarat,Ahmedabad,"Gyaspur, Ahmedabad - IITM",21-05-2024 02:00:00,22.977134,72.553024,PM10,75,156,116
India,Gujarat,Ahmedabad,"Gyaspur, Ahmedabad - IITM",21-05-2024 02:00:00,22.977134,72.553024,NH3,4,8,6
India,Gujarat,Ahmedabad,"Maninagar, Ahmedabad - GPCB",21-05-2024 02:00:00,23.002657,72.591912,PM2.5,19,77,35
India,Gujarat,Ahmedabad,"Maninagar, Ahmedabad - GPCB",21-05-2024 02:00:00,23.002657,72.591912,SO2,11,54,29
India,Gujarat,Ahmedabad,"Raikhad, Ahmedabad - IITM",21-05-2024 02:00:00,23.020509,72.579261,CO,2,38,26
India,Gujarat,Ahmedabad,"Rakhial, Ahmedabad - IITM",21-05-2024 02:00:00,23.016834,72.625775,NO2,NA,NA,NA
India,Gujarat,Ahmedabad,"SVPI Airport Hansol, Ahmedabad - IITM",21-05-2024 02:00:00,23.076793,72.627874,NO2,31,43,37
India,Gujarat,Ahmedabad,"SVPI Airport Hansol, Ahmedabad - IITM",21-05-2024 02:00:00,23.076793,72.627874,NH3,5,6,5
India,Gujarat,Ahmedabad,"Sardar Vallabhbhai Patel Stadium, Ahmedabad - IITM",21-05-2024 02:00:00,23.043070,72.562968,PM10,46,118,81
India,Gujarat,Ahmedabad,"Sardar Vallabhbhai Patel Stadium, Ahmedabad - IITM",21-05-2024 02:00:00,23.043070,72.562968,NO2,27,174,39
India,Gujarat,Ahmedabad,"Sardar Vallabhbhai Patel Stadium, Ahmedabad - IITM",21-05-2024 02:00:00,23.043070,72.562968,SO2,11,27,18
India,Gujarat,Ankleshwar,"GIDC, Ankleshwar - GPCB",21-05-2024 02:00:00,21.613267,73.010555,PM10,62,104,80
India,Gujarat,Gandhinagar,"Sector-10, Gandhinagar - GPCB",21-05-2024 02:00:00,23.221714,72.654328,CO,21,36,32
India,Gujarat,Surat,"Science Center, Surat - SMC",21-05-2024 02:00:00,21.170046,72.795405,SO2,12,14,13
India,Gujarat,Vapi,"Phase-1 GIDC, Vapi - GPCB",21-05-2024 02:00:00,20.362421,72.918013,NH3,2,2,2
India,Gujarat,Vatva,"Phase-4 GIDC, Vatva - GPCB",21-05-2024 02:00:00,22.969611,72.643500,NO2,18,50,31
India,Gujarat,Vatva,"Phase-4 GIDC, Vatva - GPCB",21-05-2024 02:00:00,22.969611,72.643500,NH3,3,12,9
India,Haryana,Bahadurgarh,"Arya Nagar, Bahadurgarh - HSPCB",21-05-2024 02:00:00,28.6701,76.9254,CO,82,102,92
India,Haryana,Bahadurgarh,"Arya Nagar, Bahadurgarh - HSPCB",21-05-2024 02:00:00,28.6701,76.9254,OZONE,29,41,34
India,Haryana,Ballabgarh,"Nathu Colony, Ballabgarh - HSPCB",21-05-2024 02:00:00,28.3419248,77.319699,PM10,138,357,207
India,Haryana,Bhiwani,"H.B. Colony, Bhiwani - HSPCB",21-05-2024 02:00:00,28.806223,76.141105,PM10,69,179,122
India,Haryana,Charkhi Dadri,"Mini Secretariat, Charkhi Dadri - HSPCB",21-05-2024 02:00:00,28.593883,76.270653,SO2,6,25,16
India,Haryana,Dharuhera,"Municipal Corporation Office, Dharuhera -  HSPCB",21-05-2024 02:00:00,28.206800,76.799700,PM2.5,NA,NA,NA
India,Haryana,Dharuhera,"Municipal Corporation Office, Dharuhera -  HSPCB",21-05-2024 02:00:00,28.206800,76.799700,PM10,NA,NA,NA
India,Haryana,Faridabad,"New Industrial Town, Faridabad - HSPCB",21-05-2024 02:00:00,28.39072,77.30059,CO,6,112,54
India,Haryana,Faridabad,"New Industrial Town, Faridabad - HSPCB",21-05-2024 02:00:00,28.39072,77.30059,OZONE,2,119,21
India,Haryana,Faridabad,"Sector 30, Faridabad - HSPCB",21-05-2024 02:00:00,28.4417,77.3217,NO2,NA,NA,NA
India,Haryana,Faridabad,"Sector- 16A, Faridabad - HSPCB",21-05-2024 02:00:00,28.4088421,77.3099081,NO2,4,27,13
India,Haryana,Gurugram,"NISE Gwal Pahari, Gurugram - IMD",21-05-2024 02:00:00,28.422681,77.148944,PM2.5,NA,NA,NA
India,Haryana,Gurugram,"NISE Gwal Pahari, Gurugram - IMD",21-05-2024 02:00:00,28.422681,77.148944,CO,64,76,69
India,Haryana,Gurugram,"NISE Gwal Pahari, Gurugram - IMD",21-05-2024 02:00:00,28.422681,77.148944,OZONE,41,80,61
India,Haryana,Gurugram,"Sector-51, Gurugram - HSPCB",21-05-2024 02:00:00,28.4227,77.0667,NO2,2,29,17
India,Haryana,Gurugram,"Vikas Sadan, Gurugram - HSPCB",21-05-2024 02:00:00,28.4501238,77.0263051,PM2.5,53,310,190
India,Haryana,Jind,"Police Lines, Jind - HSPCB",21-05-2024 02:00:00,29.307814,76.337619,PM2.5,22,115,72
India,Haryana,Jind,"Police Lines, Jind - HSPCB",21-05-2024 02:00:00,29.307814,76.337619,NH3,NA,NA,NA
India,Haryana,Kaithal,"Rishi Nagar, Kaithal - HSPCB",21-05-2024 02:00:00,29.8006,76.4155,PM2.5,45,175,107
India,Haryana,Kaithal,"Rishi Nagar, Kaithal - HSPCB",21-05-2024 02:00:00,29.8006,76.4155,CO,2,53,24
India,Haryana,Karnal,"Sector-12, Karnal - HSPCB",21-05-2024 02:00:00,29.695300,77.002700,PM2.5,46,103,68
India,Haryana,Karnal,"Sector-12, Karnal - HSPCB",21-05-2024 02:00:00,29.695300,77.002700,PM10,86,139,112
India,Haryana,Kurukshetra,"Sector-7, Kurukshetra - HSPCB",21-05-2024 02:00:00,29.966942,76.875879,PM2.5,81,209,123
India,Haryana,Kurukshetra,"Sector-7, Kurukshetra - HSPCB",21-05-2024 02:00:00,29.966942,76.875879,PM10,114,182,138
India,Haryana,Kurukshetra,"Sector-7, Kurukshetra - HSPCB",21-05-2024 02:00:00,29.966942,76.875879,NH3,6,6,6
India,Haryana,Mandikhera,"General Hospital, Mandikhera - HSPCB",21-05-2024 02:00:00,27.9002,76.9938,PM10,82,143,103
India,Haryana,Manesar,"Sector-2 IMT, Manesar - HSPCB",21-05-2024 02:00:00,28.360699,76.936090,CO,6,61,32
India,Haryana,Narnaul,"Shastri Nagar, Narnaul - HSPCB",21-05-2024 02:00:00,28.060249,76.113115,PM2.5,96,417,163
India,Haryana,Narnaul,"Shastri Nagar, Narnaul - HSPCB",21-05-2024 02:00:00,28.060249,76.113115,NH3,5,27,15
India,Haryana,Palwal,"Shyam Nagar, Palwal - HSPCB",21-05-2024 02:00:00,28.1485564,77.3320667,NH3,8,9,9
India,Haryana,Panchkula,"Sector-6, Panchkula - HSPCB ",21-05-2024 02:00:00,30.7057778,76.8531805555555,CO,2,14,11
India,Haryana,Panipat,"Sector-18, Panipat - HSPCB",21-05-2024 02:00:00,29.432304,76.972765,PM2.5,84,107,95
India,Haryana,Panipat,"Sector-18, Panipat - HSPCB",21-05-2024 02:00:00,29.432304,76.972765,PM10,90,97,94
India,Haryana,Panipat,"Sector-18, Panipat - HSPCB",21-05-2024 02:00:00,29.432304,76.972765,NH3,2,3,3
India,Haryana,Panipat,"Sector-18, Panipat - HSPCB",21-05-2024 02:00:00,29.432304,76.972765,CO,24,26,25
India,Haryana,Sirsa,"F-Block, Sirsa - HSPCB",21-05-2024 02:00:00,29.536400,75.015800,NH3,NA,NA,NA
India,Haryana,Sonipat,"Murthal, Sonipat - HSPCB",21-05-2024 02:00:00,29.027200,77.062100,PM2.5,NA,NA,NA
India,Himachal Pradesh,Baddi,"HIMUDA Complex Phase-1, Baddi - HPPCB",21-05-2024 02:00:00,30.943887,76.801991,PM10,60,422,161
India,Himachal Pradesh,Baddi,"HIMUDA Complex Phase-1, Baddi - HPPCB",21-05-2024 02:00:00,30.943887,76.801991,NH3,4,6,6
India,Jammu_and_Kashmir,Srinagar,"Rajbagh, Srinagar - JKSPCB",21-05-2024 02:00:00,34.066206,74.819820,PM10,NA,NA,NA
India,Jharkhand,Dhanbad,"Kalakusuma, Dhanbad - DMC",21-05-2024 02:00:00,23.811548,86.481238,PM10,NA,NA,NA
India,Jharkhand,Dhanbad,"Kalakusuma, Dhanbad - DMC",21-05-2024 02:00:00,23.811548,86.481238,SO2,NA,NA,NA
India,Jharkhand,Dhanbad,"Sardar Patel Nagar, Dhanbad - JSPCB",21-05-2024 02:00:00,23.80569,86.44268,CO,NA,NA,NA
India,Jharkhand,Jorapokhar,"Tata Stadium, Jorapokhar - JSPCB",21-05-2024 02:00:00,23.707909,86.414670,PM10,NA,NA,NA
India,Jharkhand,Jorapokhar,"Tata Stadium, Jorapokhar - JSPCB",21-05-2024 02:00:00,23.707909,86.414670,NH3,NA,NA,NA
India,Jharkhand,Jorapokhar,"Tata Stadium, Jorapokhar - JSPCB",21-05-2024 02:00:00,23.707909,86.414670,SO2,NA,NA,NA
India,Karnataka,Bagalkot,"Vidayagiri, Bagalkot - KSPCB",21-05-2024 02:00:00,16.172806,75.659694,CO,14,50,32
India,Karnataka,Bengaluru,"Bapuji Nagar, Bengaluru - KSPCB",21-05-2024 02:00:00,12.951913,77.539784,OZONE,24,34,25
India,Karnataka,Bengaluru,"Hebbal, Bengaluru - KSPCB",21-05-2024 02:00:00,13.029152,77.585901,NO2,4,5,5
India,Karnataka,Bengaluru,"Hombegowda Nagar, Bengaluru - KSPCB",21-05-2024 02:00:00,12.938539,77.590100,SO2,2,4,3
India,Karnataka,Bengaluru,"Hombegowda Nagar, Bengaluru - KSPCB",21-05-2024 02:00:00,12.938539,77.590100,OZONE,1,30,19
India,Karnataka,Bengaluru,"Jayanagar 5th Block, Bengaluru - KSPCB",21-05-2024 02:00:00,12.920984,77.584908,SO2,5,12,9
India,Karnataka,Bengaluru,"Kasturi Nagar, Bengaluru - KSPCB",21-05-2024 02:00:00,13.003872,77.664217,PM2.5,23,23,23
India,Karnataka,Bengaluru,"Kasturi Nagar, Bengaluru - KSPCB",21-05-2024 02:00:00,13.003872,77.664217,NO2,16,17,17
India,Karnataka,Bengaluru,"Kasturi Nagar, Bengaluru - KSPCB",21-05-2024 02:00:00,13.003872,77.664217,NH3,3,4,4
India,Karnataka,Bengaluru,"RVCE-Mailasandra, Bengaluru - KSPCB",21-05-2024 02:00:00,12.921418,77.502466,CO,30,46,37
India,Karnataka,Bengaluru,"RVCE-Mailasandra, Bengaluru - KSPCB",21-05-2024 02:00:00,12.921418,77.502466,OZONE,39,39,39
India,Karnataka,Bengaluru,"Silk Board, Bengaluru - KSPCB",21-05-2024 02:00:00,12.917348,77.622813,SO2,5,9,7
India,Karnataka,Bidar,"Naubad, Bidar - KSPCB",21-05-2024 02:00:00,17.930306,77.482194,SO2,17,20,18
India,Karnataka,Bidar,"Naubad, Bidar - KSPCB",21-05-2024 02:00:00,17.930306,77.482194,CO,74,94,86
India,Karnataka,Chamarajanagar,"Urban, Chamarajanagar - KSPCB",21-05-2024 02:00:00,11.55358,76.55521,PM10,35,52,44
India,Karnataka,Chamarajanagar,"Urban, Chamarajanagar - KSPCB",21-05-2024 02:00:00,11.55358,76.55521,NO2,22,36,27
India,Karnataka,Chikkamagaluru,"Kalyana Nagara, Chikkamagaluru - KSPCB",21-05-2024 02:00:00,13.328028,75.797056,PM2.5,9,58,25
India,Karnataka,Chikkamagaluru,"Kalyana Nagara, Chikkamagaluru - KSPCB",21-05-2024 02:00:00,13.328028,75.797056,NO2,13,39,24
India,Karnataka,Chikkamagaluru,"Kalyana Nagara, Chikkamagaluru - KSPCB",21-05-2024 02:00:00,13.328028,75.797056,NH3,2,5,3
India,Karnataka,Davanagere,"Devaraj Urs Badavane, Davanagere - KSPCB",21-05-2024 02:00:00,14.475800,75.905200,PM10,10,46,28
India,Karnataka,Davanagere,"Devaraj Urs Badavane, Davanagere - KSPCB",21-05-2024 02:00:00,14.475800,75.905200,NO2,5,16,12
India,Karnataka,Davanagere,"Devaraj Urs Badavane, Davanagere - KSPCB",21-05-2024 02:00:00,14.475800,75.905200,CO,14,26,24
India,Karnataka,Dharwad,"Kalabhavan, Dharwad - KSPCB",21-05-2024 02:00:00,15.459706,75.008381,NO2,6,16,11
India,Karnataka,Gadag,"Panchal Nagar, Gadag - KSPCB",21-05-2024 02:00:00,15.411456,75.638133,NO2,8,30,16
India,Karnataka,Hassan,"B.Katihalli, Hassan - KSPCB",21-05-2024 02:00:00,13.008556,76.125258,NO2,9,13,12
India,Karnataka,Hassan,"B.Katihalli, Hassan - KSPCB",21-05-2024 02:00:00,13.008556,76.125258,CO,2,4,3
India,Karnataka,Haveri,"Ashwini Nagar, Haveri - KSPCB",21-05-2024 02:00:00,14.791800,75.389600,PM2.5,17,38,25
India,Karnataka,Haveri,"Ashwini Nagar, Haveri - KSPCB",21-05-2024 02:00:00,14.791800,75.389600,PM10,NA,NA,NA
India,Karnataka,Haveri,"Ashwini Nagar, Haveri - KSPCB",21-05-2024 02:00:00,14.791800,75.389600,NH3,3,4,3
India,Karnataka,Haveri,"Ashwini Nagar, Haveri - KSPCB",21-05-2024 02:00:00,14.791800,75.389600,CO,38,39,38
India,Karnataka,Hubballi,"Deshpande Nagar, Hubballi - KSPCB",21-05-2024 02:00:00,15.351773,75.140726,NH3,4,5,5
India,Karnataka,Kalaburagi,"Lal Bahadur Shastri Nagar, Kalaburagi - KSPCB",21-05-2024 02:00:00,17.321993,76.822628,OZONE,3,81,52
India,Karnataka,Kalaburagi,"Mahatma Basaveswar Colony, Kalaburgi - KSPCB",21-05-2024 02:00:00,17.336318,76.847397,PM2.5,14,29,23
India,Karnataka,Karwar,"KHB Colony, Karwar - KSPCB",21-05-2024 02:00:00,14.816666,74.141003,NO2,NA,NA,NA
India,Karnataka,Kolar,"Tamaka Ind. Area, Kolar - KSPCB",21-05-2024 02:00:00,13.1276288,78.1570122,SO2,NA,NA,NA
India,Karnataka,Koppal,"Diwator Nagar, Koppal - KSPCB",21-05-2024 02:00:00,15.347630,76.181767,PM2.5,1,37,16
India,Karnataka,Madikeri,"Stuart Hill, Madikeri - KSPCB",21-05-2024 02:00:00,12.415911,75.735050,PM10,2,23,13
India,Karnataka,Madikeri,"Stuart Hill, Madikeri - KSPCB",21-05-2024 02:00:00,12.415911,75.735050,NH3,NA,NA,NA
India,Karnataka,Madikeri,"Stuart Hill, Madikeri - KSPCB",21-05-2024 02:00:00,12.415911,75.735050,CO,4,86,55
India,Karnataka,Mangalore,"Kadri, Mangalore - KSPCB",21-05-2024 02:00:00,12.889250,74.853000,PM10,42,54,47
India,Karnataka,Mangalore,"Kadri, Mangalore - KSPCB",21-05-2024 02:00:00,12.889250,74.853000,NH3,2,2,2
India,Karnataka,Mangalore,"Kadri, Mangalore - KSPCB",21-05-2024 02:00:00,12.889250,74.853000,SO2,8,10,9
India,Karnataka,Mysuru,"Hebbal 1st Stage, Mysuru - KSPCB",21-05-2024 02:00:00,12.21041,76.37376,PM2.5,7,43,20
India,Karnataka,Mysuru,"Hebbal 1st Stage, Mysuru - KSPCB",21-05-2024 02:00:00,12.21041,76.37376,NO2,11,35,21
India,Karnataka,Ramanagara,"Vijay Nagar, Ramanagara - KSPCB",21-05-2024 02:00:00,12.733409,77.298051,PM10,9,32,24
India,Karnataka,Ramanagara,"Vijay Nagar, Ramanagara - KSPCB",21-05-2024 02:00:00,12.733409,77.298051,CO,4,28,12
India,Karnataka,Tumakuru,"Thimmalapura, Tumakuru - KSPCB",21-05-2024 02:00:00,13.377516,77.099072,PM2.5,NA,NA,NA
India,Karnataka,Udupi,"Brahmagiri, Udupi - KSPCB",21-05-2024 02:00:00,13.34194444,74.74694444,PM10,NA,NA,NA
India,Karnataka,Vijayapura,"Ibrahimpur, Vijayapura - KSPCB",21-05-2024 02:00:00,16.802639,75.722694,PM10,41,44,42
India,Karnataka,Vijayapura,"Ibrahimpur, Vijayapura - KSPCB",21-05-2024 02:00:00,16.802639,75.722694,NH3,2,2,2
India,Karnataka,Vijayapura,"Ibrahimpur, Vijayapura - KSPCB",21-05-2024 02:00:00,16.802639,75.722694,OZONE,14,16,15
India,Karnataka,Yadgir,"Collector Office, Yadgir - KSPCB",21-05-2024 02:00:00,16.7602,77.1428,PM2.5,9,40,22
India,Karnataka,Yadgir,"Collector Office, Yadgir - KSPCB",21-05-2024 02:00:00,16.7602,77.1428,PM10,19,45,33
India,Kerala,Kannur,"Thavakkara, Kannur - Kerala PCB",21-05-2024 02:00:00,11.875000,75.373200,OZONE,NA,NA,NA
India,Kerala,Kollam,"Polayathode, Kollam - Kerala PCB",21-05-2024 02:00:00,8.8787,76.6073,NO2,NA,NA,NA
India,Kerala,Thiruvananthapuram,"Plammoodu, Thiruvananthapuram - Kerala PCB",21-05-2024 02:00:00,8.5149093,76.9435879,PM2.5,3,33,13
India,Kerala,Thiruvananthapuram,"Plammoodu, Thiruvananthapuram - Kerala PCB",21-05-2024 02:00:00,8.5149093,76.9435879,OZONE,3,56,15
India,Madhya Pradesh,Bhopal,"Paryavaran Parisar, Bhopal - MPPCB",21-05-2024 02:00:00,23.210494,77.425409,NH3,4,8,4
India,Madhya Pradesh,Bhopal,"T T Nagar, Bhopal - MPPCB",21-05-2024 02:00:00,23.233584,77.400574,NO2,26,67,40
India,Madhya Pradesh,Dewas,"Bhopal Chauraha, Dewas - MPPCB",21-05-2024 02:00:00,22.9682591,76.064118,PM2.5,35,111,58
India,Madhya Pradesh,Gwalior,"City Center, Gwalior - MPPCB",21-05-2024 02:00:00,26.203442,78.193251,NO2,6,67,21
India,Madhya Pradesh,Gwalior,"City Center, Gwalior - MPPCB",21-05-2024 02:00:00,26.203442,78.193251,NH3,2,6,4
India,Madhya Pradesh,Gwalior,"City Center, Gwalior - MPPCB",21-05-2024 02:00:00,26.203442,78.193251,SO2,2,79,32
India,Madhya Pradesh,Gwalior,"Maharaj Bada, Gwalior - MPPCB",21-05-2024 02:00:00,26.200388,78.147714,PM2.5,10,95,32
India,Madhya Pradesh,Gwalior,"Maharaj Bada, Gwalior - MPPCB",21-05-2024 02:00:00,26.200388,78.147714,CO,18,103,62
India,Madhya Pradesh,Gwalior,"Maharaj Bada, Gwalior - MPPCB",21-05-2024 02:00:00,26.200388,78.147714,OZONE,45,178,88
India,Madhya Pradesh,Gwalior,"Phool Bagh, Gwalior - Mondelez Ind. Food",21-05-2024 02:00:00,26.210536,78.171,PM2.5,75,295,162
India,Madhya Pradesh,Gwalior,"Phool Bagh, Gwalior - Mondelez Ind. Food",21-05-2024 02:00:00,26.210536,78.171,CO,76,102,93
India,Madhya Pradesh,Indore,"Chhoti Gwaltoli, Indore - MPPCB",21-05-2024 02:00:00,22.4310,75.5213,NH3,4,5,5
India,Madhya Pradesh,Indore,"Maguda Nagar, Indore - IMC",21-05-2024 02:00:00,22.7524,75.8872,PM10,38,109,59
India,Madhya Pradesh,Indore,"Maguda Nagar, Indore - IMC",21-05-2024 02:00:00,22.7524,75.8872,SO2,37,40,39
India,Madhya Pradesh,Indore,"Maguda Nagar, Indore - IMC",21-05-2024 02:00:00,22.7524,75.8872,CO,24,40,34
India,Madhya Pradesh,Indore,"Residency Area, Indore - IMC",21-05-2024 02:00:00,22.7084,75.8815,PM2.5,41,89,56
India,Madhya Pradesh,Indore,"Residency Area, Indore - IMC",21-05-2024 02:00:00,22.7084,75.8815,PM10,46,103,65
India,Madhya Pradesh,Indore,"Residency Area, Indore - IMC",21-05-2024 02:00:00,22.7084,75.8815,NO2,36,60,43
India,Madhya Pradesh,Indore,"Residency Area, Indore - IMC",21-05-2024 02:00:00,22.7084,75.8815,SO2,26,33,30
India,Madhya Pradesh,Indore,"Residency Area, Indore - IMC",21-05-2024 02:00:00,22.7084,75.8815,CO,13,16,15
India,Madhya Pradesh,Jabalpur,"Govindh Bhavan Colony, Jabalpur - JMC",21-05-2024 02:00:00,23.163174,79.973061,OZONE,87,199,136
India,Madhya Pradesh,Jabalpur,"Gupteshwar, Jabalpur - JMC",21-05-2024 02:00:00,23.142888,79.916147,PM10,42,96,55
India,Madhya Pradesh,Jabalpur,"Gupteshwar, Jabalpur - JMC",21-05-2024 02:00:00,23.142888,79.916147,OZONE,68,170,100
India,Madhya Pradesh,Jabalpur,"Marhatal, Jabalpur - MPPCB",21-05-2024 02:00:00,23.168606,79.932247,PM10,45,118,81
India,Madhya Pradesh,Katni,"Gole Bazar, Katni - MPPCB",21-05-2024 02:00:00,23.50016,80.23284,NH3,2,6,5
India,Madhya Pradesh,Maihar,"Sahilara, Maihar - KJS Cements",21-05-2024 02:00:00,24.2613009,80.7231783,SO2,12,13,13
India,Madhya Pradesh,Sagar,"Civil Lines, Sagar - MPPCB",21-05-2024 02:00:00,23.838586,78.759431,PM10,21,63,45
India,Madhya Pradesh,Sagar,"Civil Lines, Sagar - MPPCB",21-05-2024 02:00:00,23.838586,78.759431,NO2,6,20,13
India,Madhya Pradesh,Ujjain,"Mahakaleshwar Temple, Ujjain - MPPCB",21-05-2024 02:00:00,23.182719 ,75.768218 ,PM10,104,135,117
India,Madhya Pradesh,Ujjain,"Mahakaleshwar Temple, Ujjain - MPPCB",21-05-2024 02:00:00,23.182719 ,75.768218 ,NH3,6,8,7
India,Maharashtra,Ahmednagar,"Tarakpur, Ahmednagar - MPCB",21-05-2024 02:00:00,19.10122,74.73339,SO2,4,21,9
India,Maharashtra,Akola,"Ramdaspeth, Akola - MPCB",21-05-2024 02:00:00,20.719516,77.000253,OZONE,17,95,45
India,Maharashtra,Amravati,"Shivneri Colony, Amravati - MPCB",21-05-2024 02:00:00,20.9402359,77.7895248,NH3,2,5,3
India,Maharashtra,Amravati,"Shri Shivaji Science College, Amaravati - MPCB",21-05-2024 02:00:00,20.939198,77.765701,PM2.5,30,58,47
India,Maharashtra,Amravati,"Shri Shivaji Science College, Amaravati - MPCB",21-05-2024 02:00:00,20.939198,77.765701,NO2,8,81,21
India,Maharashtra,Aurangabad,"More Chowk Waluj, Aurangabad - MPCB",21-05-2024 02:00:00,19.8389439,75.244448,CO,17,90,56
India,Maharashtra,Aurangabad,"Rachnakar Colony, Aurangabad - MPCB",21-05-2024 02:00:00,19.863756,75.321188,NH3,1,2,1
India,Maharashtra,Badlapur,"Katrap, Badlapur - MPCB",21-05-2024 02:00:00,19.16485,73.23409,NO2,3,16,6
India,Maharashtra,Badlapur,"Katrap, Badlapur - MPCB",21-05-2024 02:00:00,19.16485,73.23409,NH3,3,8,5
India,Maharashtra,Belapur,"CBD Belapur, Belapur - MPCB",21-05-2024 02:00:00,19.0243902,73.0406721,NO2,23,51,33
India,Maharashtra,Bhiwandi,"Gokul Nagar, Bhiwandi - MPCB",21-05-2024 02:00:00,19.309073,73.057223,PM2.5,51,104,72
India,Maharashtra,Boisar,"Khaira, Boisar - MPCB",21-05-2024 02:00:00,19.786089,72.757971,NH3,NA,NA,NA
India,Maharashtra,Chandrapur,"Chauhan Colony, Chandrapur - MPCB",21-05-2024 02:00:00,19.962900,79.298714,SO2,2,10,6
India,Maharashtra,Chandrapur,"MIDC Khutala, Chandrapur - MPCB",21-05-2024 02:00:00,19.9775302,79.2337086,NO2,8,68,20
India,Maharashtra,Jalgaon,"Prabhat Colony, Jalgaon - MPCB",21-05-2024 02:00:00,21.001264,75.565602,OZONE,24,125,48
India,Maharashtra,Jalna,"Old MIDC, Jalna - MPCB",21-05-2024 02:00:00,19.854616,75.905894,PM2.5,20,68,36
India,Maharashtra,Kalyan,"Khadakpada, Kalyan - MPCB",21-05-2024 02:00:00,19.25292,73.142019,OZONE,6,14,7
India,Maharashtra,Kolhapur,"Sinchan Bhavan, Kolhapur - MPCB",21-05-2024 02:00:00,16.7143745,74.2426398,OZONE,23,125,58
India,Maharashtra,Latur,"Sawe Wadi, Latur - MPCB",21-05-2024 02:00:00,18.39963,76.57452,PM10,15,121,68
India,Maharashtra,Latur,"Sawe Wadi, Latur - MPCB",21-05-2024 02:00:00,18.39963,76.57452,NO2,12,36,14
India,Maharashtra,Latur,"Sawe Wadi, Latur - MPCB",21-05-2024 02:00:00,18.39963,76.57452,NH3,NA,NA,NA
India,Maharashtra,Mahad,"Kamble Tarf Birwadi, Mahad - MPCB",21-05-2024 02:00:00,18.1023399,73.4783687,PM2.5,NA,NA,NA
India,Maharashtra,Mahad,"Kamble Tarf Birwadi, Mahad - MPCB",21-05-2024 02:00:00,18.1023399,73.4783687,NO2,NA,NA,NA
India,Maharashtra,Mahad,"Kamble Tarf Birwadi, Mahad - MPCB",21-05-2024 02:00:00,18.1023399,73.4783687,SO2,NA,NA,NA
India,Maharashtra,Malegaon,"Mahesh Nagar, Malegaon - MPCB",21-05-2024 02:00:00,20.555712,74.529236,PM10,94,252,129
India,Maharashtra,Malegaon,"Mahesh Nagar, Malegaon - MPCB",21-05-2024 02:00:00,20.555712,74.529236,NH3,5,10,7
India,Maharashtra,Malegaon,"Mahesh Nagar, Malegaon - MPCB",21-05-2024 02:00:00,20.555712,74.529236,OZONE,8,138,67
India,Maharashtra,Mira-Bhayandar,"Bhayandar West, Mira-Bhayandar - MPCB",21-05-2024 02:00:00,19.296481,72.840923,NH3,3,4,3
India,Maharashtra,Mumbai,"Bandra Kurla Complex, Mumbai - MPCB",21-05-2024 02:00:00,19.065931,72.862131,OZONE,11,51,25
India,Maharashtra,Mumbai,"Borivali East, Mumbai - MPCB",21-05-2024 02:00:00,19.2243333,72.8658113,PM2.5,3,20,12
India,Maharashtra,Mumbai,"Chembur, Mumbai - MPCB",21-05-2024 02:00:00,19.0364585,72.8954371,PM10,34,66,47
India,Maharashtra,Mumbai,"Chembur, Mumbai - MPCB",21-05-2024 02:00:00,19.0364585,72.8954371,NH3,3,4,4
India,Maharashtra,Mumbai,"Chhatrapati Shivaji Intl. Airport (T2), Mumbai - MPCB",21-05-2024 02:00:00,19.10078,72.87462,SO2,17,21,19
India,Maharashtra,Mumbai,"Chhatrapati Shivaji Intl. Airport (T2), Mumbai - MPCB",21-05-2024 02:00:00,19.10078,72.87462,OZONE,4,5,5
India,Maharashtra,Mumbai,"Colaba, Mumbai - MPCB",21-05-2024 02:00:00,18.910000,72.820000,SO2,10,11,11
India,Maharashtra,Mumbai,"Colaba, Mumbai - MPCB",21-05-2024 02:00:00,18.910000,72.820000,OZONE,10,11,11
India,Maharashtra,Mumbai,"Deonar, Mumbai - IITM",21-05-2024 02:00:00,19.04946,72.9230,NH3,8,14,12
India,Maharashtra,Mumbai,"Kandivali East, Mumbai - MPCB",21-05-2024 02:00:00,19.205800,72.868200,NH3,6,58,13
India,Maharashtra,Mumbai,"Kandivali West, Mumbai - BMC",21-05-2024 02:00:00,19.215859,72.831718,PM2.5,10,25,16
India,Maharashtra,Mumbai,"Kandivali West, Mumbai - BMC",21-05-2024 02:00:00,19.215859,72.831718,PM10,15,28,21
India,Maharashtra,Mumbai,"Kandivali West, Mumbai - BMC",21-05-2024 02:00:00,19.215859,72.831718,SO2,1,1,1
India,Maharashtra,Mumbai,"Kandivali West, Mumbai - BMC",21-05-2024 02:00:00,19.215859,72.831718,OZONE,10,31,17
India,Maharashtra,Mumbai,"Kherwadi_Bandra East, Mumbai - MPCB",21-05-2024 02:00:00,19.0632143,72.8456324,NH3,4,8,6
India,Maharashtra,Mumbai,"Kherwadi_Bandra East, Mumbai - MPCB",21-05-2024 02:00:00,19.0632143,72.8456324,SO2,1,7,4
India,Maharashtra,Mumbai,"Khindipada-Bhandup West, Mumbai - IITM",21-05-2024 02:00:00,19.1653323,72.922099,PM2.5,22,60,41
India,Maharashtra,Mumbai,"Khindipada-Bhandup West, Mumbai - IITM",21-05-2024 02:00:00,19.1653323,72.922099,SO2,2,9,6
India,Maharashtra,Mumbai,"Mindspace-Malad West, Mumbai - MPCB",21-05-2024 02:00:00,19.1878657,72.8304069,PM10,21,64,46
India,Maharashtra,Mumbai,"Mindspace-Malad West, Mumbai - MPCB",21-05-2024 02:00:00,19.1878657,72.8304069,NO2,2,48,10
India,Maharashtra,Mumbai,"Mindspace-Malad West, Mumbai - MPCB",21-05-2024 02:00:00,19.1878657,72.8304069,OZONE,5,12,8
India,Maharashtra,Mumbai,"Mulund West, Mumbai - MPCB",21-05-2024 02:00:00,19.1750,72.9419,SO2,12,13,13
India,Maharashtra,Mumbai,"Powai, Mumbai - MPCB",21-05-2024 02:00:00,19.137500,72.915056,NO2,13,26,20
India,Maharashtra,Mumbai,"Powai, Mumbai - MPCB",21-05-2024 02:00:00,19.137500,72.915056,SO2,35,41,39
India,Maharashtra,Mumbai,"Sewri, Mumbai - BMC",21-05-2024 02:00:00,19.000084,72.856730,PM2.5,NA,NA,NA
India,Maharashtra,Mumbai,"Sewri, Mumbai - BMC",21-05-2024 02:00:00,19.000084,72.856730,SO2,1,3,2
India,Maharashtra,Mumbai,"Siddharth Nagar-Worli, Mumbai - IITM",21-05-2024 02:00:00,19.000083,72.813993,NO2,32,38,35
India,Maharashtra,Mumbai,"Sion, Mumbai - MPCB",21-05-2024 02:00:00,19.047000,72.874600,PM2.5,NA,NA,NA
India,Maharashtra,Mumbai,"Sion, Mumbai - MPCB",21-05-2024 02:00:00,19.047000,72.874600,NH3,NA,NA,NA
India,Maharashtra,Mumbai,"Sion, Mumbai - MPCB",21-05-2024 02:00:00,19.047000,72.874600,SO2,NA,NA,NA
India,Maharashtra,Mumbai,"Sion, Mumbai - MPCB",21-05-2024 02:00:00,19.047000,72.874600,CO,13,13,13
India,Maharashtra,Mumbai,"Vasai West, Mumbai - MPCB",21-05-2024 02:00:00,19.383200,72.820400,PM10,51,122,81
India,Maharashtra,Mumbai,"Worli, Mumbai - MPCB",21-05-2024 02:00:00,18.9936162,72.8128113,NO2,14,15,14
India,Maharashtra,Mumbai,"Worli, Mumbai - MPCB",21-05-2024 02:00:00,18.9936162,72.8128113,SO2,12,12,12
India,Maharashtra,Nagpur,"Ambazari, Nagpur - MPCB",21-05-2024 02:00:00,21.121801,79.04952,NH3,1,10,4
India,Maharashtra,Nagpur,"Mahal, Nagpur - MPCB",21-05-2024 02:00:00,21.14472,79.107595,CO,14,119,65
India,Maharashtra,Nanded,"Sneh Nagar, Nanded - MPCB",21-05-2024 02:00:00,19.173852,77.296291,PM10,54,108,71
India,Maharashtra,Nashik,"Gangapur Road, Nashik - MPCB",21-05-2024 02:00:00,20.0073285,73.7762427,CO,13,50,32
India,Maharashtra,Nashik,"Hirawadi, Nashik - MPCB",21-05-2024 02:00:00,20.021503,73.813844,OZONE,12,85,47
India,Maharashtra,Nashik,"MIDC Ambad, Nashik - MPCB",21-05-2024 02:00:00,19.950220,73.731480,NH3,NA,NA,NA
India,Maharashtra,Nashik,"MIDC Ambad, Nashik - MPCB",21-05-2024 02:00:00,19.950220,73.731480,SO2,NA,NA,NA
India,Maharashtra,Nashik,"Pandav Nagari, Nashik - MPCB",21-05-2024 02:00:00,19.9591346,73.7788008,OZONE,29,97,54
India,Maharashtra,Navi Mumbai,"Kopripada-Vashi, Navi Mumbai - MPCB",21-05-2024 02:00:00,19.090337,73.014232,NO2,11,57,25
India,Maharashtra,Navi Mumbai,"Mahape, Navi Mumbai - MPCB",21-05-2024 02:00:00,19.1135051,73.008978,OZONE,27,55,34
India,Maharashtra,Navi Mumbai,"Nerul, Navi Mumbai - MPCB",21-05-2024 02:00:00,19.008751,73.016620,NH3,2,2,2
India,Maharashtra,Navi Mumbai,"Sanpada, Navi Mumbai - MPCB",21-05-2024 02:00:00,19.0575752,73.0151367,PM10,48,96,65
India,Maharashtra,Navi Mumbai,"Sector-19A Nerul, Navi Mumbai - IITM",21-05-2024 02:00:00,19.044,73.0325,PM2.5,NA,NA,NA
India,Maharashtra,Navi Mumbai,"Sector-19A Nerul, Navi Mumbai - IITM",21-05-2024 02:00:00,19.044,73.0325,NH3,9,17,11
India,Maharashtra,Navi Mumbai,"Sector-2E Kalamboli, Navi Mumbai - MPCB",21-05-2024 02:00:00,19.02579,73.10297,SO2,1,12,3
India,Maharashtra,Navi Mumbai,"Tondare-Taloja, Navi Mumbai - MPCB",21-05-2024 02:00:00,19.0630,73.1209,NO2,24,63,35
India,Maharashtra,Navi Mumbai,"Tondare-Taloja, Navi Mumbai - MPCB",21-05-2024 02:00:00,19.0630,73.1209,SO2,NA,NA,NA
India,Maharashtra,Parbhani,"Masoom Colony, Parbhani - MPCB",21-05-2024 02:00:00,19.265594,76.761463,PM10,61,155,88
India,Maharashtra,Pimpri-Chinchwad,"Gavalinagar, Pimpri Chinchwad - MPCB",21-05-2024 02:00:00,18.63673,73.82487,PM2.5,41,75,61
India,Maharashtra,Pimpri-Chinchwad,"Park Street Wakad, Pimpri Chinchwad - MPCB",21-05-2024 02:00:00,18.59051,73.77946,PM2.5,72,158,103
India,Maharashtra,Pimpri-Chinchwad,"Park Street Wakad, Pimpri Chinchwad - MPCB",21-05-2024 02:00:00,18.59051,73.77946,CO,25,68,26
India,Maharashtra,Pune,"Hadapsar, Pune - IITM",21-05-2024 02:00:00,18.501793,73.927532,PM2.5,NA,NA,NA
India,Maharashtra,Pune,"Mhada Colony, Pune - IITM",21-05-2024 02:00:00,18.573040,73.927715,PM2.5,36,60,47
India,Maharashtra,Pune,"Mhada Colony, Pune - IITM",21-05-2024 02:00:00,18.573040,73.927715,OZONE,8,211,62
India,Maharashtra,Pune,"Revenue Colony-Shivajinagar, Pune - IITM",21-05-2024 02:00:00,18.530085,73.849598,NO2,14,162,84
India,Maharashtra,Pune,"Transport Nagar-Nigdi, Pune - IITM",21-05-2024 02:00:00,18.664282,73.763966,PM10,47,107,81
India,Maharashtra,Sangli,"Vijay Nagar, Sangli - MPCB",21-05-2024 02:00:00, 16.5038,74.3623,PM10,38,58,47
India,Maharashtra,Sangli,"Vijay Nagar, Sangli - MPCB",21-05-2024 02:00:00, 16.5038,74.3623,SO2,4,8,6
India,Maharashtra,Solapur,"Dnyaneshwar Nagar, Solapur - MPCB",21-05-2024 02:00:00,17.6336264,75.9132495,NO2,8,26,14
India,Maharashtra,Solapur,"Dnyaneshwar Nagar, Solapur - MPCB",21-05-2024 02:00:00,17.6336264,75.9132495,OZONE,16,84,69
India,Maharashtra,Solapur,"Ratandeep Housing Society, Solapur - MPCB",21-05-2024 02:00:00,17.65439,75.90649,NO2,14,18,15
India,Maharashtra,Solapur,"Ratandeep Housing Society, Solapur - MPCB",21-05-2024 02:00:00,17.65439,75.90649,NH3,5,7,6
India,Maharashtra,Solapur,"Ratandeep Housing Society, Solapur - MPCB",21-05-2024 02:00:00,17.65439,75.90649,CO,12,42,28
India,Maharashtra,Thane,"Kasarvadavali, Thane - MPCB",21-05-2024 02:00:00,19.26777,72.97182,SO2,1,8,3
India,Maharashtra,Thane,"Pimpleshwar Mandir, Thane - MPCB",21-05-2024 02:00:00,19.192056,72.9585188,NH3,1,4,2
India,Maharashtra,Ulhasnagar,"Sidhi Vinayak Nagar, Ulhasnagar - MPCB",21-05-2024 02:00:00,19.235581,73.159121,NH3,2,3,2
India,Maharashtra,Ulhasnagar,"Sidhi Vinayak Nagar, Ulhasnagar - MPCB",21-05-2024 02:00:00,19.235581,73.159121,CO,18,38,31
India,Maharashtra,Virar,"Bolinj, Virar - MPCB",21-05-2024 02:00:00,19.4458210,72.7988231,PM10,58,94,71
India,Maharashtra,Virar,"Bolinj, Virar - MPCB",21-05-2024 02:00:00,19.4458210,72.7988231,NO2,6,21,14
India,Manipur,Imphal,"DM College of Science, Imphal - Manipur PCB",21-05-2024 02:00:00,24.8207389,93.9423085,PM2.5,16,48,25
India,Manipur,Imphal,"DM College of Science, Imphal - Manipur PCB",21-05-2024 02:00:00,24.8207389,93.9423085,PM10,18,64,33
India,Meghalaya,Shillong,"Lumpyngngad, Shillong - Meghalaya PCB",21-05-2024 02:00:00,25.5586,91.8985,CO,6,19,12
India,Mizoram,Aizawl,"Sikulpuikawn, Aizawl - Mizoram PCB",21-05-2024 02:00:00,23.7176342,92.7192841,NH3,1,3,1
India,Nagaland,Kohima,"PWD Juction, Kohima - NPCB",21-05-2024 02:00:00,25.6635413,94.0989878,PM2.5,38,122,68
India,Nagaland,Kohima,"PWD Juction, Kohima - NPCB",21-05-2024 02:00:00,25.6635413,94.0989878,NO2,3,12,4
India,Odisha,Angul,"Hakimapada, Angul - OSPCB",21-05-2024 02:00:00,20.832874,85.104082,PM10,19,500,115
India,Odisha,Balasore,"Kalidaspur, Balasore - OSPCB",21-05-2024 02:00:00,21.51161,86.89088,NH3,NA,NA,NA
India,Odisha,Balasore,"Kalidaspur, Balasore - OSPCB",21-05-2024 02:00:00,21.51161,86.89088,OZONE,5,65,43
India,Odisha,Barbil,"Forest Office, Barbil - OSPCB",21-05-2024 02:00:00,22.1166054,85.3945546,SO2,4,18,7
India,Odisha,Baripada,"Meher Colony, Baripada - OSPCB",21-05-2024 02:00:00,21.941841,86.728318,PM10,37,79,56
India,Odisha,Baripada,"Meher Colony, Baripada - OSPCB",21-05-2024 02:00:00,21.941841,86.728318,NH3,1,3,2
India,Odisha,Bhubaneswar,"Lingraj Mandir, Bhubaneswar - OSPCB",21-05-2024 02:00:00,20.240790,85.836784,PM10,7,34,18
India,Odisha,Bhubaneswar,"Patia, Bhubaneswar - OSPCB",21-05-2024 02:00:00,20.34652,85.81630,PM2.5,NA,NA,NA
India,Odisha,Bileipada,"Tata Township, Bileipada - OSPCB",21-05-2024 02:00:00,22.06156703,85.47409613,NO2,NA,NA,NA
India,Odisha,Bileipada,"Tata Township, Bileipada - OSPCB",21-05-2024 02:00:00,22.06156703,85.47409613,OZONE,26,127,35
India,Odisha,Byasanagar,"Ferro Chrome Colony, Byasanagar - OSPCB",21-05-2024 02:00:00,20.94185,86.11510,PM2.5,7,55,21
India,Odisha,Byasanagar,"Ferro Chrome Colony, Byasanagar - OSPCB",21-05-2024 02:00:00,20.94185,86.11510,OZONE,2,112,81
India,Odisha,Cuttack,"CDA Area, Cuttack - OSPCB",21-05-2024 02:00:00,20.48891     ,85.84768     ,NH3,1,1,1
India,Odisha,Keonjhar,"Jagamohanpur, Keonjhar - OSPCB",21-05-2024 02:00:00,21.643900,85.599355,PM10,NA,NA,NA
India,Odisha,Keonjhar,"Jagamohanpur, Keonjhar - OSPCB",21-05-2024 02:00:00,21.643900,85.599355,SO2,NA,NA,NA
India,Odisha,Nayagarh,"Dabuna, Nayagarh - OSPCB",21-05-2024 02:00:00,21.847279,85.416905,PM10,37,103,64
India,Odisha,Nayagarh,"Dabuna, Nayagarh - OSPCB",21-05-2024 02:00:00,21.847279,85.416905,NO2,7,8,7
India,Odisha,Nayagarh,"Dabuna, Nayagarh - OSPCB",21-05-2024 02:00:00,21.847279,85.416905,NH3,5,5,5
India,Odisha,Nayagarh,"Dabuna, Nayagarh - OSPCB",21-05-2024 02:00:00,21.847279,85.416905,OZONE,5,31,21
India,Odisha,Rairangpur,"Divisional Forest Office, Rairangpur - OSPCB",21-05-2024 02:00:00,22.265816,86.174829,PM10,39,71,52
India,Odisha,Rairangpur,"Divisional Forest Office, Rairangpur - OSPCB",21-05-2024 02:00:00,22.265816,86.174829,SO2,13,15,14
India,Odisha,Rairangpur,"Divisional Forest Office, Rairangpur - OSPCB",21-05-2024 02:00:00,22.265816,86.174829,OZONE,3,25,10
India,Odisha,Rourkela,"Fertilizer Township, Rourkela - OSPCB",21-05-2024 02:00:00,22.18972222,84.86277778,SO2,12,14,13
India,Odisha,Rourkela,"Raghunathpali, Rourkela - OSPCB",21-05-2024 02:00:00,22.220833,84.809444,PM2.5,45,131,76
India,Odisha,Rourkela,"Raghunathpali, Rourkela - OSPCB",21-05-2024 02:00:00,22.220833,84.809444,OZONE,12,133,83
India,Odisha,Rourkela,"Sector-2, Rourkela - OSPCB",21-05-2024 02:00:00,22.24500000,84.88111111,PM2.5,NA,NA,NA
India,Odisha,Suakati,"OMC Colony, Suakati - OSPCB",21-05-2024 02:00:00,21.606865,85.510538,SO2,3,35,8
India,Odisha,Tensa,"Barsua Iron Ore Mines, Tensa - OSPCB",21-05-2024 02:00:00,21.869985,85.167016,NH3,1,2,2
India,Odisha,Tensa,"Barsua Iron Ore Mines, Tensa - OSPCB",21-05-2024 02:00:00,21.869985,85.167016,OZONE,62,114,82
India,Puducherry,Puducherry,"Jawahar Nagar, Puducherry - PPCC",21-05-2024 02:00:00,11.9309,79.8027,PM2.5,NA,NA,NA
India,Puducherry,Puducherry,"Jawahar Nagar, Puducherry - PPCC",21-05-2024 02:00:00,11.9309,79.8027,NO2,5,23,13
India,Puducherry,Puducherry,"Jawahar Nagar, Puducherry - PPCC",21-05-2024 02:00:00,11.9309,79.8027,OZONE,14,85,39
India,Punjab,Amritsar,"Golden Temple, Amritsar - PPCB",21-05-2024 02:00:00,31.620000,74.876512,NO2,3,37,14
India,Punjab,Bathinda,"Hardev Nagar, Bathinda - PPCB",21-05-2024 02:00:00,30.233011,74.907758,PM2.5,40,86,65
India,Punjab,Bathinda,"Hardev Nagar, Bathinda - PPCB",21-05-2024 02:00:00,30.233011,74.907758,PM10,52,141,92
India,Punjab,Bathinda,"Hardev Nagar, Bathinda - PPCB",21-05-2024 02:00:00,30.233011,74.907758,NO2,32,33,32
India,Punjab,Jalandhar,"Civil Line, Jalandhar - PPCB",21-05-2024 02:00:00,31.321907,75.578914,NO2,38,47,44
India,Punjab,Jalandhar,"Civil Line, Jalandhar - PPCB",21-05-2024 02:00:00,31.321907,75.578914,CO,8,64,55
India,Punjab,Ludhiana,"Punjab Agricultural University, Ludhiana - PPCB",21-05-2024 02:00:00,30.9028,75.8086,CO,21,102,60
India,Punjab,Mandi Gobindgarh,"RIMT University, Mandi Gobindgarh - PPCB",21-05-2024 02:00:00,30.649961,76.331442,NH3,6,6,6
India,Punjab,Mandi Gobindgarh,"RIMT University, Mandi Gobindgarh - PPCB",21-05-2024 02:00:00,30.649961,76.331442,SO2,18,55,26
India,Punjab,Mandi Gobindgarh,"RIMT University, Mandi Gobindgarh - PPCB",21-05-2024 02:00:00,30.649961,76.331442,OZONE,31,34,33
India,Punjab,Patiala,"Model Town, Patiala - PPCB",21-05-2024 02:00:00,30.349388,76.366642,PM10,116,149,133
India,Rajasthan,Ajmer,"Civil Lines,  Ajmer - RSPCB",21-05-2024 02:00:00,26.470859,74.646594,PM2.5,44,137,80
India,Rajasthan,Ajmer,"Civil Lines,  Ajmer - RSPCB",21-05-2024 02:00:00,26.470859,74.646594,NH3,6,6,6
India,Rajasthan,Alwar,"Moti Doongri, Alwar - RSPCB",21-05-2024 02:00:00,27.554793,76.611536,PM2.5,56,418,155
India,Rajasthan,Baran,"Bamboliya, Baran - RSPCB",21-05-2024 02:00:00,25.106006,76.469948,NO2,8,57,19
India,Rajasthan,Barmer,"Railway Colony, Barmer - RSPCB",21-05-2024 02:00:00,25.747299,71.393989,NO2,5,17,9
India,Rajasthan,Bharatpur,"Krishna Nagar, Bharatpur - RSPCB",21-05-2024 02:00:00,27.215415,77.50873,CO,4,57,41
India,Rajasthan,Bhilwara,"Pratap Nagar, Bhilwara - RSPCB",21-05-2024 02:00:00,25.339605,74.618883,CO,5,62,31
India,Rajasthan,Bhilwara,"Pratap Nagar, Bhilwara - RSPCB",21-05-2024 02:00:00,25.339605,74.618883,OZONE,16,93,44
India,Rajasthan,Bhiwadi,"RIICO Ind. Area III, Bhiwadi - RSPCB",21-05-2024 02:00:00,28.194909,76.862296,NH3,4,25,11
India,Rajasthan,Bhiwadi,"Vasundhara Nagar_UIT, Bhiwadi - RSPCB",21-05-2024 02:00:00,28.207266,76.829265,SO2,1,29,9
India,Rajasthan,Bikaner,"MM Ground, Bikaner - RSPCB",21-05-2024 02:00:00,28.018792,73.292658,NO2,15,74,36
India,Rajasthan,Bikaner,"MM Ground, Bikaner - RSPCB",21-05-2024 02:00:00,28.018792,73.292658,NH3,8,10,9
India,Rajasthan,Bundi,"New Colony, Bundi - RSPCB",21-05-2024 02:00:00,25.435774,75.644272,PM10,106,200,141
India,Rajasthan,Bundi,"New Colony, Bundi - RSPCB",21-05-2024 02:00:00,25.435774,75.644272,NH3,NA,NA,NA
India,Rajasthan,Chittorgarh,"Shastri Nagar, Chittorgarh - RSPCB",21-05-2024 02:00:00,24.892047,74.623527,PM10,117,212,145
India,Rajasthan,Dausa,"Khatikan Mohalla, Dausa - RSPCB",21-05-2024 02:00:00,26.895552,76.334753,PM2.5,30,84,51
India,Rajasthan,Dausa,"Khatikan Mohalla, Dausa - RSPCB",21-05-2024 02:00:00,26.895552,76.334753,PM10,112,320,158
India,Rajasthan,Dausa,"Khatikan Mohalla, Dausa - RSPCB",21-05-2024 02:00:00,26.895552,76.334753,NO2,14,89,35
India,Rajasthan,Dholpur,"Raja Ganj, Dholpur - RSPCB",21-05-2024 02:00:00,26.699557,77.898881,PM10,104,284,158
India,Rajasthan,Hanumangarh,"Housing Board, Hanumangarh - RSPCB",21-05-2024 02:00:00,29.610750,74.283608,SO2,4,29,12
India,Rajasthan,Jaipur,"Adarsh Nagar, Jaipur - RSPCB",21-05-2024 02:00:00,26.902909,75.836858,OZONE,12,80,32
India,Rajasthan,Jaipur,"Mansarovar Sector-12, Jaipur - RSPCB",21-05-2024 02:00:00,26.843698,75.766894,NO2,12,140,44
India,Rajasthan,Jaipur,"Sector-2 Murlipura, Jaipur - RSPCB",21-05-2024 02:00:00,26.960669,75.771817,PM10,98,291,150
India,Rajasthan,Jaipur,"Sector-2 Murlipura, Jaipur - RSPCB",21-05-2024 02:00:00,26.960669,75.771817,NO2,14,48,23
India,Rajasthan,Jaipur,"Sector-2 Murlipura, Jaipur - RSPCB",21-05-2024 02:00:00,26.960669,75.771817,NH3,2,8,3
India,Rajasthan,Jaipur,"Sector-2 Murlipura, Jaipur - RSPCB",21-05-2024 02:00:00,26.960669,75.771817,SO2,5,56,18
India,Rajasthan,Jaipur,"Shastri Nagar, Jaipur - RSPCB",21-05-2024 02:00:00,26.9502929,75.730943,CO,11,61,44
India,Rajasthan,Jaisalmer,"Sadar Bazar, Jaisalmer - RSPCB",21-05-2024 02:00:00,26.912329,70.909168,NO2,5,26,18
India,Rajasthan,Jaisalmer,"Sadar Bazar, Jaisalmer - RSPCB",21-05-2024 02:00:00,26.912329,70.909168,OZONE,2,90,77
India,Rajasthan,Jalore,"Mudtra Sili, Jalore - RSPCB",21-05-2024 02:00:00,25.344694,72.626208,NH3,6,9,7
India,Rajasthan,Jalore,"Mudtra Sili, Jalore - RSPCB",21-05-2024 02:00:00,25.344694,72.626208,OZONE,26,116,78
India,Rajasthan,Jhalawar,"Rajlaxmi Nagar, Jhalawar - RSPCB",21-05-2024 02:00:00,24.588397,76.172782,PM10,71,231,128
India,Rajasthan,Jhalawar,"Rajlaxmi Nagar, Jhalawar - RSPCB",21-05-2024 02:00:00,24.588397,76.172782,SO2,3,32,9
India,Rajasthan,Jodhpur,"Collectorate, Jodhpur - RSPCB",21-05-2024 02:00:00,26.268249,73.0193853,PM10,48,159,93
India,Rajasthan,Jodhpur,"Collectorate, Jodhpur - RSPCB",21-05-2024 02:00:00,26.268249,73.0193853,CO,4,88,42
India,Rajasthan,Jodhpur,"Digari Kalan, Jodhpur - RSPCB",21-05-2024 02:00:00,26.295810,73.082283,PM2.5,22,63,36
India,Rajasthan,Jodhpur,"Digari Kalan, Jodhpur - RSPCB",21-05-2024 02:00:00,26.295810,73.082283,NO2,6,43,23
India,Rajasthan,Jodhpur,"Jhalamand, Jodhpur - RSPCB",21-05-2024 02:00:00,26.215415,73.070156,PM2.5,17,78,44
India,Rajasthan,Jodhpur,"Jhalamand, Jodhpur - RSPCB",21-05-2024 02:00:00,26.215415,73.070156,SO2,5,78,10
India,Rajasthan,Jodhpur,"Samrat Ashok Udhyan, Jodhpur - RSPCB",21-05-2024 02:00:00,26.253384,72.976571,OZONE,35,88,71
India,Rajasthan,Karauli,"Satyawati Vihar, Karauli - RSPCB",21-05-2024 02:00:00,26.506177,77.025989,NH3,5,24,10
India,Rajasthan,Kota,"Dhanmandi, Kota - RSPCB",21-05-2024 02:00:00,25.164090,75.858137,PM2.5,19,167,65
India,Rajasthan,Kota,"Dhanmandi, Kota - RSPCB",21-05-2024 02:00:00,25.164090,75.858137,NH3,2,6,4
India,Rajasthan,Kota,"Nayapura, Kota - RSPCB",21-05-2024 02:00:00,25.196024,75.855668,OZONE,4,144,40
India,Rajasthan,Kota,"Shrinath Puram, Kota - RSPCB",21-05-2024 02:00:00,25.14389,75.821256,NO2,9,102,36
India,Rajasthan,Kota,"Shrinath Puram, Kota - RSPCB",21-05-2024 02:00:00,25.14389,75.821256,NH3,3,11,6
India,Rajasthan,Nagaur,"Karni Colony, Nagaur - RSPCB",21-05-2024 02:00:00,27.213494,73.734444,PM2.5,13,74,38
India,Rajasthan,Nagaur,"Karni Colony, Nagaur - RSPCB",21-05-2024 02:00:00,27.213494,73.734444,SO2,2,8,5
India,Rajasthan,Pali,"Indira Colony Vistar, Pali - RSPCB",21-05-2024 02:00:00,25.771061, 73.340227,PM2.5,1,181,104
India,Rajasthan,Pali,"Indira Colony Vistar, Pali - RSPCB",21-05-2024 02:00:00,25.771061, 73.340227,CO,16,76,43
India,Rajasthan,Pratapgarh,"Pragati Nagar, Pratapgarh - RSPCB",21-05-2024 02:00:00,24.041198,74.780702,NO2,6,50,18
India,Rajasthan,Rajsamand,"Dhoinda, Rajsamand - RSPCB",21-05-2024 02:00:00,25.036360,73.883502,NH3,NA,NA,NA
India,Rajasthan,Rajsamand,"Dhoinda, Rajsamand - RSPCB",21-05-2024 02:00:00,25.036360,73.883502,SO2,1,53,12
India,Rajasthan,Sawai Madhopur,"Sahu Nagar, Sawai Madhopur - RSPCB",21-05-2024 02:00:00,26.031443,76.359327,PM2.5,43,190,76
India,Rajasthan,Sirohi,"Vedhaynath Colony, Sirohi - RSPCB",21-05-2024 02:00:00,24.885261,72.857549,PM2.5,17,55,31
India,Rajasthan,Sirohi,"Vedhaynath Colony, Sirohi - RSPCB",21-05-2024 02:00:00,24.885261,72.857549,NH3,3,6,4
India,Rajasthan,Sirohi,"Vedhaynath Colony, Sirohi - RSPCB",21-05-2024 02:00:00,24.885261,72.857549,OZONE,35,114,72
India,Rajasthan,Sri Ganganagar,"Old City, Sri Ganganagar - RSPCB",21-05-2024 02:00:00,29.931624,73.864511,NO2,12,108,37
India,Rajasthan,Sri Ganganagar,"Old City, Sri Ganganagar - RSPCB",21-05-2024 02:00:00,29.931624,73.864511,OZONE,23,88,40
India,Rajasthan,Tonk,"Shastri Nagar, Tonk - RSPCB",21-05-2024 02:00:00,26.159933,75.780517,PM2.5,28,120,57
India,Rajasthan,Tonk,"Shastri Nagar, Tonk - RSPCB",21-05-2024 02:00:00,26.159933,75.780517,PM10,86,420,171
India,Rajasthan,Udaipur,"Ashok Nagar, Udaipur - RSPCB",21-05-2024 02:00:00,24.5886166,73.6321397,PM10,87,115,103
India,Rajasthan,Udaipur,"Ashok Nagar, Udaipur - RSPCB",21-05-2024 02:00:00,24.5886166,73.6321397,OZONE,39,74,56
India,Sikkim,Gangtok,"Zero Point GICI, Gangtok - SSPCB",21-05-2024 02:00:00,27.338530,88.614099,PM10,13,77,27
India,Sikkim,Gangtok,"Zero Point GICI, Gangtok - SSPCB",21-05-2024 02:00:00,27.338530,88.614099,CO,10,20,14
India,Sikkim,Gangtok,"Zero Point GICI, Gangtok - SSPCB",21-05-2024 02:00:00,27.338530,88.614099,OZONE,24,75,37
India,TamilNadu,Chennai,"Manali, Chennai - CPCB",21-05-2024 02:00:00,13.164544,80.26285,NO2,6,10,9
India,TamilNadu,Chennai,"Manali, Chennai - CPCB",21-05-2024 02:00:00,13.164544,80.26285,CO,64,113,99
India,TamilNadu,Chennai,"Perungudi, Chennai - TNPCB",21-05-2024 02:00:00,12.9533,80.2357,NO2,2,11,6
India,TamilNadu,Chennai,"Royapuram, Chennai - TNPCB",21-05-2024 02:00:00,13.1036,80.2909,CO,16,58,22
India,TamilNadu,Coimbatore,"PSG College of Arts and Science, Coimbatore - TNPCB",21-05-2024 02:00:00,11.0328,77.0349,NH3,1,1,1
India,TamilNadu,Coimbatore,"PSG College of Arts and Science, Coimbatore - TNPCB",21-05-2024 02:00:00,11.0328,77.0349,CO,26,34,33
India,TamilNadu,Cuddalore,"Kudikadu, Cuddalore - TNPCB",21-05-2024 02:00:00,11.6829898,79.7532099,PM10,6,62,22
India,TamilNadu,Cuddalore,"Kudikadu, Cuddalore - TNPCB",21-05-2024 02:00:00,11.6829898,79.7532099,NH3,3,4,4
India,TamilNadu,Gummidipoondi,"Anthoni Pillai Nagar, Gummidipoondi - TNPCB",21-05-2024 02:00:00,13.4127,80.1081,PM2.5,NA,NA,NA
India,TamilNadu,Palkalaiperur,"Bharathidasan University, Palkalaiperur - TNPCB",21-05-2024 02:00:00,10.681158,78.741746,OZONE,1,1,1
India,TamilNadu,Thoothukudi,"Meelavittan, Thoothukudi - TNPCB",21-05-2024 02:00:00,8.816428 ,78.099039,PM10,17,85,46
India,TamilNadu,Thoothukudi,"Meelavittan, Thoothukudi - TNPCB",21-05-2024 02:00:00,8.816428 ,78.099039,NO2,16,24,21
India,TamilNadu,Thoothukudi,"Meelavittan, Thoothukudi - TNPCB",21-05-2024 02:00:00,8.816428 ,78.099039,SO2,2,15,8
India,TamilNadu,Vellore,"Vasanthapuram, Vellore - TNPCB",21-05-2024 02:00:00,12.909494,79.131861,NO2,6,19,13
India,Telangana,Hyderabad,"Bollaram Industrial Area, Hyderabad - TSPCB",21-05-2024 02:00:00,17.540891,78.358528,PM10,10,100,52
India,Telangana,Hyderabad,"Central University, Hyderabad - TSPCB",21-05-2024 02:00:00,17.460103,78.334361,OZONE,3,4,4
India,Telangana,Hyderabad,"ECIL Kapra, Hyderabad - TSPCB",21-05-2024 02:00:00,17.470431,78.566959,PM10,NA,NA,NA
India,Telangana,Hyderabad,"ECIL Kapra, Hyderabad - TSPCB",21-05-2024 02:00:00,17.470431,78.566959,SO2,NA,NA,NA
India,Telangana,Hyderabad,"ECIL Kapra, Hyderabad - TSPCB",21-05-2024 02:00:00,17.470431,78.566959,CO,12,43,36
India,Telangana,Hyderabad,"ICRISAT Patancheru, Hyderabad - TSPCB",21-05-2024 02:00:00,17.518400,78.278777,NO2,16,18,16
India,Telangana,Hyderabad,"IITH Kandi, Hyderabad - TSPCB",21-05-2024 02:00:00,17.585705,78.126199,NH3,NA,NA,NA
India,Telangana,Hyderabad,"IITH Kandi, Hyderabad - TSPCB",21-05-2024 02:00:00,17.585705,78.126199,CO,NA,NA,NA
India,Telangana,Hyderabad,"Kokapet, Hyderabad - TSPCB",21-05-2024 02:00:00,17.393559,78.339194,PM10,NA,NA,NA
India,Telangana,Hyderabad,"Kokapet, Hyderabad - TSPCB",21-05-2024 02:00:00,17.393559,78.339194,NH3,NA,NA,NA
India,Telangana,Hyderabad,"Kokapet, Hyderabad - TSPCB",21-05-2024 02:00:00,17.393559,78.339194,OZONE,3,6,4
India,Telangana,Hyderabad,"Kompally Municipal Office, Hyderabad - TSPCB",21-05-2024 02:00:00,17.544899,78.486949,PM2.5,36,70,44
India,Telangana,Hyderabad,"Kompally Municipal Office, Hyderabad - TSPCB",21-05-2024 02:00:00,17.544899,78.486949,PM10,51,71,57
India,Telangana,Hyderabad,"Nacharam_TSIIC IALA, Hyderabad - TSPCB",21-05-2024 02:00:00,17.429398,78.569354,PM2.5,NA,NA,NA
India,Telangana,Hyderabad,"Nacharam_TSIIC IALA, Hyderabad - TSPCB",21-05-2024 02:00:00,17.429398,78.569354,PM10,NA,NA,NA
India,Telangana,Hyderabad,"Nacharam_TSIIC IALA, Hyderabad - TSPCB",21-05-2024 02:00:00,17.429398,78.569354,OZONE,31,61,39
India,Telangana,Hyderabad,"Ramachandrapuram, Hyderabad - TSPCB",21-05-2024 02:00:00,17.528544,78.286195,PM10,NA,NA,NA
India,Telangana,Hyderabad,"Ramachandrapuram, Hyderabad - TSPCB",21-05-2024 02:00:00,17.528544,78.286195,NO2,NA,NA,NA
India,Telangana,Hyderabad,"Sanathnagar, Hyderabad - TSPCB",21-05-2024 02:00:00,17.4559458,78.4332152,NO2,30,30,30
India,Telangana,Hyderabad,"Sanathnagar, Hyderabad - TSPCB",21-05-2024 02:00:00,17.4559458,78.4332152,CO,30,68,61
India,Telangana,Hyderabad,"Sanathnagar, Hyderabad - TSPCB",21-05-2024 02:00:00,17.4559458,78.4332152,OZONE,16,16,16
India,Telangana,Hyderabad,"Somajiguda, Hyderabad - TSPCB",21-05-2024 02:00:00,17.417094,78.457437,PM2.5,25,57,43
India,Telangana,Hyderabad,"Zoo Park, Hyderabad - TSPCB",21-05-2024 02:00:00,17.349694,78.451437,PM10,NA,NA,NA
India,Tripura,Agartala,"Bardowali, Agartala - Tripura SPCB",21-05-2024 02:00:00,23.8175497,91.2726974,PM2.5,NA,NA,NA
India,Uttar_Pradesh,Agra,"Manoharpur, Agra - UPPCB",21-05-2024 02:00:00,27.23711,78.01936,PM10,21,55,33
India,Uttar_Pradesh,Agra,"Manoharpur, Agra - UPPCB",21-05-2024 02:00:00,27.23711,78.01936,CO,6,12,9
India,Uttar_Pradesh,Agra,"Rohta, Agra - UPPCB",21-05-2024 02:00:00,27.106972,78.000111,PM10,24,84,45
India,Uttar_Pradesh,Agra,"Rohta, Agra - UPPCB",21-05-2024 02:00:00,27.106972,78.000111,NO2,11,11,11
India,Uttar_Pradesh,Agra,"Sanjay Palace, Agra - UPPCB",21-05-2024 02:00:00,27.19865833,78.00598056,PM10,NA,NA,NA
India,Uttar_Pradesh,Agra,"Sanjay Palace, Agra - UPPCB",21-05-2024 02:00:00,27.19865833,78.00598056,CO,14,40,30
India,Uttar_Pradesh,Agra,"Sector-3B Avas Vikas Colony, Agra - UPPCB",21-05-2024 02:00:00,27.19412,77.96237,CO,10,28,20
India,Uttar_Pradesh,Agra,"Shahjahan Garden, Agra - UPPCB",21-05-2024 02:00:00,27.169338,78.03582,PM2.5,23,61,39
India,Uttar_Pradesh,Agra,"Shastripuram, Agra - UPPCB",21-05-2024 02:00:00,27.19862,77.92066,NH3,1,6,4
India,Uttar_Pradesh,Bareilly,"Civil Lines, Bareilly - UPPCB",21-05-2024 02:00:00,28.359581,79.414455,NO2,2,3,2
India,Uttar_Pradesh,Bareilly,"Civil Lines, Bareilly - UPPCB",21-05-2024 02:00:00,28.359581,79.414455,SO2,22,35,25
India,Uttar_Pradesh,Bareilly,"Civil Lines, Bareilly - UPPCB",21-05-2024 02:00:00,28.359581,79.414455,CO,19,46,28
India,Uttar_Pradesh,Bareilly,"Rajendra Nagar, Bareilly - UPPCB",21-05-2024 02:00:00,28.38910936,79.42963708,PM2.5,14,35,26
India,Uttar_Pradesh,Bareilly,"Rajendra Nagar, Bareilly - UPPCB",21-05-2024 02:00:00,28.38910936,79.42963708,NO2,2,2,2
India,Uttar_Pradesh,Bulandshahr,"Yamunapuram, Bulandshahr - UPPCB",21-05-2024 02:00:00,28.406963,77.849831,SO2,6,104,35
India,Uttar_Pradesh,Ghaziabad,"Indirapuram, Ghaziabad - UPPCB",21-05-2024 02:00:00,28.646233,77.358075,OZONE,2,35,9
India,Uttar_Pradesh,Ghaziabad,"Loni, Ghaziabad - UPPCB",21-05-2024 02:00:00,28.757294,77.278792,NH3,1,11,4
India,Uttar_Pradesh,Ghaziabad,"Loni, Ghaziabad - UPPCB",21-05-2024 02:00:00,28.757294,77.278792,SO2,6,79,33
India,Uttar_Pradesh,Ghaziabad,"Sanjay Nagar, Ghaziabad - UPPCB",21-05-2024 02:00:00,28.685382,77.453839,PM2.5,55,173,115
India,Uttar_Pradesh,Ghaziabad,"Sanjay Nagar, Ghaziabad - UPPCB",21-05-2024 02:00:00,28.685382,77.453839,PM10,NA,NA,NA
India,Uttar_Pradesh,Ghaziabad,"Sanjay Nagar, Ghaziabad - UPPCB",21-05-2024 02:00:00,28.685382,77.453839,NO2,19,141,64
India,Uttar_Pradesh,Ghaziabad,"Vasundhara, Ghaziabad - UPPCB",21-05-2024 02:00:00,28.6603346,77.3572563,PM2.5,37,217,102
India,Uttar_Pradesh,Gorakhpur,"Madan Mohan Malaviya University of Technology, Gorakhpur - UPPCB",21-05-2024 02:00:00,26.730136,83.433859,PM2.5,32,74,55
India,Uttar_Pradesh,Gorakhpur,"Madan Mohan Malaviya University of Technology, Gorakhpur - UPPCB",21-05-2024 02:00:00,26.730136,83.433859,NO2,11,11,11
India,Uttar_Pradesh,Greater Noida,"Knowledge Park - III, Greater Noida - UPPCB",21-05-2024 02:00:00,28.47272,77.482000,NO2,31,185,80
India,Uttar_Pradesh,Greater Noida,"Knowledge Park - V, Greater Noida - UPPCB",21-05-2024 02:00:00,28.557054,77.453663,PM10,185,454,318
India,Uttar_Pradesh,Hapur,"Anand Vihar, Hapur - UPPCB",21-05-2024 02:00:00,28.725645,77.749675,SO2,5,35,16
India,Uttar_Pradesh,Jhansi,"Shivaji Nagar, Jhansi - UPPCB",21-05-2024 02:00:00,25.4547,78.6039,PM10,NA,NA,NA
India,Uttar_Pradesh,Kanpur,"NSI Kalyanpur, Kanpur - UPPCB",21-05-2024 02:00:00,26.509954,80.249612,PM10,69,246,148
India,Uttar_Pradesh,Kanpur,"NSI Kalyanpur, Kanpur - UPPCB",21-05-2024 02:00:00,26.509954,80.249612,NH3,2,4,3
India,Uttar_Pradesh,Kanpur,"NSI Kalyanpur, Kanpur - UPPCB",21-05-2024 02:00:00,26.509954,80.249612,CO,37,70,49
India,Uttar_Pradesh,Kanpur,"Nehru Nagar, Kanpur - UPPCB",21-05-2024 02:00:00,26.4703136,80.3229863,NO2,1,59,21
India,Uttar_Pradesh,Khurja,"Kalindi Kunj, Khurja - UPPCB",21-05-2024 02:00:00,28.2348927,77.8683002,SO2,53,67,57
India,Uttar_Pradesh,Lucknow,"Gomti Nagar, Lucknow - UPPCB",21-05-2024 02:00:00,26.868120,81.005119,OZONE,33,43,37
India,Uttar_Pradesh,Lucknow,"Kendriya Vidyalaya, Lucknow - CPCB",21-05-2024 02:00:00,26.906111,80.948222,NO2,4,10,7
India,Uttar_Pradesh,Lucknow,"Kukrail Picnic Spot-1, Lucknow - UPPCB",21-05-2024 02:00:00,26.90723,80.98579,SO2,31,37,34
India,Uttar_Pradesh,Lucknow,"Kukrail Picnic Spot-1, Lucknow - UPPCB",21-05-2024 02:00:00,26.90723,80.98579,CO,17,26,21
India,Uttar_Pradesh,Lucknow,"Kukrail Picnic Spot-1, Lucknow - UPPCB",21-05-2024 02:00:00,26.90723,80.98579,OZONE,29,80,56
India,Uttar_Pradesh,Lucknow,"Talkatora District Industries Center, Lucknow - CPCB",21-05-2024 02:00:00,26.83399722,80.8917361,PM10,124,432,165
India,Uttar_Pradesh,Lucknow,"Talkatora District Industries Center, Lucknow - CPCB",21-05-2024 02:00:00,26.83399722,80.8917361,SO2,2,10,6
India,Uttar_Pradesh,Lucknow,"Talkatora District Industries Center, Lucknow - CPCB",21-05-2024 02:00:00,26.83399722,80.8917361,CO,10,37,23
India,Uttar_Pradesh,Meerut,"Ganga Nagar, Meerut - UPPCB",21-05-2024 02:00:00,28.999264,77.7590354,SO2,7,28,17
India,Uttar_Pradesh,Meerut,"Ganga Nagar, Meerut - UPPCB",21-05-2024 02:00:00,28.999264,77.7590354,OZONE,4,75,37
India,Uttar_Pradesh,Meerut,"Jai Bhim Nagar, Meerut - UPPCB",21-05-2024 02:00:00,28.9535882,77.7622941,PM2.5,48,195,117
India,Uttar_Pradesh,Meerut,"Pallavpuram Phase 2, Meerut - UPPCB",21-05-2024 02:00:00,29.063510,77.709723,NH3,8,26,13
India,Uttar_Pradesh,Meerut,"Pallavpuram Phase 2, Meerut - UPPCB",21-05-2024 02:00:00,29.063510,77.709723,SO2,23,45,35
India,Uttar_Pradesh,Meerut,"Pallavpuram Phase 2, Meerut - UPPCB",21-05-2024 02:00:00,29.063510,77.709723,OZONE,18,186,68
India,Uttar_Pradesh,Moradabad,"Buddhi Vihar, Moradabad - UPPCB",21-05-2024 02:00:00,28.83526,78.74460,PM10,64,163,102
India,Uttar_Pradesh,Moradabad,"Eco Herbal Park, Moradabad - UPPCB",21-05-2024 02:00:00,28.840739,78.697531,CO,14,124,57
India,Uttar_Pradesh,Moradabad,"Eco Herbal Park, Moradabad - UPPCB",21-05-2024 02:00:00,28.840739,78.697531,OZONE,25,122,59
India,Uttar_Pradesh,Moradabad,"Employment Office, Moradabad - UPPCB",21-05-2024 02:00:00,28.88528,78.73880,PM10,61,179,113
India,Uttar_Pradesh,Moradabad,"Employment Office, Moradabad - UPPCB",21-05-2024 02:00:00,28.88528,78.73880,SO2,17,37,25
India,Uttar_Pradesh,Moradabad,"Jigar Colony, Moradabad - UPPCB",21-05-2024 02:00:00,28.856664,78.772638,PM2.5,30,75,54
India,Uttar_Pradesh,Moradabad,"Kashiram Nagar, Moradabad - UPPCB",21-05-2024 02:00:00,28.849399,78.742362,NO2,12,13,12
India,Uttar_Pradesh,Moradabad,"Transport Nagar, Moradabad - UPPCB",21-05-2024 02:00:00,28.802625,78.753728,SO2,48,56,53
India,Uttar_Pradesh,Moradabad,"Transport Nagar, Moradabad - UPPCB",21-05-2024 02:00:00,28.802625,78.753728,OZONE,17,52,31
India,Uttar_Pradesh,Muzaffarnagar,"New Mandi, Muzaffarnagar - UPPCB",21-05-2024 02:00:00,29.4723508,77.7194031,PM2.5,86,336,193
India,Uttar_Pradesh,Muzaffarnagar,"New Mandi, Muzaffarnagar - UPPCB",21-05-2024 02:00:00,29.4723508,77.7194031,NH3,10,13,12
India,Uttar_Pradesh,Muzaffarnagar,"New Mandi, Muzaffarnagar - UPPCB",21-05-2024 02:00:00,29.4723508,77.7194031,SO2,14,108,32
India,Uttar_Pradesh,Noida,"Sector - 125, Noida - UPPCB",21-05-2024 02:00:00,28.5447608,77.3231257,PM10,148,500,338
India,Uttar_Pradesh,Noida,"Sector - 125, Noida - UPPCB",21-05-2024 02:00:00,28.5447608,77.3231257,NO2,29,188,79
India,Uttar_Pradesh,Noida,"Sector - 125, Noida - UPPCB",21-05-2024 02:00:00,28.5447608,77.3231257,NH3,1,6,4
India,Uttar_Pradesh,Noida,"Sector - 62, Noida - IMD",21-05-2024 02:00:00,28.6245479,77.3577104,PM2.5,NA,NA,NA
India,Uttar_Pradesh,Noida,"Sector - 62, Noida - IMD",21-05-2024 02:00:00,28.6245479,77.3577104,CO,20,34,29
India,Uttar_Pradesh,Noida,"Sector-116, Noida - UPPCB",21-05-2024 02:00:00,28.569230,77.393848,SO2,6,38,23
India,Uttar_Pradesh,Prayagraj,"Jhunsi, Prayagraj - UPPCB",21-05-2024 02:00:00,25.425602,81.917152,OZONE,11,159,54
India,Uttar_Pradesh,Prayagraj,"Motilal Nehru NIT, Prayagraj - UPPCB",21-05-2024 02:00:00,25.494,81.863,PM2.5,20,98,37
India,Uttar_Pradesh,Prayagraj,"Motilal Nehru NIT, Prayagraj - UPPCB",21-05-2024 02:00:00,25.494,81.863,OZONE,11,42,28
India,Uttar_Pradesh,Varanasi,"Bhelupur, Varanasi - UPPCB",21-05-2024 02:00:00,25.301778,82.996789,OZONE,3,31,9
India,Uttar_Pradesh,Varanasi,"IESD Banaras Hindu University, Varanasi - UPPCB",21-05-2024 02:00:00,25.262326,82.995408,PM2.5,5,11,8
India,Uttar_Pradesh,Varanasi,"IESD Banaras Hindu University, Varanasi - UPPCB",21-05-2024 02:00:00,25.262326,82.995408,NH3,1,3,2
India,Uttar_Pradesh,Varanasi,"IESD Banaras Hindu University, Varanasi - UPPCB",21-05-2024 02:00:00,25.262326,82.995408,OZONE,1,19,3
India,Uttar_Pradesh,Vrindavan,"Omex Eternity, Vrindavan - UPPCB",21-05-2024 02:00:00,27.5714090,77.6557570,OZONE,23,38,32
India,Uttarakhand,Rishikesh,"Shivaji Nagar, Rishikesh - UKPCB",21-05-2024 02:00:00,30.075911,78.2859547,CO,14,30,20
India,West_Bengal,Asansol,"Asansol Court Area, Asansol - WBPCB",21-05-2024 02:00:00,23.685297,86.945968,SO2,12,17,13
India,West_Bengal,Asansol,"Asansol Court Area, Asansol - WBPCB",21-05-2024 02:00:00,23.685297,86.945968,OZONE,74,216,138
India,West_Bengal,Durgapur,"PCBL Residential Complex, Durgapur - WBPCB",21-05-2024 02:00:00,23.5087640,87.3544400,NO2,12,70,27
India,West_Bengal,Durgapur,"Sidhu Kanhu Indoor Stadium, Durgapur - WBPCB",21-05-2024 02:00:00,23.5404352,87.2892225,SO2,17,39,26
India,West_Bengal,Haldia,"Priyambada Housing Estate, Haldia - WBPCB",21-05-2024 02:00:00,22.06047,88.109737,NO2,11,22,15
India,West_Bengal,Howrah,"Belur Math, Howrah - WBPCB",21-05-2024 02:00:00,22.629801,88.352017,OZONE,11,42,18
India,West_Bengal,Howrah,"Padmapukur, Howrah - WBPCB",21-05-2024 02:00:00,22.5687319,88.2797276,PM2.5,24,72,35
India,West_Bengal,Kolkata,"Ballygunge, Kolkata - WBPCB",21-05-2024 02:00:00,22.5367507,88.3638022,NH3,3,7,5
India,West_Bengal,Kolkata,"Bidhannagar, Kolkata - WBPCB",21-05-2024 02:00:00,22.58157048,88.41002457,PM10,12,34,21
India,West_Bengal,Kolkata,"Bidhannagar, Kolkata - WBPCB",21-05-2024 02:00:00,22.58157048,88.41002457,NO2,16,38,21
India,West_Bengal,Kolkata,"Fort William, Kolkata - WBPCB",21-05-2024 02:00:00,22.556640,88.342674,NO2,12,59,28
India,West_Bengal,Kolkata,"Fort William, Kolkata - WBPCB",21-05-2024 02:00:00,22.556640,88.342674,CO,11,26,22
India,West_Bengal,Kolkata,"Rabindra Bharati University, Kolkata - WBPCB",21-05-2024 02:00:00,22.627847,88.380669,CO,20,36,27
India,West_Bengal,Siliguri,"Ward-32 Bapupara, Siliguri - WBPCB",21-05-2024 02:00:00,26.6879226,88.4152495,SO2,6,8,7
India,West_Bengal,Siliguri,"Ward-32 Bapupara, Siliguri - WBPCB",21-05-2024 02:00:00,26.6879226,88.4152495,OZONE,16,52,25
India,Andhra_Pradesh,Anantapur,"Gulzarpet, Anantapur - APPCB",21-05-2024 02:00:00,14.675886,77.593027,OZONE,1,24,15
India,Andhra_Pradesh,Kadapa,"Yerramukkapalli, Kadapa - APPCB",21-05-2024 02:00:00,14.465052,78.824187,NO2,NA,NA,NA
India,Andhra_Pradesh,Kadapa,"Yerramukkapalli, Kadapa - APPCB",21-05-2024 02:00:00,14.465052,78.824187,OZONE,10,10,10
India,Andhra_Pradesh,Rajamahendravaram,"Anand Kala Kshetram, Rajamahendravaram - APPCB",21-05-2024 02:00:00,16.9872867,81.7363176,NO2,9,35,22
India,Andhra_Pradesh,Tirupati,"Tirumala, Tirupati - APPCB",21-05-2024 02:00:00,13.67,79.35,NH3,1,1,1
India,Andhra_Pradesh,Tirupati,"Tirumala, Tirupati - APPCB",21-05-2024 02:00:00,13.67,79.35,OZONE,7,30,15
India,Andhra_Pradesh,Tirupati,"Vaikuntapuram, Tirupati - APPCB",21-05-2024 02:00:00,13.615387,79.409230,PM10,NA,NA,NA
India,Andhra_Pradesh,Tirupati,"Vaikuntapuram, Tirupati - APPCB",21-05-2024 02:00:00,13.615387,79.409230,NH3,NA,NA,NA
India,Andhra_Pradesh,Vijayawada,"HB Colony, Vijayawada - APPCB",21-05-2024 02:00:00,16.536107,80.594233,SO2,5,11,7
India,Andhra_Pradesh,Vijayawada,"Kanuru, Vijayawada - APPCB",21-05-2024 02:00:00,16.486692,80.699436,NO2,20,22,21
India,Andhra_Pradesh,Vijayawada,"Kanuru, Vijayawada - APPCB",21-05-2024 02:00:00,16.486692,80.699436,OZONE,29,29,29
India,Andhra_Pradesh,Vijayawada,"Rajiv Gandhi Park, Vijayawada - APPCB",21-05-2024 02:00:00,16.509717,80.612222,PM2.5,32,73,47
India,Andhra_Pradesh,Vijayawada,"Rajiv Gandhi Park, Vijayawada - APPCB",21-05-2024 02:00:00,16.509717,80.612222,NO2,26,37,32
India,Andhra_Pradesh,Vijayawada,"Rajiv Gandhi Park, Vijayawada - APPCB",21-05-2024 02:00:00,16.509717,80.612222,CO,36,44,41
India,Andhra_Pradesh,Visakhapatnam,"GVM Corporation, Visakhapatnam - APPCB",21-05-2024 02:00:00,17.72,83.3,NO2,14,40,29
India,Andhra_Pradesh,Visakhapatnam,"GVM Corporation, Visakhapatnam - APPCB",21-05-2024 02:00:00,17.72,83.3,OZONE,8,93,41
India,Assam,Guwahati,"IITG, Guwahati - PCBA",21-05-2024 02:00:00,26.2028636,91.70046436,PM10,17,116,47
India,Assam,Guwahati,"IITG, Guwahati - PCBA",21-05-2024 02:00:00,26.2028636,91.70046436,OZONE,9,35,15
India,Assam,Guwahati,"Pan Bazaar, Guwahati - PCBA",21-05-2024 02:00:00,26.187500,91.744194,SO2,NA,NA,NA
India,Assam,Nagaon,"Christianpatty, Nagaon - PCBA",21-05-2024 02:00:00,26.349082,92.68449,PM10,62,112,77
India,Assam,Nagaon,"Christianpatty, Nagaon - PCBA",21-05-2024 02:00:00,26.349082,92.68449,NH3,1,2,2
India,Assam,Nalbari,"Bata Chowk, Nalbari - PCBA",21-05-2024 02:00:00,26.446912,91.439057,SO2,5,19,12
India,Assam,Nalbari,"Bata Chowk, Nalbari - PCBA",21-05-2024 02:00:00,26.446912,91.439057,OZONE,4,12,8
India,Assam,Silchar,"Tarapur, Silchar - PCBA",21-05-2024 02:00:00,24.82827,92.79525,SO2,5,13,8
India,Assam,Sivasagar,"Girls College, Sivasagar - PCBA",21-05-2024 02:00:00,26.987634,94.636574,NO2,8,14,10
India,Assam,Sivasagar,"Girls College, Sivasagar - PCBA",21-05-2024 02:00:00,26.987634,94.636574,OZONE,1,20,4
India,Bihar,Arrah,"New DM Office, Arrah - BSPCB",21-05-2024 02:00:00,25.5626095,84.663264,SO2,1,32,14
India,Bihar,Aurangabad,"Gurdeo Nagar, Aurangabad - BSPCB",21-05-2024 02:00:00,24.75746,84.366208,PM2.5,NA,NA,NA
India,Bihar,Aurangabad,"Gurdeo Nagar, Aurangabad - BSPCB",21-05-2024 02:00:00,24.75746,84.366208,NH3,7,27,12
India,Bihar,Aurangabad,"Gurdeo Nagar, Aurangabad - BSPCB",21-05-2024 02:00:00,24.75746,84.366208,SO2,10,23,17
India,Bihar,Bettiah,"Kamalnath Nagar, Bettiah - BSPCB",21-05-2024 02:00:00,26.80365,84.51954,PM10,NA,NA,NA
India,Bihar,Bettiah,"Kamalnath Nagar, Bettiah - BSPCB",21-05-2024 02:00:00,26.80365,84.51954,NO2,26,40,30
India,Bihar,Bettiah,"Kamalnath Nagar, Bettiah - BSPCB",21-05-2024 02:00:00,26.80365,84.51954,NH3,6,51,26
India,Bihar,Bettiah,"Kamalnath Nagar, Bettiah - BSPCB",21-05-2024 02:00:00,26.80365,84.51954,OZONE,2,14,4
India,Bihar,Bhagalpur,"DM Office_Kachari Chowk, Bhagalpur - BSPCB",21-05-2024 02:00:00,25.251013,86.989001,PM10,48,111,79
India,Bihar,Bhagalpur,"DM Office_Kachari Chowk, Bhagalpur - BSPCB",21-05-2024 02:00:00,25.251013,86.989001,NH3,3,9,6
India,Bihar,Bhagalpur,"DM Office_Kachari Chowk, Bhagalpur - BSPCB",21-05-2024 02:00:00,25.251013,86.989001,OZONE,40,58,47
India,Bihar,Bhagalpur,"Mayaganj, Bhagalpur - BSPCB",21-05-2024 02:00:00,25.265194,87.012947,NH3,7,9,8
India,Bihar,Bhagalpur,"Mayaganj, Bhagalpur - BSPCB",21-05-2024 02:00:00,25.265194,87.012947,SO2,11,12,12
India,Bihar,Bihar Sharif,"D M Colony, Bihar Sharif - BSPCB",21-05-2024 02:00:00,25.204762,85.514960,PM10,37,181,96
India,Bihar,Buxar,"Charitra Van, Buxar - BSPCB (Formerly known as Central Jail)",21-05-2024 02:00:00,25.567520,83.966379,CO,48,73,64
India,Bihar,Gaya,"Collectorate, Gaya - BSPCB",21-05-2024 02:00:00,24.7955,84.9994,OZONE,56,99,64
India,Bihar,Gaya,"Kareemganj, Gaya - BSPCB",21-05-2024 02:00:00,24.792403,84.992416,SO2,4,10,7
India,Bihar,Gaya,"SFTI Kusdihra, Gaya - BSPCB",21-05-2024 02:00:00,24.762518,84.982348,NO2,16,48,25
India,Bihar,Gaya,"SFTI Kusdihra, Gaya - BSPCB",21-05-2024 02:00:00,24.762518,84.982348,SO2,8,10,9
India,Bihar,Kishanganj,"SDM Office_Khagra, Kishanganj - BSPCB",21-05-2024 02:00:00,26.0881305,87.93840336,PM10,NA,NA,NA
India,Bihar,Kishanganj,"SDM Office_Khagra, Kishanganj - BSPCB",21-05-2024 02:00:00,26.0881305,87.93840336,OZONE,18,49,18
India,Bihar,Motihari,"Gandak Colony, Motihari - BSPCB",21-05-2024 02:00:00,26.63086,84.90051,PM10,36,92,57
India,Bihar,Motihari,"Gandak Colony, Motihari - BSPCB",21-05-2024 02:00:00,26.63086,84.90051,SO2,10,13,11
India,Bihar,Munger,"Town Hall, Munger - BSPCB",21-05-2024 02:00:00,25.376776,86.471523,SO2,9,26,20
India,Bihar,Munger,"Town Hall, Munger - BSPCB",21-05-2024 02:00:00,25.376776,86.471523,CO,38,103,89
India,Bihar,Muzaffarpur,"Buddha Colony, Muzaffarpur - BSPCB",21-05-2024 02:00:00,26.11442,85.39813,SO2,4,8,6
India,Bihar,Muzaffarpur,"Buddha Colony, Muzaffarpur - BSPCB",21-05-2024 02:00:00,26.11442,85.39813,CO,16,38,26
India,Bihar,Muzaffarpur,"MIT-Daudpur Kothi, Muzaffarpur - BSPCB",21-05-2024 02:00:00,26.1403345,85.3650192,PM10,36,95,61
India,Bihar,Patna,"DRM Office Danapur, Patna - BSPCB",21-05-2024 02:00:00,25.586562,85.043586,PM2.5,39,249,131
India,Bihar,Patna,"DRM Office Danapur, Patna - BSPCB",21-05-2024 02:00:00,25.586562,85.043586,PM10,87,402,140
India,Bihar,Patna,"DRM Office Danapur, Patna - BSPCB",21-05-2024 02:00:00,25.586562,85.043586,CO,21,40,31
India,Bihar,Patna,"Govt. High School Shikarpur, Patna - BSPCB",21-05-2024 02:00:00,25.592539,85.227158,PM10,106,444,182
India,Bihar,Patna,"Govt. High School Shikarpur, Patna - BSPCB",21-05-2024 02:00:00,25.592539,85.227158,NO2,21,24,22
India,Bihar,Patna,"IGSC Planetarium Complex, Patna - BSPCB",21-05-2024 02:00:00,25.610369,85.132568,CO,8,14,10
India,Bihar,Patna,"Rajbansi Nagar, Patna - BSPCB",21-05-2024 02:00:00,25.599486,85.113666,PM10,74,415,158
India,Bihar,Patna,"Rajbansi Nagar, Patna - BSPCB",21-05-2024 02:00:00,25.599486,85.113666,CO,10,40,32
India,Bihar,Patna,"Rajbansi Nagar, Patna - BSPCB",21-05-2024 02:00:00,25.599486,85.113666,OZONE,2,87,47
India,Bihar,Patna,"Samanpura, Patna - BSPCB",21-05-2024 02:00:00,25.596727,85.085624,CO,46,65,58
India,Bihar,Patna,"Samanpura, Patna - BSPCB",21-05-2024 02:00:00,25.596727,85.085624,OZONE,3,122,91
India,Bihar,Purnia,"Mariam Nagar, Purnia - BSPCB",21-05-2024 02:00:00,25.366336,87.117468,CO,36,101,90
India,Bihar,Rajgir,"Dangi Tola, Rajgir - BSPCB",21-05-2024 02:00:00,25.03280,85.41948,NO2,16,18,17
India,Bihar,Rajgir,"Dangi Tola, Rajgir - BSPCB",21-05-2024 02:00:00,25.03280,85.41948,OZONE,32,39,34
India,Bihar,Saharsa,"Police Line, Saharsa - BSPCB",21-05-2024 02:00:00,25.892357,86.590325,NH3,9,9,9
India,Bihar,Samastipur,"DM Office_Kasipur, Samastipur - BSPCB",21-05-2024 02:00:00,25.859655,85.77944,NO2,NA,NA,NA
India,Bihar,Samastipur,"DM Office_Kasipur, Samastipur - BSPCB",21-05-2024 02:00:00,25.859655,85.77944,SO2,NA,NA,NA
India,Bihar,Sasaram,"Dada Peer, Sasaram - BSPCB",21-05-2024 02:00:00,24.952822,84.002396,NO2,12,102,50
India,Bihar,Siwan,"Chitragupta Nagar, Siwan - BSPCB",21-05-2024 02:00:00,26.2271665,84.3570427,SO2,NA,NA,NA
India,Chandigarh,Chandigarh,"Sector 22, Chandigarh - CPCC",21-05-2024 02:00:00,30.735567,76.775714,PM10,59,203,120
India,Chandigarh,Chandigarh,"Sector 22, Chandigarh - CPCC",21-05-2024 02:00:00,30.735567,76.775714,OZONE,5,242,78
India,Chandigarh,Chandigarh,"Sector-25, Chandigarh - CPCC",21-05-2024 02:00:00,30.751462,76.762879,NH3,9,31,17
India,Chandigarh,Chandigarh,"Sector-25, Chandigarh - CPCC",21-05-2024 02:00:00,30.751462,76.762879,SO2,7,17,11
India,Chandigarh,Chandigarh,"Sector-53, Chandigarh - CPCC",21-05-2024 02:00:00,30.719859,76.738637,NO2,12,123,49
India,Chandigarh,Chandigarh,"Sector-53, Chandigarh - CPCC",21-05-2024 02:00:00,30.719859,76.738637,NH3,4,7,5
India,Chhattisgarh,Bhilai,"32Bungalows, Bhilai - CECB",21-05-2024 02:00:00,21.194815,81.314770,CO,10,30,24
India,Chhattisgarh,Bhilai,"Hathkhoj, Bhilai - CECB",21-05-2024 02:00:00,21.224231,81.408350,PM2.5,2,84,32
India,Chhattisgarh,Bhilai,"Hathkhoj, Bhilai - CECB",21-05-2024 02:00:00,21.224231,81.408350,CO,8,116,24
India,Chhattisgarh,Bilaspur,"Mangala, Bilaspur - NTPC",21-05-2024 02:00:00,22.08815,82.13737,NO2,13,18,16
India,Chhattisgarh,Korba,"Rampur, Korba - CECB",21-05-2024 02:00:00,22.368195,82.746431,NO2,26,41,37
India,Chhattisgarh,Korba,"Rampur, Korba - CECB",21-05-2024 02:00:00,22.368195,82.746431,NH3,1,1,1
India,Chhattisgarh,Korba,"Rampur, Korba - CECB",21-05-2024 02:00:00,22.368195,82.746431,SO2,3,51,14
India,Chhattisgarh,Korba,"Urja Nagar, Korba - CECB",21-05-2024 02:00:00,22.348441,82.549611,NO2,55,69,63
India,Chhattisgarh,Korba,"Urja Nagar, Korba - CECB",21-05-2024 02:00:00,22.348441,82.549611,SO2,1,4,3
India,Chhattisgarh,Milupara,"Govt. Higher Secondary School, Milupara - CECB",21-05-2024 02:00:00,22.1910172,83.5197009,NH3,NA,NA,NA
India,Chhattisgarh,Raipur,"AIIMS, Raipur - CECB",21-05-2024 02:00:00,21.258815,81.578979,PM10,NA,NA,NA
India,Chhattisgarh,Raipur,"AIIMS, Raipur - CECB",21-05-2024 02:00:00,21.258815,81.578979,NH3,NA,NA,NA
India,Chhattisgarh,Raipur,"AIIMS, Raipur - CECB",21-05-2024 02:00:00,21.258815,81.578979,SO2,NA,NA,NA
India,Chhattisgarh,Raipur,"Bhatagaon New ISBT, Raipur - CECB",21-05-2024 02:00:00,21.219665,81.630094,SO2,1,3,2
India,Chhattisgarh,Raipur,"Krishak Nagar, Raipur - CECB",21-05-2024 02:00:00,21.237755,81.705301,PM10,26,82,38
India,Chhattisgarh,Raipur,"Krishak Nagar, Raipur - CECB",21-05-2024 02:00:00,21.237755,81.705301,NO2,16,16,16
India,Chhattisgarh,Raipur,"Krishak Nagar, Raipur - CECB",21-05-2024 02:00:00,21.237755,81.705301,CO,20,44,29
India,Chhattisgarh,Raipur,"Siltara Phase-II, Raipur - CECB",21-05-2024 02:00:00,21.371751,81.664929,CO,16,73,35
India,Chhattisgarh,Raipur,"Siltara Phase-II, Raipur - CECB",21-05-2024 02:00:00,21.371751,81.664929,OZONE,4,42,20
India,Chhattisgarh,Tumidih,"OP Jindal Industrial Park, Tumidih - CECB",21-05-2024 02:00:00,22.06631475,83.33820077,NO2,NA,NA,NA
India,Chhattisgarh,Tumidih,"OP Jindal Industrial Park, Tumidih - CECB",21-05-2024 02:00:00,22.06631475,83.33820077,SO2,NA,NA,NA
India,Chhattisgarh,Tumidih,"OP Jindal Industrial Park, Tumidih - CECB",21-05-2024 02:00:00,22.06631475,83.33820077,CO,18,38,26
India,Delhi,Delhi,"Anand Vihar, Delhi - DPCC",21-05-2024 02:00:00,28.647622,77.3158090,OZONE,8,90,31
India,Delhi,Delhi,"Ashok Vihar, Delhi - DPCC",21-05-2024 02:00:00,28.695381,77.181665,SO2,18,53,35
India,Delhi,Delhi,"Bawana, Delhi - DPCC",21-05-2024 02:00:00,28.776200,77.051074,NO2,4,44,21
India,Delhi,Delhi,"Bawana, Delhi - DPCC",21-05-2024 02:00:00,28.776200,77.051074,SO2,14,103,42
India,Delhi,Delhi,"Burari Crossing, Delhi - IMD",21-05-2024 02:00:00,28.7256504,77.2011573,PM2.5,NA,NA,NA
India,Delhi,Delhi,"Burari Crossing, Delhi - IMD",21-05-2024 02:00:00,28.7256504,77.2011573,CO,2,286,26
India,Delhi,Delhi,"CRRI Mathura Road, Delhi - IMD",21-05-2024 02:00:00,28.5512005,77.2735737,PM2.5,52,334,201
India,Delhi,Delhi,"CRRI Mathura Road, Delhi - IMD",21-05-2024 02:00:00,28.5512005,77.2735737,OZONE,3,96,18
India,Delhi,Delhi,"Chandni Chowk, Delhi - IITM",21-05-2024 02:00:00,28.656756,77.227234,NO2,10,52,18
India,Delhi,Delhi,"Chandni Chowk, Delhi - IITM",21-05-2024 02:00:00,28.656756,77.227234,OZONE,10,14,11
India,Delhi,Delhi,"DTU, Delhi - CPCB",21-05-2024 02:00:00,28.7500499,77.1112615,PM10,141,500,278
India,Delhi,Delhi,"DTU, Delhi - CPCB",21-05-2024 02:00:00,28.7500499,77.1112615,NH3,28,78,48
India,Delhi,Delhi,"DTU, Delhi - CPCB",21-05-2024 02:00:00,28.7500499,77.1112615,CO,6,68,30
India,Delhi,Delhi,"DTU, Delhi - CPCB",21-05-2024 02:00:00,28.7500499,77.1112615,OZONE,28,58,32
India,Delhi,Delhi,"Dr. Karni Singh Shooting Range, Delhi - DPCC",21-05-2024 02:00:00,28.498571,77.264840,NH3,5,12,7
India,Delhi,Delhi,"Dr. Karni Singh Shooting Range, Delhi - DPCC",21-05-2024 02:00:00,28.498571,77.264840,SO2,20,59,38
India,Delhi,Delhi,"Dr. Karni Singh Shooting Range, Delhi - DPCC",21-05-2024 02:00:00,28.498571,77.264840,CO,27,108,84
India,Delhi,Delhi,"Dwarka-Sector 8, Delhi - DPCC ",21-05-2024 02:00:00,28.5710274,77.0719006,PM10,157,499,271
India,Delhi,Delhi,"Dwarka-Sector 8, Delhi - DPCC ",21-05-2024 02:00:00,28.5710274,77.0719006,SO2,1,34,17
India,Delhi,Delhi,"ITO, Delhi - CPCB",21-05-2024 02:00:00,28.628624,77.241060,NO2,7,112,55
India,Delhi,Delhi,"Jahangirpuri, Delhi - DPCC",21-05-2024 02:00:00,28.732820,77.170633,NO2,6,77,35
India,Delhi,Delhi,"Jawaharlal Nehru Stadium, Delhi - DPCC",21-05-2024 02:00:00,28.580280,77.233829,PM2.5,23,280,93
India,Delhi,Delhi,"Jawaharlal Nehru Stadium, Delhi - DPCC",21-05-2024 02:00:00,28.580280,77.233829,SO2,12,68,33
India,Delhi,Delhi,"Lodhi Road, Delhi - IITM",21-05-2024 02:00:00,28.588333,77.221667,SO2,18,50,26
India,Delhi,Delhi,"Lodhi Road, Delhi - IMD",21-05-2024 02:00:00,28.5918245,77.2273074,NO2,8,37,21
India,Delhi,Delhi,"Major Dhyan Chand National Stadium, Delhi - DPCC",21-05-2024 02:00:00,28.611281,77.237738,NO2,18,147,80
India,Delhi,Delhi,"Mandir Marg, Delhi - DPCC",21-05-2024 02:00:00,28.636429,77.201067,PM2.5,NA,NA,NA
India,Delhi,Delhi,"NSIT Dwarka, Delhi - CPCB",21-05-2024 02:00:00,28.60909,77.0325413,NH3,11,12,11
India,Delhi,Delhi,"NSIT Dwarka, Delhi - CPCB",21-05-2024 02:00:00,28.60909,77.0325413,SO2,1,60,16
India,Delhi,Delhi,"NSIT Dwarka, Delhi - CPCB",21-05-2024 02:00:00,28.60909,77.0325413,CO,26,69,48
India,Delhi,Delhi,"Najafgarh, Delhi - DPCC",21-05-2024 02:00:00,28.570173,76.933762,PM10,101,421,182
India,Delhi,Delhi,"Najafgarh, Delhi - DPCC",21-05-2024 02:00:00,28.570173,76.933762,OZONE,19,102,49
India,Delhi,Delhi,"Narela, Delhi - DPCC",21-05-2024 02:00:00,28.822836,77.101981,OZONE,6,163,67
India,Delhi,Delhi,"New Moti Bagh, Delhi - MHUA",21-05-2024 02:00:00,28.57834,77.18400,PM2.5,46,348,162
India,Delhi,Delhi,"Okhla Phase-2, Delhi - DPCC",21-05-2024 02:00:00,28.530785,77.271255,SO2,5,16,11
India,Delhi,Delhi,"Okhla Phase-2, Delhi - DPCC",21-05-2024 02:00:00,28.530785,77.271255,OZONE,4,196,28
India,Delhi,Delhi,"Punjabi Bagh, Delhi - DPCC",21-05-2024 02:00:00,28.674045,77.131023,NO2,47,120,75
India,Delhi,Delhi,"Pusa, Delhi - DPCC",21-05-2024 02:00:00,28.639652,77.146275,PM10,151,428,239
India,Delhi,Delhi,"Pusa, Delhi - DPCC",21-05-2024 02:00:00,28.639652,77.146275,NH3,6,9,7
India,Delhi,Delhi,"R K Puram, Delhi - DPCC",21-05-2024 02:00:00,28.563262,77.186937,NO2,31,217,111
India,Delhi,Delhi,"Rohini, Delhi - DPCC",21-05-2024 02:00:00,28.732528,77.119920,CO,16,108,55
India,Delhi,Delhi,"Shadipur, Delhi - CPCB",21-05-2024 02:00:00,28.6514781,77.1473105,PM2.5,213,491,346
India,Delhi,Delhi,"Shadipur, Delhi - CPCB",21-05-2024 02:00:00,28.6514781,77.1473105,CO,42,101,77
India,Delhi,Delhi,"Sirifort, Delhi - CPCB",21-05-2024 02:00:00,28.5504249,77.2159377,PM2.5,60,342,171
India,Delhi,Delhi,"Sirifort, Delhi - CPCB",21-05-2024 02:00:00,28.5504249,77.2159377,PM10,130,419,226
India,Delhi,Delhi,"Sonia Vihar, Delhi - DPCC",21-05-2024 02:00:00,28.710508,77.249485,PM2.5,50,393,176
India,Delhi,Delhi,"Sonia Vihar, Delhi - DPCC",21-05-2024 02:00:00,28.710508,77.249485,SO2,10,36,21
India,Delhi,Delhi,"Sri Aurobindo Marg, Delhi - DPCC",21-05-2024 02:00:00,28.531346,77.190156,PM2.5,49,260,103
India,Delhi,Delhi,"Sri Aurobindo Marg, Delhi - DPCC",21-05-2024 02:00:00,28.531346,77.190156,NH3,6,11,8
India,Delhi,Delhi,"Sri Aurobindo Marg, Delhi - DPCC",21-05-2024 02:00:00,28.531346,77.190156,OZONE,1,99,23
India,Delhi,Delhi,"Vivek Vihar, Delhi - DPCC",21-05-2024 02:00:00,28.672342,77.315260,PM2.5,56,339,190
India,Delhi,Delhi,"Vivek Vihar, Delhi - DPCC",21-05-2024 02:00:00,28.672342,77.315260,SO2,27,72,50
India,Delhi,Delhi,"Vivek Vihar, Delhi - DPCC",21-05-2024 02:00:00,28.672342,77.315260,OZONE,1,182,35
India,Delhi,Delhi,"Wazirpur, Delhi - DPCC",21-05-2024 02:00:00,28.699793,77.165453,SO2,12,54,31
India,Delhi,Delhi,"Wazirpur, Delhi - DPCC",21-05-2024 02:00:00,28.699793,77.165453,OZONE,1,152,39
India,Gujarat,Ahmedabad,"Chandkheda, Ahmedabad - IITM",21-05-2024 02:00:00,23.107969,72.574648,NH3,11,18,15
India,Gujarat,Ahmedabad,"Gyaspur, Ahmedabad - IITM",21-05-2024 02:00:00,22.977134,72.553024,SO2,20,27,24
India,Gujarat,Ahmedabad,"Maninagar, Ahmedabad - GPCB",21-05-2024 02:00:00,23.002657,72.591912,NO2,31,89,45
India,Gujarat,Ahmedabad,"Rakhial, Ahmedabad - IITM",21-05-2024 02:00:00,23.016834,72.625775,PM10,NA,NA,NA
India,Gujarat,Ahmedabad,"Rakhial, Ahmedabad - IITM",21-05-2024 02:00:00,23.016834,72.625775,OZONE,6,86,27
India,Gujarat,Ahmedabad,"SVPI Airport Hansol, Ahmedabad - IITM",21-05-2024 02:00:00,23.076793,72.627874,PM2.5,24,209,79
India,Gujarat,Ahmedabad,"SVPI Airport Hansol, Ahmedabad - IITM",21-05-2024 02:00:00,23.076793,72.627874,SO2,4,12,7
India,Gujarat,Ahmedabad,"Sardar Vallabhbhai Patel Stadium, Ahmedabad - IITM",21-05-2024 02:00:00,23.043070,72.562968,CO,15,47,33
India,Gujarat,Ankleshwar,"GIDC, Ankleshwar - GPCB",21-05-2024 02:00:00,21.613267,73.010555,SO2,3,39,19
India,Gujarat,Vapi,"Phase-1 GIDC, Vapi - GPCB",21-05-2024 02:00:00,20.362421,72.918013,SO2,44,46,45
India,Haryana,Ambala,"Patti Mehar, Ambala - HSPCB",21-05-2024 02:00:00,30.379589,76.778328,NO2,7,20,14
India,Haryana,Ambala,"Patti Mehar, Ambala - HSPCB",21-05-2024 02:00:00,30.379589,76.778328,NH3,5,12,9
India,Haryana,Bahadurgarh,"Arya Nagar, Bahadurgarh - HSPCB",21-05-2024 02:00:00,28.6701,76.9254,NO2,NA,NA,NA
India,Haryana,Bhiwani,"H.B. Colony, Bhiwani - HSPCB",21-05-2024 02:00:00,28.806223,76.141105,NH3,3,6,6
India,Haryana,Bhiwani,"H.B. Colony, Bhiwani - HSPCB",21-05-2024 02:00:00,28.806223,76.141105,CO,1,119,45
India,Haryana,Bhiwani,"H.B. Colony, Bhiwani - HSPCB",21-05-2024 02:00:00,28.806223,76.141105,OZONE,8,47,11
India,Haryana,Charkhi Dadri,"Mini Secretariat, Charkhi Dadri - HSPCB",21-05-2024 02:00:00,28.593883,76.270653,PM2.5,57,184,100
India,Haryana,Dharuhera,"Municipal Corporation Office, Dharuhera -  HSPCB",21-05-2024 02:00:00,28.206800,76.799700,OZONE,6,38,21
India,Haryana,Faridabad,"Sector 11, Faridabad - HSPCB",21-05-2024 02:00:00,28.376058,77.315741,NO2,30,33,31
India,Haryana,Faridabad,"Sector 11, Faridabad - HSPCB",21-05-2024 02:00:00,28.376058,77.315741,CO,32,110,81
India,Haryana,Faridabad,"Sector 30, Faridabad - HSPCB",21-05-2024 02:00:00,28.4417,77.3217,PM2.5,NA,NA,NA
India,Haryana,Faridabad,"Sector 30, Faridabad - HSPCB",21-05-2024 02:00:00,28.4417,77.3217,OZONE,57,61,59
India,Haryana,Faridabad,"Sector- 16A, Faridabad - HSPCB",21-05-2024 02:00:00,28.4088421,77.3099081,PM2.5,33,296,112
India,Haryana,Faridabad,"Sector- 16A, Faridabad - HSPCB",21-05-2024 02:00:00,28.4088421,77.3099081,SO2,3,26,17
India,Haryana,Fatehabad,"Huda Sector, Fatehabad - HSPCB",21-05-2024 02:00:00,29.503664,75.467934,PM2.5,NA,NA,NA
India,Haryana,Fatehabad,"Huda Sector, Fatehabad - HSPCB",21-05-2024 02:00:00,29.503664,75.467934,PM10,NA,NA,NA
India,Haryana,Fatehabad,"Huda Sector, Fatehabad - HSPCB",21-05-2024 02:00:00,29.503664,75.467934,SO2,NA,NA,NA
India,Haryana,Gurugram,"Sector-51, Gurugram - HSPCB",21-05-2024 02:00:00,28.4227,77.0667,PM2.5,3,438,228
India,Haryana,Gurugram,"Sector-51, Gurugram - HSPCB",21-05-2024 02:00:00,28.4227,77.0667,PM10,3,406,141
India,Haryana,Gurugram,"Sector-51, Gurugram - HSPCB",21-05-2024 02:00:00,28.4227,77.0667,CO,18,108,72
India,Haryana,Gurugram,"Teri Gram, Gurugram - HSPCB",21-05-2024 02:00:00,28.4275,77.1465,PM2.5,150,346,290
India,Haryana,Gurugram,"Teri Gram, Gurugram - HSPCB",21-05-2024 02:00:00,28.4275,77.1465,CO,6,37,24
India,Haryana,Gurugram,"Teri Gram, Gurugram - HSPCB",21-05-2024 02:00:00,28.4275,77.1465,OZONE,30,75,48
India,Haryana,Hisar,"Urban Estate-II, Hisar - HSPCB",21-05-2024 02:00:00,29.140560,75.744941,PM10,105,222,156
India,Haryana,Hisar,"Urban Estate-II, Hisar - HSPCB",21-05-2024 02:00:00,29.140560,75.744941,CO,25,50,34
India,Haryana,Kaithal,"Rishi Nagar, Kaithal - HSPCB",21-05-2024 02:00:00,29.8006,76.4155,PM10,143,198,169
India,Haryana,Karnal,"Sector-12, Karnal - HSPCB",21-05-2024 02:00:00,29.695300,77.002700,NH3,10,13,11
India,Haryana,Karnal,"Sector-12, Karnal - HSPCB",21-05-2024 02:00:00,29.695300,77.002700,OZONE,28,45,31
India,Haryana,Kurukshetra,"Sector-7, Kurukshetra - HSPCB",21-05-2024 02:00:00,29.966942,76.875879,CO,16,47,24
India,Haryana,Mandikhera,"General Hospital, Mandikhera - HSPCB",21-05-2024 02:00:00,27.9002,76.9938,NH3,16,19,18
India,Haryana,Mandikhera,"General Hospital, Mandikhera - HSPCB",21-05-2024 02:00:00,27.9002,76.9938,OZONE,25,31,27
India,Haryana,Narnaul,"Shastri Nagar, Narnaul - HSPCB",21-05-2024 02:00:00,28.060249,76.113115,OZONE,45,75,72
India,Haryana,Palwal,"Shyam Nagar, Palwal - HSPCB",21-05-2024 02:00:00,28.1485564,77.3320667,CO,20,38,32
India,Haryana,Panchkula,"Sector-6, Panchkula - HSPCB ",21-05-2024 02:00:00,30.7057778,76.8531805555555,OZONE,35,57,52
India,Haryana,Panipat,"Sector-18, Panipat - HSPCB",21-05-2024 02:00:00,29.432304,76.972765,OZONE,30,30,30
India,Haryana,Rohtak,"MD University, Rohtak - HSPCB",21-05-2024 02:00:00,28.52123,76.37138,CO,27,121,71
India,Haryana,Sirsa,"F-Block, Sirsa - HSPCB",21-05-2024 02:00:00,29.536400,75.015800,PM10,NA,NA,NA
India,Haryana,Sonipat,"Murthal, Sonipat - HSPCB",21-05-2024 02:00:00,29.027200,77.062100,NO2,NA,NA,NA
India,Haryana,Sonipat,"Murthal, Sonipat - HSPCB",21-05-2024 02:00:00,29.027200,77.062100,NH3,NA,NA,NA
India,Haryana,Yamuna Nagar,"Gobind Pura, Yamuna Nagar - HSPCB",21-05-2024 02:00:00,30.1480566,77.2893471,NO2,11,21,16
India,Himachal Pradesh,Baddi,"HIMUDA Complex Phase-1, Baddi - HPPCB",21-05-2024 02:00:00,30.943887,76.801991,PM2.5,37,390,116
India,Jammu_and_Kashmir,Srinagar,"Rajbagh, Srinagar - JKSPCB",21-05-2024 02:00:00,34.066206,74.819820,PM2.5,NA,NA,NA
India,Jharkhand,Dhanbad,"Kalakusuma, Dhanbad - DMC",21-05-2024 02:00:00,23.811548,86.481238,PM2.5,NA,NA,NA
India,Jharkhand,Dhanbad,"Sardar Patel Nagar, Dhanbad - JSPCB",21-05-2024 02:00:00,23.80569,86.44268,PM2.5,NA,NA,NA
India,Jharkhand,Jorapokhar,"Tata Stadium, Jorapokhar - JSPCB",21-05-2024 02:00:00,23.707909,86.414670,NO2,NA,NA,NA
India,Karnataka,Bagalkot,"Vidayagiri, Bagalkot - KSPCB",21-05-2024 02:00:00,16.172806,75.659694,PM2.5,25,37,36
India,Karnataka,Belgaum,"Ramteerth Nagar, Belgaum - KSPCB",21-05-2024 02:00:00,15.888653,74.541751,SO2,9,9,9
India,Karnataka,Belgaum,"Ramteerth Nagar, Belgaum - KSPCB",21-05-2024 02:00:00,15.888653,74.541751,OZONE,19,20,20
India,Karnataka,Bengaluru,"Bapuji Nagar, Bengaluru - KSPCB",21-05-2024 02:00:00,12.951913,77.539784,PM2.5,3,82,33
India,Karnataka,Bengaluru,"Hebbal, Bengaluru - KSPCB",21-05-2024 02:00:00,13.029152,77.585901,SO2,16,22,19
India,Karnataka,Bengaluru,"Hombegowda Nagar, Bengaluru - KSPCB",21-05-2024 02:00:00,12.938539,77.590100,NO2,9,25,19
India,Karnataka,Bengaluru,"Jayanagar 5th Block, Bengaluru - KSPCB",21-05-2024 02:00:00,12.920984,77.584908,NO2,17,24,20
India,Karnataka,Bengaluru,"Jayanagar 5th Block, Bengaluru - KSPCB",21-05-2024 02:00:00,12.920984,77.584908,NH3,2,3,2
India,Karnataka,Bengaluru,"Kasturi Nagar, Bengaluru - KSPCB",21-05-2024 02:00:00,13.003872,77.664217,OZONE,3,37,14
India,Karnataka,Bengaluru,"Peenya, Bengaluru - CPCB",21-05-2024 02:00:00,13.0270199,77.494094,PM2.5,NA,NA,NA
India,Karnataka,Bengaluru,"Sanegurava Halli, Bengaluru - KSPCB",21-05-2024 02:00:00,12.990328,77.5431385,CO,4,34,13
India,Karnataka,Bengaluru,"Shivapura_Peenya, Bengaluru - KSPCB",21-05-2024 02:00:00,13.0246342,77.5080115,NO2,15,16,16
India,Karnataka,Bengaluru,"Shivapura_Peenya, Bengaluru - KSPCB",21-05-2024 02:00:00,13.0246342,77.5080115,SO2,1,6,2
India,Karnataka,Bengaluru,"Shivapura_Peenya, Bengaluru - KSPCB",21-05-2024 02:00:00,13.0246342,77.5080115,CO,18,50,24
India,Karnataka,Bengaluru,"Silk Board, Bengaluru - KSPCB",21-05-2024 02:00:00,12.917348,77.622813,CO,10,15,11
India,Karnataka,Bidar,"Naubad, Bidar - KSPCB",21-05-2024 02:00:00,17.930306,77.482194,NH3,2,3,3
India,Karnataka,Bidar,"Naubad, Bidar - KSPCB",21-05-2024 02:00:00,17.930306,77.482194,OZONE,10,36,26
India,Karnataka,Chamarajanagar,"Urban, Chamarajanagar - KSPCB",21-05-2024 02:00:00,11.55358,76.55521,PM2.5,16,42,29
India,Karnataka,Chamarajanagar,"Urban, Chamarajanagar - KSPCB",21-05-2024 02:00:00,11.55358,76.55521,NH3,1,3,2
India,Karnataka,Chikkaballapur,"Chikkaballapur Rural, Chikkaballapur - KSPCB",21-05-2024 02:00:00,13.428828,77.731418,PM10,9,50,25
India,Karnataka,Chikkaballapur,"Chikkaballapur Rural, Chikkaballapur - KSPCB",21-05-2024 02:00:00,13.428828,77.731418,SO2,12,22,18
India,Karnataka,Chikkaballapur,"Chikkaballapur Rural, Chikkaballapur - KSPCB",21-05-2024 02:00:00,13.428828,77.731418,CO,12,38,23
India,Karnataka,Chikkamagaluru,"Kalyana Nagara, Chikkamagaluru - KSPCB",21-05-2024 02:00:00,13.328028,75.797056,PM10,25,353,58
India,Karnataka,Davanagere,"Devaraj Urs Badavane, Davanagere - KSPCB",21-05-2024 02:00:00,14.475800,75.905200,NH3,1,2,1
India,Karnataka,Gadag,"Panchal Nagar, Gadag - KSPCB",21-05-2024 02:00:00,15.411456,75.638133,PM2.5,2,30,12
India,Karnataka,Hassan,"B.Katihalli, Hassan - KSPCB",21-05-2024 02:00:00,13.008556,76.125258,PM10,NA,NA,NA
India,Karnataka,Hassan,"B.Katihalli, Hassan - KSPCB",21-05-2024 02:00:00,13.008556,76.125258,NH3,4,15,6
India,Karnataka,Haveri,"Ashwini Nagar, Haveri - KSPCB",21-05-2024 02:00:00,14.791800,75.389600,NO2,21,55,33
India,Karnataka,Haveri,"Ashwini Nagar, Haveri - KSPCB",21-05-2024 02:00:00,14.791800,75.389600,SO2,14,15,14
India,Karnataka,Hubballi,"Deshpande Nagar, Hubballi - KSPCB",21-05-2024 02:00:00,15.351773,75.140726,PM10,NA,NA,NA
India,Karnataka,Hubballi,"Deshpande Nagar, Hubballi - KSPCB",21-05-2024 02:00:00,15.351773,75.140726,OZONE,NA,NA,NA
India,Karnataka,Hubballi,"Lingaraj Nagar, Hubballi - KSPCB",21-05-2024 02:00:00,15.3714823,75.1160168,PM10,39,66,54
India,Karnataka,Kalaburagi,"Lal Bahadur Shastri Nagar, Kalaburagi - KSPCB",21-05-2024 02:00:00,17.321993,76.822628,NH3,2,2,2
India,Karnataka,Kalaburagi,"Lal Bahadur Shastri Nagar, Kalaburagi - KSPCB",21-05-2024 02:00:00,17.321993,76.822628,SO2,9,19,15
India,Karnataka,Karwar,"KHB Colony, Karwar - KSPCB",21-05-2024 02:00:00,14.816666,74.141003,SO2,NA,NA,NA
India,Karnataka,Kolar,"Tamaka Ind. Area, Kolar - KSPCB",21-05-2024 02:00:00,13.1276288,78.1570122,OZONE,18,34,22
India,Karnataka,Koppal,"Diwator Nagar, Koppal - KSPCB",21-05-2024 02:00:00,15.347630,76.181767,CO,57,58,58
India,Karnataka,Madikeri,"Stuart Hill, Madikeri - KSPCB",21-05-2024 02:00:00,12.415911,75.735050,OZONE,18,28,24
India,Karnataka,Mangalore,"Kadri, Mangalore - KSPCB",21-05-2024 02:00:00,12.889250,74.853000,NO2,5,6,6
India,Karnataka,Mangalore,"Kadri, Mangalore - KSPCB",21-05-2024 02:00:00,12.889250,74.853000,OZONE,30,33,32
India,Karnataka,Mysuru,"Hebbal 1st Stage, Mysuru - KSPCB",21-05-2024 02:00:00,12.21041,76.37376,SO2,1,4,2
India,Karnataka,Mysuru,"Hebbal 1st Stage, Mysuru - KSPCB",21-05-2024 02:00:00,12.21041,76.37376,CO,6,34,16
India,Karnataka,Mysuru,"Hebbal 1st Stage, Mysuru - KSPCB",21-05-2024 02:00:00,12.21041,76.37376,OZONE,5,40,25
India,Karnataka,Raichur,"Haji Colony, Raichur - KSPCB",21-05-2024 02:00:00,16.208139,77.348417,SO2,73,87,77
India,Karnataka,Ramanagara,"Vijay Nagar, Ramanagara - KSPCB",21-05-2024 02:00:00,12.733409,77.298051,SO2,40,51,44
India,Karnataka,Shivamogga,"Vinoba Nagara, Shivamogga - KSPCB",21-05-2024 02:00:00,13.940000,75.555917,CO,9,48,17
India,Karnataka,Tumakuru,"Thimmalapura, Tumakuru - KSPCB",21-05-2024 02:00:00,13.377516,77.099072,OZONE,10,27,14
India,Karnataka,Udupi,"Brahmagiri, Udupi - KSPCB",21-05-2024 02:00:00,13.34194444,74.74694444,NH3,NA,NA,NA
India,Karnataka,Yadgir,"Collector Office, Yadgir - KSPCB",21-05-2024 02:00:00,16.7602,77.1428,SO2,1,33,12
India,Kerala,Kannur,"Thavakkara, Kannur - Kerala PCB",21-05-2024 02:00:00,11.875000,75.373200,PM10,NA,NA,NA
India,Kerala,Kannur,"Thavakkara, Kannur - Kerala PCB",21-05-2024 02:00:00,11.875000,75.373200,NO2,NA,NA,NA
India,Kerala,Kannur,"Thavakkara, Kannur - Kerala PCB",21-05-2024 02:00:00,11.875000,75.373200,SO2,NA,NA,NA
India,Kerala,Kannur,"Thavakkara, Kannur - Kerala PCB",21-05-2024 02:00:00,11.875000,75.373200,CO,NA,NA,NA
India,Kerala,Kollam,"Polayathode, Kollam - Kerala PCB",21-05-2024 02:00:00,8.8787,76.6073,PM10,NA,NA,NA
India,Kerala,Kollam,"Polayathode, Kollam - Kerala PCB",21-05-2024 02:00:00,8.8787,76.6073,OZONE,NA,NA,NA
India,Kerala,Thiruvananthapuram,"Kariavattom, Thiruvananthapuram - Kerala PCB",21-05-2024 02:00:00,8.563700,76.886500,PM2.5,78,90,84
India,Kerala,Thiruvananthapuram,"Kariavattom, Thiruvananthapuram - Kerala PCB",21-05-2024 02:00:00,8.563700,76.886500,NO2,8,9,9
India,Kerala,Thiruvananthapuram,"Kariavattom, Thiruvananthapuram - Kerala PCB",21-05-2024 02:00:00,8.563700,76.886500,CO,14,18,16
India,Kerala,Thiruvananthapuram,"Plammoodu, Thiruvananthapuram - Kerala PCB",21-05-2024 02:00:00,8.5149093,76.9435879,CO,11,28,22
India,Kerala,Thrissur,"Corporation Ground, Thrissur - Kerala PCB",21-05-2024 02:00:00,10.532400,76.215900,PM10,60,68,63
India,Madhya Pradesh,Bhopal,"Idgah Hills, Bhopal - MPPCB",21-05-2024 02:00:00,23.264759,77.381568,PM2.5,NA,NA,NA
India,Madhya Pradesh,Bhopal,"Idgah Hills, Bhopal - MPPCB",21-05-2024 02:00:00,23.264759,77.381568,NO2,NA,NA,NA
India,Madhya Pradesh,Bhopal,"Idgah Hills, Bhopal - MPPCB",21-05-2024 02:00:00,23.264759,77.381568,CO,14,52,33
India,Madhya Pradesh,Bhopal,"Paryavaran Parisar, Bhopal - MPPCB",21-05-2024 02:00:00,23.210494,77.425409,PM10,49,169,79
India,Madhya Pradesh,Bhopal,"T T Nagar, Bhopal - MPPCB",21-05-2024 02:00:00,23.233584,77.400574,PM10,46,200,103
India,Madhya Pradesh,Bhopal,"T T Nagar, Bhopal - MPPCB",21-05-2024 02:00:00,23.233584,77.400574,SO2,10,29,18
India,Madhya Pradesh,Bhopal,"T T Nagar, Bhopal - MPPCB",21-05-2024 02:00:00,23.233584,77.400574,OZONE,44,99,81
India,Madhya Pradesh,Dewas,"Bhopal Chauraha, Dewas - MPPCB",21-05-2024 02:00:00,22.9682591,76.064118,PM10,44,108,65
India,Madhya Pradesh,Dewas,"Bhopal Chauraha, Dewas - MPPCB",21-05-2024 02:00:00,22.9682591,76.064118,SO2,16,33,25
India,Madhya Pradesh,Dewas,"Bhopal Chauraha, Dewas - MPPCB",21-05-2024 02:00:00,22.9682591,76.064118,CO,12,36,22
India,Madhya Pradesh,Dewas,"Bhopal Chauraha, Dewas - MPPCB",21-05-2024 02:00:00,22.9682591,76.064118,OZONE,11,61,48
India,Madhya Pradesh,Gwalior,"City Center, Gwalior - MPPCB",21-05-2024 02:00:00,26.203442,78.193251,PM10,71,158,106
India,Madhya Pradesh,Gwalior,"Deen Dayal Nagar, Gwalior - MPPCB",21-05-2024 02:00:00,26.259242,78.216432,PM2.5,NA,NA,NA
India,Madhya Pradesh,Gwalior,"Deen Dayal Nagar, Gwalior - MPPCB",21-05-2024 02:00:00,26.259242,78.216432,NO2,9,98,33
India,Madhya Pradesh,Gwalior,"Maharaj Bada, Gwalior - MPPCB",21-05-2024 02:00:00,26.200388,78.147714,NH3,2,13,6
India,Madhya Pradesh,Gwalior,"Phool Bagh, Gwalior - Mondelez Ind. Food",21-05-2024 02:00:00,26.210536,78.171,PM10,67,152,109
India,Madhya Pradesh,Indore,"Maguda Nagar, Indore - IMC",21-05-2024 02:00:00,22.7524,75.8872,NH3,1,2,1
India,Madhya Pradesh,Indore,"Regional Park, Indore - IMC",21-05-2024 02:00:00,22.6780,75.8559,PM2.5,NA,NA,NA
India,Madhya Pradesh,Jabalpur,"Govindh Bhavan Colony, Jabalpur - JMC",21-05-2024 02:00:00,23.163174,79.973061,PM2.5,NA,NA,NA
India,Madhya Pradesh,Jabalpur,"Govindh Bhavan Colony, Jabalpur - JMC",21-05-2024 02:00:00,23.163174,79.973061,CO,20,31,27
India,Madhya Pradesh,Jabalpur,"Gupteshwar, Jabalpur - JMC",21-05-2024 02:00:00,23.142888,79.916147,PM2.5,37,74,46
India,Madhya Pradesh,Jabalpur,"Marhatal, Jabalpur - MPPCB",21-05-2024 02:00:00,23.168606,79.932247,OZONE,53,82,61
India,Madhya Pradesh,Katni,"Gole Bazar, Katni - MPPCB",21-05-2024 02:00:00,23.50016,80.23284,PM10,42,130,77
India,Madhya Pradesh,Katni,"Gole Bazar, Katni - MPPCB",21-05-2024 02:00:00,23.50016,80.23284,SO2,17,106,34
India,Madhya Pradesh,Katni,"Gole Bazar, Katni - MPPCB",21-05-2024 02:00:00,23.50016,80.23284,OZONE,25,116,64
India,Madhya Pradesh,Maihar,"Sahilara, Maihar - KJS Cements",21-05-2024 02:00:00,24.2613009,80.7231783,CO,38,48,40
India,Madhya Pradesh,Mandideep,"Sector-D Industrial Area, Mandideep - MPPCB",21-05-2024 02:00:00,23.108440,77.511428,NH3,5,8,7
India,Madhya Pradesh,Pithampur,"Sector-2 Industrial Area, Pithampur - MPPCB",21-05-2024 02:00:00,22.624758,75.675238,PM2.5,31,142,54
India,Madhya Pradesh,Pithampur,"Sector-2 Industrial Area, Pithampur - MPPCB",21-05-2024 02:00:00,22.624758,75.675238,PM10,107,205,133
India,Madhya Pradesh,Pithampur,"Sector-2 Industrial Area, Pithampur - MPPCB",21-05-2024 02:00:00,22.624758,75.675238,NO2,13,29,18
India,Madhya Pradesh,Pithampur,"Sector-2 Industrial Area, Pithampur - MPPCB",21-05-2024 02:00:00,22.624758,75.675238,NH3,2,3,2
India,Madhya Pradesh,Pithampur,"Sector-2 Industrial Area, Pithampur - MPPCB",21-05-2024 02:00:00,22.624758,75.675238,SO2,12,15,13
India,Madhya Pradesh,Sagar,"Civil Lines, Sagar - MPPCB",21-05-2024 02:00:00,23.838586,78.759431,NH3,NA,NA,NA
India,Madhya Pradesh,Sagar,"Civil Lines, Sagar - MPPCB",21-05-2024 02:00:00,23.838586,78.759431,SO2,1,20,8
India,Madhya Pradesh,Sagar,"Civil Lines, Sagar - MPPCB",21-05-2024 02:00:00,23.838586,78.759431,CO,17,31,25
India,Madhya Pradesh,Sagar,"Deen Dayal Nagar, Sagar - MPPCB",21-05-2024 02:00:00,23.8640158,78.80289321,PM10,56,153,92
India,Madhya Pradesh,Satna,"Bandhavgar Colony, Satna - Birla Cement",21-05-2024 02:00:00,24.58434363,80.8549414,PM2.5,29,62,44
India,Madhya Pradesh,Satna,"Bandhavgar Colony, Satna - Birla Cement",21-05-2024 02:00:00,24.58434363,80.8549414,CO,43,120,96
India,Madhya Pradesh,Satna,"Bandhavgar Colony, Satna - Birla Cement",21-05-2024 02:00:00,24.58434363,80.8549414,OZONE,12,41,20
India,Madhya Pradesh,Singrauli,"Suryakiran Bhawan NCL, Singrauli - MPPCB",21-05-2024 02:00:00,24.108970,82.645580,NH3,3,10,4
India,Madhya Pradesh,Ujjain,"Mahakaleshwar Temple, Ujjain - MPPCB",21-05-2024 02:00:00,23.182719 ,75.768218 ,SO2,5,11,8
India,Madhya Pradesh,Ujjain,"Mahakaleshwar Temple, Ujjain - MPPCB",21-05-2024 02:00:00,23.182719 ,75.768218 ,CO,12,30,21
India,Maharashtra,Ahmednagar,"Tarakpur, Ahmednagar - MPCB",21-05-2024 02:00:00,19.10122,74.73339,NH3,2,7,5
India,Maharashtra,Akola,"Ramdaspeth, Akola - MPCB",21-05-2024 02:00:00,20.719516,77.000253,PM10,63,103,88
India,Maharashtra,Amravati,"Shri Shivaji Science College, Amaravati - MPCB",21-05-2024 02:00:00,20.939198,77.765701,SO2,1,6,3
India,Maharashtra,Aurangabad,"MIDC Chilkalthana, Aurangabad - MPCB",21-05-2024 02:00:00,19.875620,75.387310,NO2,5,42,19
India,Maharashtra,Aurangabad,"MIDC Chilkalthana, Aurangabad - MPCB",21-05-2024 02:00:00,19.875620,75.387310,NH3,5,6,5
India,Maharashtra,Aurangabad,"Rachnakar Colony, Aurangabad - MPCB",21-05-2024 02:00:00,19.863756,75.321188,PM10,113,222,146
India,Maharashtra,Belapur,"CBD Belapur, Belapur - MPCB",21-05-2024 02:00:00,19.0243902,73.0406721,PM10,53,102,74
India,Maharashtra,Bhiwandi,"Gokul Nagar, Bhiwandi - MPCB",21-05-2024 02:00:00,19.309073,73.057223,NO2,16,42,25
India,Maharashtra,Bhiwandi,"Gokul Nagar, Bhiwandi - MPCB",21-05-2024 02:00:00,19.309073,73.057223,NH3,3,4,4
India,Maharashtra,Bhiwandi,"Gokul Nagar, Bhiwandi - MPCB",21-05-2024 02:00:00,19.309073,73.057223,CO,18,49,26
India,Maharashtra,Boisar,"Khaira, Boisar - MPCB",21-05-2024 02:00:00,19.786089,72.757971,NO2,2,49,16
India,Maharashtra,Boisar,"Khaira, Boisar - MPCB",21-05-2024 02:00:00,19.786089,72.757971,SO2,4,28,17
India,Maharashtra,Chandrapur,"Chauhan Colony, Chandrapur - MPCB",21-05-2024 02:00:00,19.962900,79.298714,PM2.5,11,72,34
India,Maharashtra,Chandrapur,"Chauhan Colony, Chandrapur - MPCB",21-05-2024 02:00:00,19.962900,79.298714,CO,26,28,26
India,Maharashtra,Chandrapur,"Chauhan Colony, Chandrapur - MPCB",21-05-2024 02:00:00,19.962900,79.298714,OZONE,1,11,11
India,Maharashtra,Chandrapur,"MIDC Khutala, Chandrapur - MPCB",21-05-2024 02:00:00,19.9775302,79.2337086,SO2,8,76,19
India,Maharashtra,Dhule,"Deopur, Dhule - MPCB",21-05-2024 02:00:00,20.918946,74.776388,NH3,NA,NA,NA
India,Maharashtra,Jalgaon,"Prabhat Colony, Jalgaon - MPCB",21-05-2024 02:00:00,21.001264,75.565602,NH3,2,17,10
India,Maharashtra,Kalyan,"Khadakpada, Kalyan - MPCB",21-05-2024 02:00:00,19.25292,73.142019,PM2.5,17,36,24
India,Maharashtra,Kolhapur,"Shivaji University, Kolhapur - MPCB",21-05-2024 02:00:00,16.6870449,74.2505872,PM10,57,118,91
India,Maharashtra,Kolhapur,"Shivaji University, Kolhapur - MPCB",21-05-2024 02:00:00,16.6870449,74.2505872,NO2,14,37,23
India,Maharashtra,Kolhapur,"Shivaji University, Kolhapur - MPCB",21-05-2024 02:00:00,16.6870449,74.2505872,OZONE,18,90,38
India,Maharashtra,Latur,"Sawe Wadi, Latur - MPCB",21-05-2024 02:00:00,18.39963,76.57452,PM2.5,28,80,53
India,Maharashtra,Latur,"Sawe Wadi, Latur - MPCB",21-05-2024 02:00:00,18.39963,76.57452,SO2,1,9,3
India,Maharashtra,Mahad,"Kamble Tarf Birwadi, Mahad - MPCB",21-05-2024 02:00:00,18.1023399,73.4783687,NH3,NA,NA,NA
India,Maharashtra,Mahad,"Kamble Tarf Birwadi, Mahad - MPCB",21-05-2024 02:00:00,18.1023399,73.4783687,CO,NA,NA,NA
India,Maharashtra,Malegaon,"Mahesh Nagar, Malegaon - MPCB",21-05-2024 02:00:00,20.555712,74.529236,SO2,17,30,23
India,Maharashtra,Mira-Bhayandar,"Bhayandar West, Mira-Bhayandar - MPCB",21-05-2024 02:00:00,19.296481,72.840923,PM2.5,17,45,29
India,Maharashtra,Mira-Bhayandar,"Bhayandar West, Mira-Bhayandar - MPCB",21-05-2024 02:00:00,19.296481,72.840923,SO2,1,6,5
India,Maharashtra,Mumbai,"Bandra Kurla Complex, Mumbai - MPCB",21-05-2024 02:00:00,19.065931,72.862131,CO,30,45,37
India,Maharashtra,Mumbai,"Borivali East, Mumbai - IITM",21-05-2024 02:00:00,19.23241,72.86895,PM10,52,96,70
India,Maharashtra,Mumbai,"Borivali East, Mumbai - MPCB",21-05-2024 02:00:00,19.2243333,72.8658113,CO,34,38,37
India,Maharashtra,Mumbai,"Borivali East, Mumbai - MPCB",21-05-2024 02:00:00,19.2243333,72.8658113,OZONE,14,15,15
India,Maharashtra,Mumbai,"Chhatrapati Shivaji Intl. Airport (T2), Mumbai - MPCB",21-05-2024 02:00:00,19.10078,72.87462,NH3,1,4,1
India,Maharashtra,Mumbai,"Chhatrapati Shivaji Intl. Airport (T2), Mumbai - MPCB",21-05-2024 02:00:00,19.10078,72.87462,CO,26,37,33
India,Maharashtra,Mumbai,"Colaba, Mumbai - MPCB",21-05-2024 02:00:00,18.910000,72.820000,PM2.5,14,37,26
India,Maharashtra,Mumbai,"Colaba, Mumbai - MPCB",21-05-2024 02:00:00,18.910000,72.820000,CO,12,14,14
India,Maharashtra,Mumbai,"Deonar, Mumbai - IITM",21-05-2024 02:00:00,19.04946,72.9230,PM2.5,16,77,39
India,Maharashtra,Mumbai,"Ghatkopar, Mumbai - BMC",21-05-2024 02:00:00,19.083694,72.920967,PM2.5,5,35,16
India,Maharashtra,Mumbai,"Kurla, Mumbai - MPCB",21-05-2024 02:00:00,19.0863,72.8888,CO,4,18,10
India,Maharashtra,Mumbai,"Kurla, Mumbai - MPCB",21-05-2024 02:00:00,19.0863,72.8888,OZONE,28,30,28
India,Maharashtra,Mumbai,"Mulund West, Mumbai - MPCB",21-05-2024 02:00:00,19.1750,72.9419,OZONE,7,7,7
India,Maharashtra,Mumbai,"Powai, Mumbai - MPCB",21-05-2024 02:00:00,19.137500,72.915056,PM2.5,11,26,18
India,Maharashtra,Mumbai,"Powai, Mumbai - MPCB",21-05-2024 02:00:00,19.137500,72.915056,OZONE,24,63,38
India,Maharashtra,Mumbai,"Sewri, Mumbai - BMC",21-05-2024 02:00:00,19.000084,72.856730,PM10,NA,NA,NA
India,Maharashtra,Mumbai,"Sewri, Mumbai - BMC",21-05-2024 02:00:00,19.000084,72.856730,OZONE,17,47,24
India,Maharashtra,Mumbai,"Siddharth Nagar-Worli, Mumbai - IITM",21-05-2024 02:00:00,19.000083,72.813993,OZONE,32,60,39
India,Maharashtra,Mumbai,"Sion, Mumbai - MPCB",21-05-2024 02:00:00,19.047000,72.874600,NO2,NA,NA,NA
India,Maharashtra,Mumbai,"Sion, Mumbai - MPCB",21-05-2024 02:00:00,19.047000,72.874600,OZONE,2,84,14
India,Maharashtra,Mumbai,"Vile Parle West, Mumbai - MPCB",21-05-2024 02:00:00,19.10861,72.83622,PM2.5,NA,NA,NA
India,Maharashtra,Mumbai,"Vile Parle West, Mumbai - MPCB",21-05-2024 02:00:00,19.10861,72.83622,SO2,NA,NA,NA
India,Maharashtra,Mumbai,"Vile Parle West, Mumbai - MPCB",21-05-2024 02:00:00,19.10861,72.83622,OZONE,2,3,3
India,Maharashtra,Mumbai,"Worli, Mumbai - MPCB",21-05-2024 02:00:00,18.9936162,72.8128113,OZONE,5,10,8
India,Maharashtra,Nagpur,"Ambazari, Nagpur - MPCB",21-05-2024 02:00:00,21.121801,79.04952,PM10,49,119,77
India,Maharashtra,Nagpur,"Mahal, Nagpur - MPCB",21-05-2024 02:00:00,21.14472,79.107595,PM10,29,161,81
India,Maharashtra,Nagpur,"Mahal, Nagpur - MPCB",21-05-2024 02:00:00,21.14472,79.107595,NO2,8,50,17
India,Maharashtra,Nagpur,"Opp GPO Civil Lines, Nagpur - MPCB",21-05-2024 02:00:00,21.152875,79.0517531,NO2,16,134,46
India,Maharashtra,Nagpur,"Opp GPO Civil Lines, Nagpur - MPCB",21-05-2024 02:00:00,21.152875,79.0517531,SO2,7,22,12
India,Maharashtra,Nagpur,"Opp GPO Civil Lines, Nagpur - MPCB",21-05-2024 02:00:00,21.152875,79.0517531,OZONE,4,55,14
India,Maharashtra,Nanded,"Sneh Nagar, Nanded - MPCB",21-05-2024 02:00:00,19.173852,77.296291,SO2,2,5,4
India,Maharashtra,Nanded,"Sneh Nagar, Nanded - MPCB",21-05-2024 02:00:00,19.173852,77.296291,CO,39,64,55
India,Maharashtra,Nanded,"Sneh Nagar, Nanded - MPCB",21-05-2024 02:00:00,19.173852,77.296291,OZONE,29,152,76
India,Maharashtra,Nashik,"Gangapur Road, Nashik - MPCB",21-05-2024 02:00:00,20.0073285,73.7762427,PM2.5,51,72,63
India,Maharashtra,Nashik,"Gangapur Road, Nashik - MPCB",21-05-2024 02:00:00,20.0073285,73.7762427,PM10,65,92,80
India,Maharashtra,Nashik,"Gangapur Road, Nashik - MPCB",21-05-2024 02:00:00,20.0073285,73.7762427,NH3,1,2,1
India,Maharashtra,Nashik,"Gangapur Road, Nashik - MPCB",21-05-2024 02:00:00,20.0073285,73.7762427,OZONE,24,114,73
India,Maharashtra,Nashik,"Hirawadi, Nashik - MPCB",21-05-2024 02:00:00,20.021503,73.813844,NO2,11,45,17
India,Maharashtra,Nashik,"MIDC Ambad, Nashik - MPCB",21-05-2024 02:00:00,19.950220,73.731480,NO2,NA,NA,NA
India,Maharashtra,Nashik,"MIDC Ambad, Nashik - MPCB",21-05-2024 02:00:00,19.950220,73.731480,OZONE,44,100,83
India,Maharashtra,Nashik,"Pandav Nagari, Nashik - MPCB",21-05-2024 02:00:00,19.9591346,73.7788008,CO,12,56,55
India,Maharashtra,Navi Mumbai,"Kopripada-Vashi, Navi Mumbai - MPCB",21-05-2024 02:00:00,19.090337,73.014232,PM2.5,15,52,35
India,Maharashtra,Navi Mumbai,"Kopripada-Vashi, Navi Mumbai - MPCB",21-05-2024 02:00:00,19.090337,73.014232,OZONE,1,31,29
India,Maharashtra,Navi Mumbai,"Mahape, Navi Mumbai - MPCB",21-05-2024 02:00:00,19.1135051,73.008978,PM2.5,17,54,34
India,Maharashtra,Navi Mumbai,"Sanpada, Navi Mumbai - MPCB",21-05-2024 02:00:00,19.0575752,73.0151367,NO2,1,10,3
India,Maharashtra,Navi Mumbai,"Sanpada, Navi Mumbai - MPCB",21-05-2024 02:00:00,19.0575752,73.0151367,CO,8,86,66
India,Maharashtra,Navi Mumbai,"Sector-19A Nerul, Navi Mumbai - IITM",21-05-2024 02:00:00,19.044,73.0325,PM10,NA,NA,NA
India,Maharashtra,Navi Mumbai,"Tondare-Taloja, Navi Mumbai - MPCB",21-05-2024 02:00:00,19.0630,73.1209,PM10,43,88,75
India,Maharashtra,Parbhani,"Masoom Colony, Parbhani - MPCB",21-05-2024 02:00:00,19.265594,76.761463,PM2.5,48,81,61
India,Maharashtra,Parbhani,"Masoom Colony, Parbhani - MPCB",21-05-2024 02:00:00,19.265594,76.761463,NH3,4,8,6
India,Maharashtra,Parbhani,"Masoom Colony, Parbhani - MPCB",21-05-2024 02:00:00,19.265594,76.761463,CO,14,105,43
India,Maharashtra,Pimpri-Chinchwad,"Gavalinagar, Pimpri Chinchwad - MPCB",21-05-2024 02:00:00,18.63673,73.82487,NH3,1,4,2
India,Maharashtra,Pimpri-Chinchwad,"Gavalinagar, Pimpri Chinchwad - MPCB",21-05-2024 02:00:00,18.63673,73.82487,OZONE,16,173,48
India,Maharashtra,Pimpri-Chinchwad,"Park Street Wakad, Pimpri Chinchwad - MPCB",21-05-2024 02:00:00,18.59051,73.77946,PM10,82,124,101
India,Maharashtra,Pimpri-Chinchwad,"Park Street Wakad, Pimpri Chinchwad - MPCB",21-05-2024 02:00:00,18.59051,73.77946,NO2,17,65,39
India,Maharashtra,Pimpri-Chinchwad,"Park Street Wakad, Pimpri Chinchwad - MPCB",21-05-2024 02:00:00,18.59051,73.77946,OZONE,21,138,47
India,Maharashtra,Pune,"Bhosari, Pune - IITM",21-05-2024 02:00:00,18.640051,73.848956,OZONE,15,116,35
India,Maharashtra,Pune,"Karve Road, Pune - MPCB",21-05-2024 02:00:00,18.5011743,73.8165527,SO2,5,115,17
India,Maharashtra,Pune,"Karve Road, Pune - MPCB",21-05-2024 02:00:00,18.5011743,73.8165527,CO,16,195,58
India,Maharashtra,Pune,"Savitribai Phule Pune University, Pune - MPCB",21-05-2024 02:00:00,18.547056,73.826908,OZONE,20,193,79
India,Maharashtra,Pune,"Transport Nagar-Nigdi, Pune - IITM",21-05-2024 02:00:00,18.664282,73.763966,OZONE,12,84,29
India,Maharashtra,Sangli,"Vijay Nagar, Sangli - MPCB",21-05-2024 02:00:00, 16.5038,74.3623,NH3,2,4,3
India,Maharashtra,Sangli,"Vijay Nagar, Sangli - MPCB",21-05-2024 02:00:00, 16.5038,74.3623,CO,16,44,25
India,Maharashtra,Sangli,"Vijay Nagar, Sangli - MPCB",21-05-2024 02:00:00, 16.5038,74.3623,OZONE,35,96,59
India,Maharashtra,Solapur,"Ratandeep Housing Society, Solapur - MPCB",21-05-2024 02:00:00,17.65439,75.90649,PM10,46,86,66
India,Maharashtra,Thane,"Kasarvadavali, Thane - MPCB",21-05-2024 02:00:00,19.26777,72.97182,CO,1,21,4
India,Maharashtra,Thane,"Upvan Fort, Thane - MPCB",21-05-2024 02:00:00,19.222279,72.957979,PM2.5,NA,NA,NA
India,Maharashtra,Thane,"Upvan Fort, Thane - MPCB",21-05-2024 02:00:00,19.222279,72.957979,CO,5,24,15
India,Maharashtra,Ulhasnagar,"Sidhi Vinayak Nagar, Ulhasnagar - MPCB",21-05-2024 02:00:00,19.235581,73.159121,NO2,8,16,10
India,Meghalaya,Shillong,"Lumpyngngad, Shillong - Meghalaya PCB",21-05-2024 02:00:00,25.5586,91.8985,PM2.5,NA,NA,NA
India,Mizoram,Aizawl,"Sikulpuikawn, Aizawl - Mizoram PCB",21-05-2024 02:00:00,23.7176342,92.7192841,SO2,2,3,2
India,Nagaland,Kohima,"PWD Juction, Kohima - NPCB",21-05-2024 02:00:00,25.6635413,94.0989878,CO,5,20,17
India,Odisha,Balasore,"Kalidaspur, Balasore - OSPCB",21-05-2024 02:00:00,21.51161,86.89088,PM2.5,3,30,16
India,Odisha,Balasore,"Kalidaspur, Balasore - OSPCB",21-05-2024 02:00:00,21.51161,86.89088,SO2,14,19,15
India,Odisha,Balasore,"Kalidaspur, Balasore - OSPCB",21-05-2024 02:00:00,21.51161,86.89088,CO,23,88,62
India,Odisha,Barbil,"Forest Office, Barbil - OSPCB",21-05-2024 02:00:00,22.1166054,85.3945546,CO,14,46,27
India,Odisha,Baripada,"Meher Colony, Baripada - OSPCB",21-05-2024 02:00:00,21.941841,86.728318,NO2,1,11,5
India,Odisha,Baripada,"Meher Colony, Baripada - OSPCB",21-05-2024 02:00:00,21.941841,86.728318,CO,4,33,11
India,Odisha,Baripada,"Meher Colony, Baripada - OSPCB",21-05-2024 02:00:00,21.941841,86.728318,OZONE,19,123,73
India,Odisha,Bhubaneswar,"Lingraj Mandir, Bhubaneswar - OSPCB",21-05-2024 02:00:00,20.240790,85.836784,SO2,5,13,7
India,Odisha,Bhubaneswar,"Patia, Bhubaneswar - OSPCB",21-05-2024 02:00:00,20.34652,85.81630,PM10,12,37,25
India,Odisha,Bileipada,"Tata Township, Bileipada - OSPCB",21-05-2024 02:00:00,22.06156703,85.47409613,NH3,NA,NA,NA
India,Odisha,Bileipada,"Tata Township, Bileipada - OSPCB",21-05-2024 02:00:00,22.06156703,85.47409613,CO,12,40,16
India,Odisha,Brajrajnagar,"GM Office, Brajrajnagar - OSPCB",21-05-2024 02:00:00,21.8004996,83.8396977,CO,84,86,85
India,Odisha,Byasanagar,"Ferro Chrome Colony, Byasanagar - OSPCB",21-05-2024 02:00:00,20.94185,86.11510,NH3,1,3,2
India,Odisha,Byasanagar,"Ferro Chrome Colony, Byasanagar - OSPCB",21-05-2024 02:00:00,20.94185,86.11510,SO2,3,16,7
India,Odisha,Byasanagar,"Ferro Chrome Colony, Byasanagar - OSPCB",21-05-2024 02:00:00,20.94185,86.11510,CO,65,94,78
India,Odisha,Cuttack,"CDA Area, Cuttack - OSPCB",21-05-2024 02:00:00,20.48891     ,85.84768     ,CO,13,36,28
India,Odisha,Rourkela,"Raghunathpali, Rourkela - OSPCB",21-05-2024 02:00:00,22.220833,84.809444,NO2,16,67,31
India,Odisha,Rourkela,"Raghunathpali, Rourkela - OSPCB",21-05-2024 02:00:00,22.220833,84.809444,SO2,7,8,8
India,Odisha,Suakati,"OMC Colony, Suakati - OSPCB",21-05-2024 02:00:00,21.606865,85.510538,NO2,5,28,8
India,Odisha,Suakati,"OMC Colony, Suakati - OSPCB",21-05-2024 02:00:00,21.606865,85.510538,NH3,5,5,5
India,Odisha,Suakati,"OMC Colony, Suakati - OSPCB",21-05-2024 02:00:00,21.606865,85.510538,CO,19,22,20
India,Odisha,Talcher,"Talcher Coalfields,Talcher - OSPCB",21-05-2024 02:00:00,20.9360711,85.1707021,PM10,38,268,126
India,Odisha,Talcher,"Talcher Coalfields,Talcher - OSPCB",21-05-2024 02:00:00,20.9360711,85.1707021,OZONE,19,27,24
India,Odisha,Tensa,"Barsua Iron Ore Mines, Tensa - OSPCB",21-05-2024 02:00:00,21.869985,85.167016,SO2,3,25,10
India,Punjab,Amritsar,"Golden Temple, Amritsar - PPCB",21-05-2024 02:00:00,31.620000,74.876512,PM2.5,58,177,103
India,Punjab,Amritsar,"Golden Temple, Amritsar - PPCB",21-05-2024 02:00:00,31.620000,74.876512,SO2,2,112,32
India,Punjab,Amritsar,"Golden Temple, Amritsar - PPCB",21-05-2024 02:00:00,31.620000,74.876512,CO,6,177,36
India,Punjab,Khanna,"Kalal Majra, Khanna - PPCB",21-05-2024 02:00:00,30.736056 ,76.209694,PM10,75,341,136
India,Punjab,Ludhiana,"Punjab Agricultural University, Ludhiana - PPCB",21-05-2024 02:00:00,30.9028,75.8086,PM10,78,179,133
India,Punjab,Ludhiana,"Punjab Agricultural University, Ludhiana - PPCB",21-05-2024 02:00:00,30.9028,75.8086,NO2,23,32,29
India,Punjab,Ludhiana,"Punjab Agricultural University, Ludhiana - PPCB",21-05-2024 02:00:00,30.9028,75.8086,SO2,6,64,20
India,Punjab,Mandi Gobindgarh,"RIMT University, Mandi Gobindgarh - PPCB",21-05-2024 02:00:00,30.649961,76.331442,CO,16,44,23
India,Punjab,Patiala,"Model Town, Patiala - PPCB",21-05-2024 02:00:00,30.349388,76.366642,PM2.5,49,79,67
India,Punjab,Patiala,"Model Town, Patiala - PPCB",21-05-2024 02:00:00,30.349388,76.366642,OZONE,19,89,49
India,Rajasthan,Ajmer,"Civil Lines,  Ajmer - RSPCB",21-05-2024 02:00:00,26.470859,74.646594,SO2,4,53,20
India,Rajasthan,Alwar,"Moti Doongri, Alwar - RSPCB",21-05-2024 02:00:00,27.554793,76.611536,CO,26,49,40
India,Rajasthan,Baran,"Bamboliya, Baran - RSPCB",21-05-2024 02:00:00,25.106006,76.469948,PM2.5,7,68,33
India,Rajasthan,Barmer,"Railway Colony, Barmer - RSPCB",21-05-2024 02:00:00,25.747299,71.393989,SO2,1,25,3
India,Rajasthan,Bharatpur,"Krishna Nagar, Bharatpur - RSPCB",21-05-2024 02:00:00,27.215415,77.50873,PM10,90,271,155
India,Rajasthan,Bhilwara,"Pratap Nagar, Bhilwara - RSPCB",21-05-2024 02:00:00,25.339605,74.618883,PM10,47,136,73
India,Rajasthan,Bhiwadi,"RIICO Ind. Area III, Bhiwadi - RSPCB",21-05-2024 02:00:00,28.194909,76.862296,SO2,5,29,15
India,Rajasthan,Bhiwadi,"RIICO Ind. Area III, Bhiwadi - RSPCB",21-05-2024 02:00:00,28.194909,76.862296,OZONE,8,91,20
India,Rajasthan,Bhiwadi,"Vasundhara Nagar_UIT, Bhiwadi - RSPCB",21-05-2024 02:00:00,28.207266,76.829265,PM10,123,440,249
India,Rajasthan,Bhiwadi,"Vasundhara Nagar_UIT, Bhiwadi - RSPCB",21-05-2024 02:00:00,28.207266,76.829265,NO2,3,71,26
India,Rajasthan,Chittorgarh,"Shastri Nagar, Chittorgarh - RSPCB",21-05-2024 02:00:00,24.892047,74.623527,NO2,5,9,7
India,Rajasthan,Chittorgarh,"Shastri Nagar, Chittorgarh - RSPCB",21-05-2024 02:00:00,24.892047,74.623527,NH3,17,20,19
India,Rajasthan,Chittorgarh,"Shastri Nagar, Chittorgarh - RSPCB",21-05-2024 02:00:00,24.892047,74.623527,SO2,5,69,18
India,Rajasthan,Churu,"Subash Chowk, Churu - RSPCB",21-05-2024 02:00:00,28.296139,74.961696,OZONE,60,132,91
India,Rajasthan,Dholpur,"Raja Ganj, Dholpur - RSPCB",21-05-2024 02:00:00,26.699557,77.898881,OZONE,28,93,52
India,Rajasthan,Dungarpur,"Bhoiwada, Dungarpur - RSPCB",21-05-2024 02:00:00,23.837789,73.714926,PM2.5,28,73,44
India,Rajasthan,Dungarpur,"Bhoiwada, Dungarpur - RSPCB",21-05-2024 02:00:00,23.837789,73.714926,CO,1,88,34
India,Rajasthan,Hanumangarh,"Housing Board, Hanumangarh - RSPCB",21-05-2024 02:00:00,29.610750,74.283608,PM10,110,405,158
India,Rajasthan,Jaipur,"Adarsh Nagar, Jaipur - RSPCB",21-05-2024 02:00:00,26.902909,75.836858,NO2,26,120,46
India,Rajasthan,Jaipur,"RIICO Sitapura, Jaipur - RSPCB",21-05-2024 02:00:00,26.786682,75.827928,PM2.5,33,108,60
India,Rajasthan,Jaipur,"Shastri Nagar, Jaipur - RSPCB",21-05-2024 02:00:00,26.9502929,75.730943,NO2,23,143,48
India,Rajasthan,Jaisalmer,"Sadar Bazar, Jaisalmer - RSPCB",21-05-2024 02:00:00,26.912329,70.909168,NH3,2,23,9
India,Rajasthan,Jhalawar,"Rajlaxmi Nagar, Jhalawar - RSPCB",21-05-2024 02:00:00,24.588397,76.172782,PM2.5,18,209,63
India,Rajasthan,Jhalawar,"Rajlaxmi Nagar, Jhalawar - RSPCB",21-05-2024 02:00:00,24.588397,76.172782,NH3,1,3,2
India,Rajasthan,Jhalawar,"Rajlaxmi Nagar, Jhalawar - RSPCB",21-05-2024 02:00:00,24.588397,76.172782,CO,19,84,46
India,Rajasthan,Jhalawar,"Rajlaxmi Nagar, Jhalawar - RSPCB",21-05-2024 02:00:00,24.588397,76.172782,OZONE,21,106,48
India,Rajasthan,Jhunjhunu,"Indra Nagar, Jhunjhunu - RSPCB",21-05-2024 02:00:00,28.108988,75.386577,PM10,93,259,145
India,Rajasthan,Jhunjhunu,"Indra Nagar, Jhunjhunu - RSPCB",21-05-2024 02:00:00,28.108988,75.386577,NH3,14,28,21
India,Rajasthan,Jodhpur,"Collectorate, Jodhpur - RSPCB",21-05-2024 02:00:00,26.268249,73.0193853,NO2,24,27,25
India,Rajasthan,Jodhpur,"Collectorate, Jodhpur - RSPCB",21-05-2024 02:00:00,26.268249,73.0193853,SO2,1,18,11
India,Rajasthan,Jodhpur,"Digari Kalan, Jodhpur - RSPCB",21-05-2024 02:00:00,26.295810,73.082283,SO2,4,7,5
India,Rajasthan,Jodhpur,"Jhalamand, Jodhpur - RSPCB",21-05-2024 02:00:00,26.215415,73.070156,NH3,5,23,9
India,Rajasthan,Jodhpur,"Mandor, Jodhpur - RSPCB",21-05-2024 02:00:00,26.358805,73.047444,NO2,17,54,27
India,Rajasthan,Jodhpur,"Mandor, Jodhpur - RSPCB",21-05-2024 02:00:00,26.358805,73.047444,NH3,5,8,6
India,Rajasthan,Karauli,"Satyawati Vihar, Karauli - RSPCB",21-05-2024 02:00:00,26.506177,77.025989,PM2.5,NA,NA,NA
India,Rajasthan,Karauli,"Satyawati Vihar, Karauli - RSPCB",21-05-2024 02:00:00,26.506177,77.025989,OZONE,37,154,79
India,Rajasthan,Kota,"Dhanmandi, Kota - RSPCB",21-05-2024 02:00:00,25.164090,75.858137,CO,2,114,74
India,Rajasthan,Kota,"Nayapura, Kota - RSPCB",21-05-2024 02:00:00,25.196024,75.855668,NO2,14,120,48
India,Rajasthan,Kota,"Nayapura, Kota - RSPCB",21-05-2024 02:00:00,25.196024,75.855668,NH3,2,16,4
India,Rajasthan,Kota,"Nayapura, Kota - RSPCB",21-05-2024 02:00:00,25.196024,75.855668,CO,14,115,64
India,Rajasthan,Kota,"Shrinath Puram, Kota - RSPCB",21-05-2024 02:00:00,25.14389,75.821256,CO,18,82,38
India,Rajasthan,Kota,"Shrinath Puram, Kota - RSPCB",21-05-2024 02:00:00,25.14389,75.821256,OZONE,6,78,30
India,Rajasthan,Nagaur,"Karni Colony, Nagaur - RSPCB",21-05-2024 02:00:00,27.213494,73.734444,CO,15,44,23
India,Rajasthan,Pali,"Indira Colony Vistar, Pali - RSPCB",21-05-2024 02:00:00,25.771061, 73.340227,NH3,3,13,7
India,Rajasthan,Pali,"Indira Colony Vistar, Pali - RSPCB",21-05-2024 02:00:00,25.771061, 73.340227,SO2,4,12,8
India,Rajasthan,Pratapgarh,"Pragati Nagar, Pratapgarh - RSPCB",21-05-2024 02:00:00,24.041198,74.780702,NH3,4,8,6
India,Rajasthan,Rajsamand,"Dhoinda, Rajsamand - RSPCB",21-05-2024 02:00:00,25.036360,73.883502,PM2.5,NA,NA,NA
India,Rajasthan,Rajsamand,"Dhoinda, Rajsamand - RSPCB",21-05-2024 02:00:00,25.036360,73.883502,NO2,NA,NA,NA
India,Rajasthan,Rajsamand,"Dhoinda, Rajsamand - RSPCB",21-05-2024 02:00:00,25.036360,73.883502,CO,14,33,25
India,Rajasthan,Rajsamand,"Dhoinda, Rajsamand - RSPCB",21-05-2024 02:00:00,25.036360,73.883502,OZONE,17,90,33
India,Rajasthan,Sawai Madhopur,"Sahu Nagar, Sawai Madhopur - RSPCB",21-05-2024 02:00:00,26.031443,76.359327,NO2,6,47,18
India,Rajasthan,Sawai Madhopur,"Sahu Nagar, Sawai Madhopur - RSPCB",21-05-2024 02:00:00,26.031443,76.359327,CO,1,174,31
India,Rajasthan,Sikar,"Radhakishan Pura, Sikar - RSPCB",21-05-2024 02:00:00,27.608912,75.153302,NH3,2,11,7
India,Rajasthan,Sri Ganganagar,"Old City, Sri Ganganagar - RSPCB",21-05-2024 02:00:00,29.931624,73.864511,CO,6,104,60
India,Rajasthan,Tonk,"Shastri Nagar, Tonk - RSPCB",21-05-2024 02:00:00,26.159933,75.780517,SO2,4,11,7
India,Rajasthan,Udaipur,"Ashok Nagar, Udaipur - RSPCB",21-05-2024 02:00:00,24.5886166,73.6321397,NO2,38,152,85
India,Sikkim,Gangtok,"Zero Point GICI, Gangtok - SSPCB",21-05-2024 02:00:00,27.338530,88.614099,NH3,1,1,1
India,TamilNadu,Ariyalur,"Keelapalur, Ariyalur - TNPCB",21-05-2024 02:00:00,11.06825,79.07033,NO2,7,8,8
India,TamilNadu,Chennai,"Alandur Bus Depot, Chennai - CPCB",21-05-2024 02:00:00,12.9099161,80.1076538,PM10,23,23,23
India,TamilNadu,Chennai,"Alandur Bus Depot, Chennai - CPCB",21-05-2024 02:00:00,12.9099161,80.1076538,NH3,7,38,10
India,TamilNadu,Chennai,"Alandur Bus Depot, Chennai - CPCB",21-05-2024 02:00:00,12.9099161,80.1076538,SO2,3,14,5
India,TamilNadu,Chennai,"Arumbakkam, Chennai - TNPCB",21-05-2024 02:00:00,13.0664,80.2112 ,PM10,8,54,20
India,TamilNadu,Chennai,"Arumbakkam, Chennai - TNPCB",21-05-2024 02:00:00,13.0664,80.2112 ,SO2,1,14,7
India,TamilNadu,Chennai,"Kodungaiyur, Chennai - TNPCB",21-05-2024 02:00:00,13.1278,80.2642,NH3,3,5,4
India,TamilNadu,Chennai,"Manali, Chennai - CPCB",21-05-2024 02:00:00,13.164544,80.26285,PM2.5,3,103,24
India,TamilNadu,Chennai,"Manali, Chennai - CPCB",21-05-2024 02:00:00,13.164544,80.26285,PM10,1,110,26
India,TamilNadu,Chennai,"Manali, Chennai - CPCB",21-05-2024 02:00:00,13.164544,80.26285,NH3,4,5,4
India,TamilNadu,Chennai,"Perungudi, Chennai - TNPCB",21-05-2024 02:00:00,12.9533,80.2357,PM2.5,2,27,11
India,TamilNadu,Chennai,"Perungudi, Chennai - TNPCB",21-05-2024 02:00:00,12.9533,80.2357,PM10,4,62,23
India,TamilNadu,Chennai,"Perungudi, Chennai - TNPCB",21-05-2024 02:00:00,12.9533,80.2357,CO,15,32,21
India,TamilNadu,Chennai,"Royapuram, Chennai - TNPCB",21-05-2024 02:00:00,13.1036,80.2909,PM10,NA,NA,NA
India,TamilNadu,Chennai,"Royapuram, Chennai - TNPCB",21-05-2024 02:00:00,13.1036,80.2909,NO2,NA,NA,NA
India,TamilNadu,Chennai,"Velachery Res. Area, Chennai - CPCB",21-05-2024 02:00:00,13.0052189,80.2398125,PM10,11,62,30
India,TamilNadu,Chennai,"Velachery Res. Area, Chennai - CPCB",21-05-2024 02:00:00,13.0052189,80.2398125,CO,118,120,119
India,TamilNadu,Coimbatore,"PSG College of Arts and Science, Coimbatore - TNPCB",21-05-2024 02:00:00,11.0328,77.0349,OZONE,3,7,4
India,TamilNadu,Cuddalore,"Kudikadu, Cuddalore - TNPCB",21-05-2024 02:00:00,11.6829898,79.7532099,NO2,1,2,1
India,TamilNadu,Cuddalore,"Semmandalam, Cuddalore - TNPCB",21-05-2024 02:00:00,11.7637683,79.7499835,PM2.5,10,44,20
India,TamilNadu,Cuddalore,"Semmandalam, Cuddalore - TNPCB",21-05-2024 02:00:00,11.7637683,79.7499835,NH3,1,3,2
India,TamilNadu,Cuddalore,"Semmandalam, Cuddalore - TNPCB",21-05-2024 02:00:00,11.7637683,79.7499835,OZONE,2,4,2
India,TamilNadu,Gummidipoondi,"Anthoni Pillai Nagar, Gummidipoondi - TNPCB",21-05-2024 02:00:00,13.4127,80.1081,SO2,1,97,18
India,TamilNadu,Palkalaiperur,"Bharathidasan University, Palkalaiperur - TNPCB",21-05-2024 02:00:00,10.681158,78.741746,PM10,NA,NA,NA
India,TamilNadu,Ramanathapuram,"Chalai Bazaar, Ramanathapuram - TNPCB",21-05-2024 02:00:00,9.36399,78.831977,PM2.5,1,13,9
India,TamilNadu,Ramanathapuram,"Chalai Bazaar, Ramanathapuram - TNPCB",21-05-2024 02:00:00,9.36399,78.831977,CO,6,17,11
India,TamilNadu,Salem,"Sona College of Technology, Salem - TNPCB",21-05-2024 02:00:00,11.679111,78.125052,PM2.5,4,43,26
India,TamilNadu,Salem,"Sona College of Technology, Salem - TNPCB",21-05-2024 02:00:00,11.679111,78.125052,NH3,1,1,1
India,TamilNadu,Salem,"Sona College of Technology, Salem - TNPCB",21-05-2024 02:00:00,11.679111,78.125052,CO,42,42,42
India,TamilNadu,Thoothukudi,"Meelavittan, Thoothukudi - TNPCB",21-05-2024 02:00:00,8.816428 ,78.099039,OZONE,1,6,3
India,TamilNadu,Vellore,"Vasanthapuram, Vellore - TNPCB",21-05-2024 02:00:00,12.909494,79.131861,SO2,NA,NA,NA
India,TamilNadu,Vellore,"Vasanthapuram, Vellore - TNPCB",21-05-2024 02:00:00,12.909494,79.131861,OZONE,NA,NA,NA
India,Telangana,Hyderabad,"Bollaram Industrial Area, Hyderabad - TSPCB",21-05-2024 02:00:00,17.540891,78.358528,SO2,4,23,14
India,Telangana,Hyderabad,"Central University, Hyderabad - TSPCB",21-05-2024 02:00:00,17.460103,78.334361,NH3,2,6,4
India,Telangana,Hyderabad,"Central University, Hyderabad - TSPCB",21-05-2024 02:00:00,17.460103,78.334361,SO2,4,10,6
India,Telangana,Hyderabad,"ECIL Kapra, Hyderabad - TSPCB",21-05-2024 02:00:00,17.470431,78.566959,PM2.5,NA,NA,NA
India,Telangana,Hyderabad,"ICRISAT Patancheru, Hyderabad - TSPCB",21-05-2024 02:00:00,17.518400,78.278777,PM10,8,81,26
India,Telangana,Hyderabad,"ICRISAT Patancheru, Hyderabad - TSPCB",21-05-2024 02:00:00,17.518400,78.278777,NH3,2,2,2
India,Telangana,Hyderabad,"IITH Kandi, Hyderabad - TSPCB",21-05-2024 02:00:00,17.585705,78.126199,NO2,NA,NA,NA
India,Telangana,Hyderabad,"Kokapet, Hyderabad - TSPCB",21-05-2024 02:00:00,17.393559,78.339194,SO2,NA,NA,NA
India,Telangana,Hyderabad,"Nacharam_TSIIC IALA, Hyderabad - TSPCB",21-05-2024 02:00:00,17.429398,78.569354,SO2,NA,NA,NA
India,Telangana,Hyderabad,"New Malakpet, Hyderabad - TSPCB",21-05-2024 02:00:00,17.37206,78.50864,PM2.5,32,84,54
India,Telangana,Hyderabad,"New Malakpet, Hyderabad - TSPCB",21-05-2024 02:00:00,17.37206,78.50864,NO2,13,33,19
India,Telangana,Hyderabad,"New Malakpet, Hyderabad - TSPCB",21-05-2024 02:00:00,17.37206,78.50864,SO2,13,34,20
India,Telangana,Hyderabad,"New Malakpet, Hyderabad - TSPCB",21-05-2024 02:00:00,17.37206,78.50864,CO,14,58,30
India,Telangana,Hyderabad,"Ramachandrapuram, Hyderabad - TSPCB",21-05-2024 02:00:00,17.528544,78.286195,NH3,NA,NA,NA
India,Telangana,Hyderabad,"Sanathnagar, Hyderabad - TSPCB",21-05-2024 02:00:00,17.4559458,78.4332152,PM2.5,13,500,74
India,Telangana,Hyderabad,"Somajiguda, Hyderabad - TSPCB",21-05-2024 02:00:00,17.417094,78.457437,NO2,17,52,33
India,Telangana,Hyderabad,"Zoo Park, Hyderabad - TSPCB",21-05-2024 02:00:00,17.349694,78.451437,NH3,1,2,1
India,Uttar_Pradesh,Agra,"Manoharpur, Agra - UPPCB",21-05-2024 02:00:00,27.23711,78.01936,OZONE,3,45,16
India,Uttar_Pradesh,Agra,"Rohta, Agra - UPPCB",21-05-2024 02:00:00,27.106972,78.000111,NH3,4,4,4
India,Uttar_Pradesh,Agra,"Rohta, Agra - UPPCB",21-05-2024 02:00:00,27.106972,78.000111,OZONE,16,18,16
India,Uttar_Pradesh,Agra,"Sanjay Palace, Agra - UPPCB",21-05-2024 02:00:00,27.19865833,78.00598056,SO2,NA,NA,NA
India,Uttar_Pradesh,Agra,"Sector-3B Avas Vikas Colony, Agra - UPPCB",21-05-2024 02:00:00,27.19412,77.96237,PM10,58,132,91
India,Uttar_Pradesh,Agra,"Shahjahan Garden, Agra - UPPCB",21-05-2024 02:00:00,27.169338,78.03582,NH3,1,1,1
India,Uttar_Pradesh,Agra,"Shahjahan Garden, Agra - UPPCB",21-05-2024 02:00:00,27.169338,78.03582,CO,14,41,30
India,Uttar_Pradesh,Baghpat,"Sardar Patel Inter College, Baghpat - UPPCB",21-05-2024 02:00:00,28.964949,77.278761,NO2,22,39,30
India,Uttar_Pradesh,Baghpat,"Sardar Patel Inter College, Baghpat - UPPCB",21-05-2024 02:00:00,28.964949,77.278761,SO2,25,79,50
India,Uttar_Pradesh,Baghpat,"Sardar Patel Inter College, Baghpat - UPPCB",21-05-2024 02:00:00,28.964949,77.278761,OZONE,13,97,49
India,Uttar_Pradesh,Bareilly,"Civil Lines, Bareilly - UPPCB",21-05-2024 02:00:00,28.359581,79.414455,OZONE,2,17,8
India,Uttar_Pradesh,Bareilly,"Rajendra Nagar, Bareilly - UPPCB",21-05-2024 02:00:00,28.38910936,79.42963708,NH3,1,1,1
India,Uttar_Pradesh,Bulandshahr,"Yamunapuram, Bulandshahr - UPPCB",21-05-2024 02:00:00,28.406963,77.849831,NO2,14,85,32
India,Uttar_Pradesh,Firozabad,"Nagla Bhau, Firozabad - UPPCB",21-05-2024 02:00:00,27.168897,78.376960,PM2.5,22,72,43
India,Uttar_Pradesh,Firozabad,"Nagla Bhau, Firozabad - UPPCB",21-05-2024 02:00:00,27.168897,78.376960,NH3,2,2,2
India,Uttar_Pradesh,Firozabad,"Nagla Bhau, Firozabad - UPPCB",21-05-2024 02:00:00,27.168897,78.376960,SO2,19,25,20
India,Uttar_Pradesh,Firozabad,"Vibhab Nagar, Firozabad - UPPCB",21-05-2024 02:00:00,27.1594,78.3953,PM10,99,180,121
India,Uttar_Pradesh,Firozabad,"Vibhab Nagar, Firozabad - UPPCB",21-05-2024 02:00:00,27.1594,78.3953,NO2,8,14,14
India,Uttar_Pradesh,Firozabad,"Vibhab Nagar, Firozabad - UPPCB",21-05-2024 02:00:00,27.1594,78.3953,NH3,1,2,2
India,Uttar_Pradesh,Ghaziabad,"Indirapuram, Ghaziabad - UPPCB",21-05-2024 02:00:00,28.646233,77.358075,PM2.5,53,237,141
India,Uttar_Pradesh,Ghaziabad,"Indirapuram, Ghaziabad - UPPCB",21-05-2024 02:00:00,28.646233,77.358075,NH3,9,14,11
India,Uttar_Pradesh,Gorakhpur,"Madan Mohan Malaviya University of Technology, Gorakhpur - UPPCB",21-05-2024 02:00:00,26.730136,83.433859,SO2,22,24,23
India,Uttar_Pradesh,Greater Noida,"Knowledge Park - III, Greater Noida - UPPCB",21-05-2024 02:00:00,28.47272,77.482000,NH3,1,12,5
India,Uttar_Pradesh,Greater Noida,"Knowledge Park - III, Greater Noida - UPPCB",21-05-2024 02:00:00,28.47272,77.482000,SO2,6,46,25
India,Uttar_Pradesh,Greater Noida,"Knowledge Park - III, Greater Noida - UPPCB",21-05-2024 02:00:00,28.47272,77.482000,CO,36,123,102
India,Uttar_Pradesh,Greater Noida,"Knowledge Park - V, Greater Noida - UPPCB",21-05-2024 02:00:00,28.557054,77.453663,CO,8,117,76
India,Uttar_Pradesh,Hapur,"Anand Vihar, Hapur - UPPCB",21-05-2024 02:00:00,28.725645,77.749675,PM2.5,31,91,69
India,Uttar_Pradesh,Hapur,"Anand Vihar, Hapur - UPPCB",21-05-2024 02:00:00,28.725645,77.749675,NO2,6,25,11
India,Uttar_Pradesh,Hapur,"Anand Vihar, Hapur - UPPCB",21-05-2024 02:00:00,28.725645,77.749675,NH3,2,11,7
India,Uttar_Pradesh,Jhansi,"Shivaji Nagar, Jhansi - UPPCB",21-05-2024 02:00:00,25.4547,78.6039,NO2,1,38,8
India,Uttar_Pradesh,Jhansi,"Shivaji Nagar, Jhansi - UPPCB",21-05-2024 02:00:00,25.4547,78.6039,SO2,15,21,17
India,Uttar_Pradesh,Jhansi,"Shivaji Nagar, Jhansi - UPPCB",21-05-2024 02:00:00,25.4547,78.6039,OZONE,4,44,22
India,Uttar_Pradesh,Kanpur,"FTI Kidwai Nagar, Kanpur - UPPCB",21-05-2024 02:00:00,26.428282,80.327067,NH3,2,3,2
India,Uttar_Pradesh,Kanpur,"NSI Kalyanpur, Kanpur - UPPCB",21-05-2024 02:00:00,26.509954,80.249612,PM2.5,22,308,134
India,Uttar_Pradesh,Kanpur,"Nehru Nagar, Kanpur - UPPCB",21-05-2024 02:00:00,26.4703136,80.3229863,PM10,29,94,54
India,Uttar_Pradesh,Kanpur,"Nehru Nagar, Kanpur - UPPCB",21-05-2024 02:00:00,26.4703136,80.3229863,SO2,1,14,5
India,Uttar_Pradesh,Khurja,"Kalindi Kunj, Khurja - UPPCB",21-05-2024 02:00:00,28.2348927,77.8683002,PM10,45,126,80
India,Uttar_Pradesh,Lucknow,"B R Ambedkar University, Lucknow - UPPCB",21-05-2024 02:00:00,26.766433,80.927299,NH3,5,9,8
India,Uttar_Pradesh,Lucknow,"Gomti Nagar, Lucknow - UPPCB",21-05-2024 02:00:00,26.868120,81.005119,PM2.5,68,420,117
India,Uttar_Pradesh,Lucknow,"Gomti Nagar, Lucknow - UPPCB",21-05-2024 02:00:00,26.868120,81.005119,PM10,79,418,121
India,Uttar_Pradesh,Lucknow,"Lalbagh, Lucknow - CPCB",21-05-2024 02:00:00,26.8458805,80.9365541,NH3,18,19,19
India,Uttar_Pradesh,Lucknow,"Lalbagh, Lucknow - CPCB",21-05-2024 02:00:00,26.8458805,80.9365541,CO,59,105,75
India,Uttar_Pradesh,Lucknow,"Talkatora District Industries Center, Lucknow - CPCB",21-05-2024 02:00:00,26.83399722,80.8917361,NH3,8,15,11
India,Uttar_Pradesh,Lucknow,"Talkatora District Industries Center, Lucknow - CPCB",21-05-2024 02:00:00,26.83399722,80.8917361,OZONE,2,80,14
India,Uttar_Pradesh,Meerut,"Jai Bhim Nagar, Meerut - UPPCB",21-05-2024 02:00:00,28.9535882,77.7622941,SO2,6,11,8
India,Uttar_Pradesh,Meerut,"Pallavpuram Phase 2, Meerut - UPPCB",21-05-2024 02:00:00,29.063510,77.709723,NO2,14,82,27
India,Uttar_Pradesh,Moradabad,"Buddhi Vihar, Moradabad - UPPCB",21-05-2024 02:00:00,28.83526,78.74460,NO2,21,23,22
India,Uttar_Pradesh,Moradabad,"Jigar Colony, Moradabad - UPPCB",21-05-2024 02:00:00,28.856664,78.772638,SO2,17,20,19
India,Uttar_Pradesh,Moradabad,"Jigar Colony, Moradabad - UPPCB",21-05-2024 02:00:00,28.856664,78.772638,OZONE,13,46,20
India,Uttar_Pradesh,Moradabad,"Kashiram Nagar, Moradabad - UPPCB",21-05-2024 02:00:00,28.849399,78.742362,NH3,4,4,4
India,Uttar_Pradesh,Moradabad,"Kashiram Nagar, Moradabad - UPPCB",21-05-2024 02:00:00,28.849399,78.742362,CO,26,50,35
India,Uttar_Pradesh,Moradabad,"Transport Nagar, Moradabad - UPPCB",21-05-2024 02:00:00,28.802625,78.753728,PM2.5,32,83,51
India,Uttar_Pradesh,Muzaffarnagar,"New Mandi, Muzaffarnagar - UPPCB",21-05-2024 02:00:00,29.4723508,77.7194031,PM10,144,422,205
India,Uttar_Pradesh,Noida,"Sector - 125, Noida - UPPCB",21-05-2024 02:00:00,28.5447608,77.3231257,CO,6,116,64
India,Uttar_Pradesh,Noida,"Sector-116, Noida - UPPCB",21-05-2024 02:00:00,28.569230,77.393848,CO,14,104,69
India,Uttar_Pradesh,Prayagraj,"Jhunsi, Prayagraj - UPPCB",21-05-2024 02:00:00,25.425602,81.917152,PM10,49,122,80
India,Uttar_Pradesh,Prayagraj,"Motilal Nehru NIT, Prayagraj - UPPCB",21-05-2024 02:00:00,25.494,81.863,PM10,39,261,74
India,Uttar_Pradesh,Prayagraj,"Motilal Nehru NIT, Prayagraj - UPPCB",21-05-2024 02:00:00,25.494,81.863,CO,4,30,13
India,Uttar_Pradesh,Varanasi,"Ardhali Bazar, Varanasi - UPPCB",21-05-2024 02:00:00,25.3505986,82.9083074,PM10,20,62,37
India,Uttar_Pradesh,Varanasi,"IESD Banaras Hindu University, Varanasi - UPPCB",21-05-2024 02:00:00,25.262326,82.995408,SO2,18,20,19
India,Uttar_Pradesh,Varanasi,"IESD Banaras Hindu University, Varanasi - UPPCB",21-05-2024 02:00:00,25.262326,82.995408,CO,4,13,6
India,Uttar_Pradesh,Varanasi,"Maldahiya, Varanasi - UPPCB",21-05-2024 02:00:00,25.32393,82.99687,NH3,1,1,1
India,Uttar_Pradesh,Varanasi,"Maldahiya, Varanasi - UPPCB",21-05-2024 02:00:00,25.32393,82.99687,SO2,24,25,24
India,Uttar_Pradesh,Varanasi,"Maldahiya, Varanasi - UPPCB",21-05-2024 02:00:00,25.32393,82.99687,OZONE,4,22,13
India,Uttar_Pradesh,Vrindavan,"Omex Eternity, Vrindavan - UPPCB",21-05-2024 02:00:00,27.5714090,77.6557570,NO2,2,11,3
India,Uttarakhand,Dehradun,"Doon University, Dehradun - UKPCB",21-05-2024 02:00:00,30.269444,78.044167,PM10,46,212,99
India,Uttarakhand,Dehradun,"Doon University, Dehradun - UKPCB",21-05-2024 02:00:00,30.269444,78.044167,NO2,1,7,3
India,Uttarakhand,Dehradun,"Doon University, Dehradun - UKPCB",21-05-2024 02:00:00,30.269444,78.044167,CO,27,45,34
India,Uttarakhand,Kashipur,"Govt. Girls Inter College, Kashipur - UKPCB",21-05-2024 02:00:00,29.2124114,78.9611753,PM10,63,132,101
India,Uttarakhand,Kashipur,"Govt. Girls Inter College, Kashipur - UKPCB",21-05-2024 02:00:00,29.2124114,78.9611753,SO2,7,10,9
India,Uttarakhand,Kashipur,"Govt. Girls Inter College, Kashipur - UKPCB",21-05-2024 02:00:00,29.2124114,78.9611753,OZONE,48,111,81
India,Uttarakhand,Rishikesh,"Shivaji Nagar, Rishikesh - UKPCB",21-05-2024 02:00:00,30.075911,78.2859547,PM2.5,21,89,55
India,West_Bengal,Asansol,"Asansol Court Area, Asansol - WBPCB",21-05-2024 02:00:00,23.685297,86.945968,PM2.5,65,134,94
India,West_Bengal,Asansol,"Asansol Court Area, Asansol - WBPCB",21-05-2024 02:00:00,23.685297,86.945968,NH3,10,13,11
India,West_Bengal,Barrackpore,"SVSPA Campus, Barrackpore - WBPCB",21-05-2024 02:00:00,22.7605581,88.3617589,NO2,4,17,9
India,West_Bengal,Durgapur,"PCBL Residential Complex, Durgapur - WBPCB",21-05-2024 02:00:00,23.5087640,87.3544400,OZONE,5,63,34
India,West_Bengal,Durgapur,"Sidhu Kanhu Indoor Stadium, Durgapur - WBPCB",21-05-2024 02:00:00,23.5404352,87.2892225,NO2,18,34,23
India,West_Bengal,Durgapur,"Sidhu Kanhu Indoor Stadium, Durgapur - WBPCB",21-05-2024 02:00:00,23.5404352,87.2892225,OZONE,5,58,21
India,West_Bengal,Haldia,"Priyambada Housing Estate, Haldia - WBPCB",21-05-2024 02:00:00,22.06047,88.109737,PM10,6,50,25
India,West_Bengal,Howrah,"Belur Math, Howrah - WBPCB",21-05-2024 02:00:00,22.629801,88.352017,NO2,2,9,5
India,West_Bengal,Howrah,"Ghusuri, Howrah - WBPCB",21-05-2024 02:00:00,22.611968,88.347422,PM2.5,13,36,26
India,West_Bengal,Howrah,"Padmapukur, Howrah - WBPCB",21-05-2024 02:00:00,22.5687319,88.2797276,PM10,40,59,46
India,West_Bengal,Kolkata,"Ballygunge, Kolkata - WBPCB",21-05-2024 02:00:00,22.5367507,88.3638022,SO2,4,14,8
India,West_Bengal,Kolkata,"Ballygunge, Kolkata - WBPCB",21-05-2024 02:00:00,22.5367507,88.3638022,CO,6,28,22
India,West_Bengal,Kolkata,"Bidhannagar, Kolkata - WBPCB",21-05-2024 02:00:00,22.58157048,88.41002457,NH3,8,8,8
India,West_Bengal,Kolkata,"Bidhannagar, Kolkata - WBPCB",21-05-2024 02:00:00,22.58157048,88.41002457,CO,16,28,23
India,West_Bengal,Kolkata,"Fort William, Kolkata - WBPCB",21-05-2024 02:00:00,22.556640,88.342674,NH3,2,6,4
India,West_Bengal,Kolkata,"Jadavpur, Kolkata - WBPCB",21-05-2024 02:00:00,22.49929,88.36917,PM10,11,27,20
India,West_Bengal,Kolkata,"Jadavpur, Kolkata - WBPCB",21-05-2024 02:00:00,22.49929,88.36917,NH3,27,35,32
India,West_Bengal,Kolkata,"Rabindra Bharati University, Kolkata - WBPCB",21-05-2024 02:00:00,22.627847,88.380669,PM10,19,40,28
India,West_Bengal,Kolkata,"Rabindra Sarobar, Kolkata - WBPCB",21-05-2024 02:00:00,22.51106,88.35142,PM10,25,52,32
India,West_Bengal,Kolkata,"Rabindra Sarobar, Kolkata - WBPCB",21-05-2024 02:00:00,22.51106,88.35142,NO2,17,37,24
India,West_Bengal,Kolkata,"Victoria, Kolkata - WBPCB",21-05-2024 02:00:00,22.5448082,88.3403691,NO2,21,23,22
India,West_Bengal,Siliguri,"Ward-32 Bapupara, Siliguri - WBPCB",21-05-2024 02:00:00,26.6879226,88.4152495,PM10,41,86,55
India,West_Bengal,Siliguri,"Ward-32 Bapupara, Siliguri - WBPCB",21-05-2024 02:00:00,26.6879226,88.4152495,CO,12,62,34
India,Andhra_Pradesh,Amaravati,"Secretariat, Amaravati - APPCB",21-05-2024 02:00:00,16.5150833,80.5181667,NH3,3,4,4
India,Andhra_Pradesh,Amaravati,"Secretariat, Amaravati - APPCB",21-05-2024 02:00:00,16.5150833,80.5181667,SO2,5,15,11
India,Andhra_Pradesh,Anantapur,"Gulzarpet, Anantapur - APPCB",21-05-2024 02:00:00,14.675886,77.593027,NH3,4,4,4
India,Andhra_Pradesh,Anantapur,"Gulzarpet, Anantapur - APPCB",21-05-2024 02:00:00,14.675886,77.593027,CO,19,54,38
India,Andhra_Pradesh,Kadapa,"Yerramukkapalli, Kadapa - APPCB",21-05-2024 02:00:00,14.465052,78.824187,PM2.5,NA,NA,NA
India,Andhra_Pradesh,Rajamahendravaram,"Anand Kala Kshetram, Rajamahendravaram - APPCB",21-05-2024 02:00:00,16.9872867,81.7363176,NH3,2,4,3
India,Andhra_Pradesh,Tirupati,"Tirumala, Tirupati - APPCB",21-05-2024 02:00:00,13.67,79.35,CO,34,52,46
India,Andhra_Pradesh,Tirupati,"Vaikuntapuram, Tirupati - APPCB",21-05-2024 02:00:00,13.615387,79.409230,CO,10,14,12
India,Andhra_Pradesh,Tirupati,"Vaikuntapuram, Tirupati - APPCB",21-05-2024 02:00:00,13.615387,79.409230,OZONE,3,22,14
India,Andhra_Pradesh,Vijayawada,"HB Colony, Vijayawada - APPCB",21-05-2024 02:00:00,16.536107,80.594233,NH3,4,4,4
India,Andhra_Pradesh,Vijayawada,"HB Colony, Vijayawada - APPCB",21-05-2024 02:00:00,16.536107,80.594233,CO,34,38,34
India,Andhra_Pradesh,Vijayawada,"HB Colony, Vijayawada - APPCB",21-05-2024 02:00:00,16.536107,80.594233,OZONE,21,21,21
India,Andhra_Pradesh,Vijayawada,"Kanuru, Vijayawada - APPCB",21-05-2024 02:00:00,16.486692,80.699436,CO,40,40,40
India,Andhra_Pradesh,Vijayawada,"Rajiv Gandhi Park, Vijayawada - APPCB",21-05-2024 02:00:00,16.509717,80.612222,OZONE,3,14,6
India,Andhra_Pradesh,Visakhapatnam,"GVM Corporation, Visakhapatnam - APPCB",21-05-2024 02:00:00,17.72,83.3,PM2.5,3,48,22
India,Andhra_Pradesh,Visakhapatnam,"GVM Corporation, Visakhapatnam - APPCB",21-05-2024 02:00:00,17.72,83.3,NH3,2,4,3
India,Andhra_Pradesh,Visakhapatnam,"GVM Corporation, Visakhapatnam - APPCB",21-05-2024 02:00:00,17.72,83.3,SO2,7,16,12
India,Assam,Guwahati,"IITG, Guwahati - PCBA",21-05-2024 02:00:00,26.2028636,91.70046436,NO2,1,4,2
India,Assam,Guwahati,"IITG, Guwahati - PCBA",21-05-2024 02:00:00,26.2028636,91.70046436,NH3,5,5,5
India,Assam,Guwahati,"LGBI Airport, Guwahati - PCBA",21-05-2024 02:00:00,26.10887,91.589544,NH3,1,4,2
India,Assam,Guwahati,"Railway Colony, Guwahati - PCBA",21-05-2024 02:00:00,26.181742,91.78063,PM2.5,NA,NA,NA
India,Assam,Guwahati,"Railway Colony, Guwahati - PCBA",21-05-2024 02:00:00,26.181742,91.78063,CO,6,57,40
India,Assam,Nagaon,"Christianpatty, Nagaon - PCBA",21-05-2024 02:00:00,26.349082,92.68449,PM2.5,55,137,74
India,Assam,Nagaon,"Christianpatty, Nagaon - PCBA",21-05-2024 02:00:00,26.349082,92.68449,CO,18,72,43
India,Assam,Nalbari,"Bata Chowk, Nalbari - PCBA",21-05-2024 02:00:00,26.446912,91.439057,CO,17,109,87
India,Assam,Sivasagar,"Girls College, Sivasagar - PCBA",21-05-2024 02:00:00,26.987634,94.636574,PM2.5,24,59,39
India,Assam,Sivasagar,"Girls College, Sivasagar - PCBA",21-05-2024 02:00:00,26.987634,94.636574,NH3,2,2,2
India,Bihar,Arrah,"New DM Office, Arrah - BSPCB",21-05-2024 02:00:00,25.5626095,84.663264,NH3,7,11,8
India,Bihar,Arrah,"New DM Office, Arrah - BSPCB",21-05-2024 02:00:00,25.5626095,84.663264,OZONE,14,60,15
India,Bihar,Aurangabad,"Gurdeo Nagar, Aurangabad - BSPCB",21-05-2024 02:00:00,24.75746,84.366208,OZONE,49,130,85
India,Bihar,Bettiah,"Kamalnath Nagar, Bettiah - BSPCB",21-05-2024 02:00:00,26.80365,84.51954,SO2,11,22,15
India,Bihar,Bettiah,"Kamalnath Nagar, Bettiah - BSPCB",21-05-2024 02:00:00,26.80365,84.51954,CO,57,88,75
India,Bihar,Bihar Sharif,"D M Colony, Bihar Sharif - BSPCB",21-05-2024 02:00:00,25.204762,85.514960,PM2.5,25,203,72
India,Bihar,Buxar,"Charitra Van, Buxar - BSPCB (Formerly known as Central Jail)",21-05-2024 02:00:00,25.567520,83.966379,SO2,7,10,9
India,Bihar,Gaya,"Collectorate, Gaya - BSPCB",21-05-2024 02:00:00,24.7955,84.9994,CO,52,133,105
India,Bihar,Gaya,"Kareemganj, Gaya - BSPCB",21-05-2024 02:00:00,24.792403,84.992416,NO2,16,17,16
India,Bihar,Gaya,"SFTI Kusdihra, Gaya - BSPCB",21-05-2024 02:00:00,24.762518,84.982348,PM2.5,25,97,59
India,Bihar,Hajipur,"Industrial Area, Hajipur - BSPCB",21-05-2024 02:00:00,25.697189,85.245900,SO2,7,10,9
India,Bihar,Katihar,"Mirchaibari, Katihar - BSPCB",21-05-2024 02:00:00,25.560083,87.553265,NH3,1,6,2
India,Bihar,Katihar,"Mirchaibari, Katihar - BSPCB",21-05-2024 02:00:00,25.560083,87.553265,SO2,8,11,9
India,Bihar,Motihari,"Gandak Colony, Motihari - BSPCB",21-05-2024 02:00:00,26.63086,84.90051,OZONE,14,40,24
India,Bihar,Munger,"Town Hall, Munger - BSPCB",21-05-2024 02:00:00,25.376776,86.471523,NO2,NA,NA,NA
India,Bihar,Muzaffarpur,"Buddha Colony, Muzaffarpur - BSPCB",21-05-2024 02:00:00,26.11442,85.39813,PM10,52,108,79
India,Bihar,Muzaffarpur,"MIT-Daudpur Kothi, Muzaffarpur - BSPCB",21-05-2024 02:00:00,26.1403345,85.3650192,NH3,1,1,1
India,Bihar,Muzaffarpur,"MIT-Daudpur Kothi, Muzaffarpur - BSPCB",21-05-2024 02:00:00,26.1403345,85.3650192,CO,6,110,38
India,Bihar,Muzaffarpur,"Muzaffarpur Collectorate, Muzaffarpur - BSPCB",21-05-2024 02:00:00,26.1209,85.3647,SO2,6,12,8
India,Bihar,Patna,"DRM Office Danapur, Patna - BSPCB",21-05-2024 02:00:00,25.586562,85.043586,NH3,2,3,3
India,Bihar,Patna,"Govt. High School Shikarpur, Patna - BSPCB",21-05-2024 02:00:00,25.592539,85.227158,PM2.5,64,222,121
India,Bihar,Patna,"IGSC Planetarium Complex, Patna - BSPCB",21-05-2024 02:00:00,25.610369,85.132568,PM2.5,62,163,91
India,Bihar,Patna,"Rajbansi Nagar, Patna - BSPCB",21-05-2024 02:00:00,25.599486,85.113666,SO2,2,10,4
India,Bihar,Rajgir,"Dangi Tola, Rajgir - BSPCB",21-05-2024 02:00:00,25.03280,85.41948,PM10,13,50,31
India,Bihar,Rajgir,"Dangi Tola, Rajgir - BSPCB",21-05-2024 02:00:00,25.03280,85.41948,CO,30,40,36
India,Bihar,Saharsa,"Police Line, Saharsa - BSPCB",21-05-2024 02:00:00,25.892357,86.590325,NO2,6,7,7
India,Bihar,Saharsa,"Police Line, Saharsa - BSPCB",21-05-2024 02:00:00,25.892357,86.590325,SO2,16,17,16
India,Bihar,Saharsa,"Police Line, Saharsa - BSPCB",21-05-2024 02:00:00,25.892357,86.590325,CO,54,55,54
India,Bihar,Samastipur,"DM Office_Kasipur, Samastipur - BSPCB",21-05-2024 02:00:00,25.859655,85.77944,PM10,NA,NA,NA
India,Bihar,Sasaram,"Dada Peer, Sasaram - BSPCB",21-05-2024 02:00:00,24.952822,84.002396,NH3,1,31,15
India,Bihar,Siwan,"Chitragupta Nagar, Siwan - BSPCB",21-05-2024 02:00:00,26.2271665,84.3570427,NO2,NA,NA,NA
India,Chandigarh,Chandigarh,"Sector 22, Chandigarh - CPCC",21-05-2024 02:00:00,30.735567,76.775714,SO2,7,59,17
India,Chandigarh,Chandigarh,"Sector-25, Chandigarh - CPCC",21-05-2024 02:00:00,30.751462,76.762879,OZONE,1,50,17
India,Chandigarh,Chandigarh,"Sector-53, Chandigarh - CPCC",21-05-2024 02:00:00,30.719859,76.738637,SO2,7,38,14
India,Chandigarh,Chandigarh,"Sector-53, Chandigarh - CPCC",21-05-2024 02:00:00,30.719859,76.738637,OZONE,7,83,31
India,Chhattisgarh,Bhilai,"Civic Center, Bhilai - Bhilai Steel Plant",21-05-2024 02:00:00,21.185571,81.343175,CO,19,56,42
India,Chhattisgarh,Bilaspur,"Mangala, Bilaspur - NTPC",21-05-2024 02:00:00,22.08815,82.13737,PM10,21,119,43
India,Chhattisgarh,Bilaspur,"Mangala, Bilaspur - NTPC",21-05-2024 02:00:00,22.08815,82.13737,SO2,3,39,13
India,Chhattisgarh,Chhal,"Nawapara SECL Colony, Chhal - CECB",21-05-2024 02:00:00,22.118125,83.140608,SO2,27,61,40
India,Chhattisgarh,Korba,"Urja Nagar, Korba - CECB",21-05-2024 02:00:00,22.348441,82.549611,PM10,NA,NA,NA
India,Chhattisgarh,Kunjemura,"OP Jindal School, Kunjemura - CECB",21-05-2024 02:00:00,22.126650,83.483212,NH3,2,4,3
India,Chhattisgarh,Kunjemura,"OP Jindal School, Kunjemura - CECB",21-05-2024 02:00:00,22.126650,83.483212,CO,24,48,33
India,Chhattisgarh,Kunjemura,"OP Jindal School, Kunjemura - CECB",21-05-2024 02:00:00,22.126650,83.483212,OZONE,7,69,36
India,Chhattisgarh,Raipur,"AIIMS, Raipur - CECB",21-05-2024 02:00:00,21.258815,81.578979,PM2.5,NA,NA,NA
India,Chhattisgarh,Raipur,"Bhatagaon New ISBT, Raipur - CECB",21-05-2024 02:00:00,21.219665,81.630094,PM10,26,74,40
India,Chhattisgarh,Raipur,"Bhatagaon New ISBT, Raipur - CECB",21-05-2024 02:00:00,21.219665,81.630094,OZONE,3,6,4
India,Chhattisgarh,Raipur,"Krishak Nagar, Raipur - CECB",21-05-2024 02:00:00,21.237755,81.705301,OZONE,8,43,26
India,Delhi,Delhi,"Anand Vihar, Delhi - DPCC",21-05-2024 02:00:00,28.647622,77.3158090,SO2,NA,NA,NA
India,Delhi,Delhi,"Aya Nagar, Delhi - IMD",21-05-2024 02:00:00,28.4706914,77.1099364,NO2,10,19,15
India,Delhi,Delhi,"Aya Nagar, Delhi - IMD",21-05-2024 02:00:00,28.4706914,77.1099364,CO,33,75,60
India,Delhi,Delhi,"Bawana, Delhi - DPCC",21-05-2024 02:00:00,28.776200,77.051074,PM10,147,407,247
India,Delhi,Delhi,"Chandni Chowk, Delhi - IITM",21-05-2024 02:00:00,28.656756,77.227234,PM2.5,146,352,238
India,Delhi,Delhi,"DTU, Delhi - CPCB",21-05-2024 02:00:00,28.7500499,77.1112615,SO2,38,47,41
India,Delhi,Delhi,"Dwarka-Sector 8, Delhi - DPCC ",21-05-2024 02:00:00,28.5710274,77.0719006,NO2,25,140,66
India,Delhi,Delhi,"IHBAS, Dilshad Garden, Delhi - CPCB",21-05-2024 02:00:00,28.6811736,77.3025234,NH3,1,7,3
India,Delhi,Delhi,"ITO, Delhi - CPCB",21-05-2024 02:00:00,28.628624,77.241060,OZONE,2,90,21
India,Delhi,Delhi,"Jahangirpuri, Delhi - DPCC",21-05-2024 02:00:00,28.732820,77.170633,SO2,12,77,42
India,Delhi,Delhi,"Lodhi Road, Delhi - IITM",21-05-2024 02:00:00,28.588333,77.221667,NO2,7,124,52
India,Delhi,Delhi,"Lodhi Road, Delhi - IMD",21-05-2024 02:00:00,28.5918245,77.2273074,PM2.5,57,317,123
India,Delhi,Delhi,"Major Dhyan Chand National Stadium, Delhi - DPCC",21-05-2024 02:00:00,28.611281,77.237738,OZONE,1,246,44
India,Delhi,Delhi,"Mandir Marg, Delhi - DPCC",21-05-2024 02:00:00,28.636429,77.201067,CO,NA,NA,NA
India,Delhi,Delhi,"Mundka, Delhi - DPCC",21-05-2024 02:00:00,28.684678,77.076574,PM10,177,448,297
India,Delhi,Delhi,"Mundka, Delhi - DPCC",21-05-2024 02:00:00,28.684678,77.076574,NH3,4,7,6
India,Delhi,Delhi,"NSIT Dwarka, Delhi - CPCB",21-05-2024 02:00:00,28.60909,77.0325413,PM2.5,286,356,329
India,Delhi,Delhi,"NSIT Dwarka, Delhi - CPCB",21-05-2024 02:00:00,28.60909,77.0325413,NO2,23,55,36
India,Delhi,Delhi,"Najafgarh, Delhi - DPCC",21-05-2024 02:00:00,28.570173,76.933762,NH3,5,10,7
India,Delhi,Delhi,"Najafgarh, Delhi - DPCC",21-05-2024 02:00:00,28.570173,76.933762,SO2,10,25,14
India,Delhi,Delhi,"Narela, Delhi - DPCC",21-05-2024 02:00:00,28.822836,77.101981,NO2,11,106,41
India,Delhi,Delhi,"Narela, Delhi - DPCC",21-05-2024 02:00:00,28.822836,77.101981,SO2,12,77,39
India,Delhi,Delhi,"Nehru Nagar, Delhi - DPCC",21-05-2024 02:00:00,28.567890,77.250515,SO2,4,23,10
India,Delhi,Delhi,"Nehru Nagar, Delhi - DPCC",21-05-2024 02:00:00,28.567890,77.250515,CO,36,100,61
India,Delhi,Delhi,"New Moti Bagh, Delhi - MHUA",21-05-2024 02:00:00,28.57834,77.18400,CO,18,116,78
India,Delhi,Delhi,"North Campus, DU, Delhi - IMD",21-05-2024 02:00:00,28.6573814,77.1585447,CO,18,112,77
India,Delhi,Delhi,"Okhla Phase-2, Delhi - DPCC",21-05-2024 02:00:00,28.530785,77.271255,NO2,34,152,95
India,Delhi,Delhi,"Patparganj, Delhi - DPCC",21-05-2024 02:00:00,28.623763,77.287209,NO2,6,41,22
India,Delhi,Delhi,"Patparganj, Delhi - DPCC",21-05-2024 02:00:00,28.623763,77.287209,NH3,7,11,8
India,Delhi,Delhi,"Patparganj, Delhi - DPCC",21-05-2024 02:00:00,28.623763,77.287209,OZONE,1,146,55
India,Delhi,Delhi,"Punjabi Bagh, Delhi - DPCC",21-05-2024 02:00:00,28.674045,77.131023,PM2.5,27,388,198
India,Delhi,Delhi,"Punjabi Bagh, Delhi - DPCC",21-05-2024 02:00:00,28.674045,77.131023,SO2,3,45,26
India,Delhi,Delhi,"Pusa, Delhi - DPCC",21-05-2024 02:00:00,28.639652,77.146275,PM2.5,40,322,136
India,Delhi,Delhi,"Pusa, Delhi - DPCC",21-05-2024 02:00:00,28.639652,77.146275,OZONE,8,99,31
India,Delhi,Delhi,"R K Puram, Delhi - DPCC",21-05-2024 02:00:00,28.563262,77.186937,PM2.5,67,329,202
India,Delhi,Delhi,"R K Puram, Delhi - DPCC",21-05-2024 02:00:00,28.563262,77.186937,SO2,16,52,33
India,Delhi,Delhi,"R K Puram, Delhi - DPCC",21-05-2024 02:00:00,28.563262,77.186937,CO,13,170,108
India,Delhi,Delhi,"R K Puram, Delhi - DPCC",21-05-2024 02:00:00,28.563262,77.186937,OZONE,16,225,54
India,Delhi,Delhi,"Rohini, Delhi - DPCC",21-05-2024 02:00:00,28.732528,77.119920,PM2.5,38,361,193
India,Delhi,Delhi,"Shadipur, Delhi - CPCB",21-05-2024 02:00:00,28.6514781,77.1473105,NH3,6,10,8
India,Delhi,Delhi,"Shadipur, Delhi - CPCB",21-05-2024 02:00:00,28.6514781,77.1473105,OZONE,12,94,31
India,Delhi,Delhi,"Sirifort, Delhi - CPCB",21-05-2024 02:00:00,28.5504249,77.2159377,NH3,15,17,16
India,Delhi,Delhi,"Sonia Vihar, Delhi - DPCC",21-05-2024 02:00:00,28.710508,77.249485,NO2,15,83,44
India,Delhi,Delhi,"Sri Aurobindo Marg, Delhi - DPCC",21-05-2024 02:00:00,28.531346,77.190156,CO,1,92,53
India,Delhi,Delhi,"Vivek Vihar, Delhi - DPCC",21-05-2024 02:00:00,28.672342,77.315260,PM10,165,413,276
India,Delhi,Delhi,"Wazirpur, Delhi - DPCC",21-05-2024 02:00:00,28.699793,77.165453,NH3,7,16,13
India,Delhi,Delhi,"Wazirpur, Delhi - DPCC",21-05-2024 02:00:00,28.699793,77.165453,CO,66,132,104
India,Gujarat,Ahmedabad,"Chandkheda, Ahmedabad - IITM",21-05-2024 02:00:00,23.107969,72.574648,PM2.5,54,110,70
India,Gujarat,Ahmedabad,"Chandkheda, Ahmedabad - IITM",21-05-2024 02:00:00,23.107969,72.574648,NO2,29,44,39
India,Gujarat,Ahmedabad,"Gyaspur, Ahmedabad - IITM",21-05-2024 02:00:00,22.977134,72.553024,PM2.5,68,212,119
India,Gujarat,Ahmedabad,"Maninagar, Ahmedabad - GPCB",21-05-2024 02:00:00,23.002657,72.591912,OZONE,11,67,22
India,Gujarat,Ahmedabad,"Raikhad, Ahmedabad - IITM",21-05-2024 02:00:00,23.020509,72.579261,NO2,15,316,140
India,Gujarat,Ahmedabad,"Raikhad, Ahmedabad - IITM",21-05-2024 02:00:00,23.020509,72.579261,NH3,2,95,20
India,Gujarat,Ahmedabad,"Raikhad, Ahmedabad - IITM",21-05-2024 02:00:00,23.020509,72.579261,OZONE,12,78,40
India,Gujarat,Ahmedabad,"Rakhial, Ahmedabad - IITM",21-05-2024 02:00:00,23.016834,72.625775,CO,33,117,107
India,Gujarat,Ahmedabad,"SVPI Airport Hansol, Ahmedabad - IITM",21-05-2024 02:00:00,23.076793,72.627874,PM10,60,126,100
India,Gujarat,Ankleshwar,"GIDC, Ankleshwar - GPCB",21-05-2024 02:00:00,21.613267,73.010555,NO2,22,33,27
India,Gujarat,Ankleshwar,"GIDC, Ankleshwar - GPCB",21-05-2024 02:00:00,21.613267,73.010555,NH3,3,5,4
India,Gujarat,Ankleshwar,"GIDC, Ankleshwar - GPCB",21-05-2024 02:00:00,21.613267,73.010555,OZONE,22,37,32
India,Gujarat,Gandhinagar,"Sector-10, Gandhinagar - GPCB",21-05-2024 02:00:00,23.221714,72.654328,PM10,21,85,46
India,Gujarat,Surat,"Science Center, Surat - SMC",21-05-2024 02:00:00,21.170046,72.795405,PM10,NA,NA,NA
India,Gujarat,Surat,"Science Center, Surat - SMC",21-05-2024 02:00:00,21.170046,72.795405,NO2,26,33,29
India,Gujarat,Vapi,"Phase-1 GIDC, Vapi - GPCB",21-05-2024 02:00:00,20.362421,72.918013,PM2.5,17,53,32
India,Gujarat,Vapi,"Phase-1 GIDC, Vapi - GPCB",21-05-2024 02:00:00,20.362421,72.918013,OZONE,1,3,1
India,Gujarat,Vatva,"Phase-4 GIDC, Vatva - GPCB",21-05-2024 02:00:00,22.969611,72.643500,PM10,41,76,59
India,Gujarat,Vatva,"Phase-4 GIDC, Vatva - GPCB",21-05-2024 02:00:00,22.969611,72.643500,SO2,3,10,5
India,Haryana,Ambala,"Patti Mehar, Ambala - HSPCB",21-05-2024 02:00:00,30.379589,76.778328,PM2.5,52,145,79
India,Haryana,Ambala,"Patti Mehar, Ambala - HSPCB",21-05-2024 02:00:00,30.379589,76.778328,PM10,40,261,103
India,Haryana,Bahadurgarh,"Arya Nagar, Bahadurgarh - HSPCB",21-05-2024 02:00:00,28.6701,76.9254,PM10,NA,NA,NA
India,Haryana,Bahadurgarh,"Arya Nagar, Bahadurgarh - HSPCB",21-05-2024 02:00:00,28.6701,76.9254,NH3,NA,NA,NA
India,Haryana,Bhiwani,"H.B. Colony, Bhiwani - HSPCB",21-05-2024 02:00:00,28.806223,76.141105,PM2.5,51,317,202
India,Haryana,Bhiwani,"H.B. Colony, Bhiwani - HSPCB",21-05-2024 02:00:00,28.806223,76.141105,SO2,1,20,7
India,Haryana,Charkhi Dadri,"Mini Secretariat, Charkhi Dadri - HSPCB",21-05-2024 02:00:00,28.593883,76.270653,NO2,14,22,18
India,Haryana,Charkhi Dadri,"Mini Secretariat, Charkhi Dadri - HSPCB",21-05-2024 02:00:00,28.593883,76.270653,NH3,6,8,7
India,Haryana,Dharuhera,"Municipal Corporation Office, Dharuhera -  HSPCB",21-05-2024 02:00:00,28.206800,76.799700,NO2,44,111,78
India,Haryana,Dharuhera,"Municipal Corporation Office, Dharuhera -  HSPCB",21-05-2024 02:00:00,28.206800,76.799700,CO,15,49,30
India,Haryana,Faridabad,"New Industrial Town, Faridabad - HSPCB",21-05-2024 02:00:00,28.39072,77.30059,PM2.5,196,402,288
India,Haryana,Faridabad,"New Industrial Town, Faridabad - HSPCB",21-05-2024 02:00:00,28.39072,77.30059,NH3,1,7,3
India,Haryana,Faridabad,"New Industrial Town, Faridabad - HSPCB",21-05-2024 02:00:00,28.39072,77.30059,SO2,12,16,14
India,Haryana,Faridabad,"Sector 11, Faridabad - HSPCB",21-05-2024 02:00:00,28.376058,77.315741,SO2,4,120,34
India,Haryana,Faridabad,"Sector- 16A, Faridabad - HSPCB",21-05-2024 02:00:00,28.4088421,77.3099081,CO,38,110,91
India,Haryana,Gurugram,"Teri Gram, Gurugram - HSPCB",21-05-2024 02:00:00,28.4275,77.1465,PM10,160,311,247
India,Haryana,Gurugram,"Teri Gram, Gurugram - HSPCB",21-05-2024 02:00:00,28.4275,77.1465,NO2,15,36,27
India,Haryana,Gurugram,"Vikas Sadan, Gurugram - HSPCB",21-05-2024 02:00:00,28.4501238,77.0263051,SO2,12,77,31
India,Haryana,Hisar,"Urban Estate-II, Hisar - HSPCB",21-05-2024 02:00:00,29.140560,75.744941,PM2.5,93,315,235
India,Haryana,Jind,"Police Lines, Jind - HSPCB",21-05-2024 02:00:00,29.307814,76.337619,NO2,NA,NA,NA
India,Haryana,Jind,"Police Lines, Jind - HSPCB",21-05-2024 02:00:00,29.307814,76.337619,SO2,3,76,16
India,Haryana,Jind,"Police Lines, Jind - HSPCB",21-05-2024 02:00:00,29.307814,76.337619,CO,2,62,26
India,Haryana,Kaithal,"Rishi Nagar, Kaithal - HSPCB",21-05-2024 02:00:00,29.8006,76.4155,NH3,8,8,8
India,Haryana,Kaithal,"Rishi Nagar, Kaithal - HSPCB",21-05-2024 02:00:00,29.8006,76.4155,OZONE,9,24,17
India,Haryana,Mandikhera,"General Hospital, Mandikhera - HSPCB",21-05-2024 02:00:00,27.9002,76.9938,NO2,20,22,21
India,Haryana,Manesar,"Sector-2 IMT, Manesar - HSPCB",21-05-2024 02:00:00,28.360699,76.936090,PM10,54,143,90
India,Haryana,Narnaul,"Shastri Nagar, Narnaul - HSPCB",21-05-2024 02:00:00,28.060249,76.113115,PM10,109,442,148
India,Haryana,Narnaul,"Shastri Nagar, Narnaul - HSPCB",21-05-2024 02:00:00,28.060249,76.113115,NO2,16,85,48
India,Haryana,Narnaul,"Shastri Nagar, Narnaul - HSPCB",21-05-2024 02:00:00,28.060249,76.113115,CO,13,22,18
India,Haryana,Panchkula,"Sector-6, Panchkula - HSPCB ",21-05-2024 02:00:00,30.7057778,76.8531805555555,SO2,2,15,4
India,Haryana,Sirsa,"F-Block, Sirsa - HSPCB",21-05-2024 02:00:00,29.536400,75.015800,PM2.5,NA,NA,NA
India,Haryana,Sirsa,"F-Block, Sirsa - HSPCB",21-05-2024 02:00:00,29.536400,75.015800,NO2,NA,NA,NA
India,Haryana,Sonipat,"Murthal, Sonipat - HSPCB",21-05-2024 02:00:00,29.027200,77.062100,OZONE,16,36,20
India,Haryana,Yamuna Nagar,"Gobind Pura, Yamuna Nagar - HSPCB",21-05-2024 02:00:00,30.1480566,77.2893471,NH3,1,6,4
India,Haryana,Yamuna Nagar,"Gobind Pura, Yamuna Nagar - HSPCB",21-05-2024 02:00:00,30.1480566,77.2893471,SO2,2,58,9
India,Himachal Pradesh,Baddi,"HIMUDA Complex Phase-1, Baddi - HPPCB",21-05-2024 02:00:00,30.943887,76.801991,CO,20,48,26
India,Jammu_and_Kashmir,Srinagar,"Rajbagh, Srinagar - JKSPCB",21-05-2024 02:00:00,34.066206,74.819820,CO,NA,NA,NA
India,Jammu_and_Kashmir,Srinagar,"Rajbagh, Srinagar - JKSPCB",21-05-2024 02:00:00,34.066206,74.819820,OZONE,NA,NA,NA
India,Karnataka,Bagalkot,"Vidayagiri, Bagalkot - KSPCB",21-05-2024 02:00:00,16.172806,75.659694,NO2,9,10,9
India,Karnataka,Belgaum,"Ramteerth Nagar, Belgaum - KSPCB",21-05-2024 02:00:00,15.888653,74.541751,PM2.5,12,25,17
India,Karnataka,Belgaum,"Ramteerth Nagar, Belgaum - KSPCB",21-05-2024 02:00:00,15.888653,74.541751,PM10,23,50,35
India,Karnataka,Bengaluru,"Bapuji Nagar, Bengaluru - KSPCB",21-05-2024 02:00:00,12.951913,77.539784,NO2,12,16,15
India,Karnataka,Bengaluru,"Bapuji Nagar, Bengaluru - KSPCB",21-05-2024 02:00:00,12.951913,77.539784,SO2,5,9,7
India,Karnataka,Bengaluru,"Bapuji Nagar, Bengaluru - KSPCB",21-05-2024 02:00:00,12.951913,77.539784,CO,18,100,49
India,Karnataka,Bengaluru,"Hombegowda Nagar, Bengaluru - KSPCB",21-05-2024 02:00:00,12.938539,77.590100,PM2.5,3,33,20
India,Karnataka,Bengaluru,"Hombegowda Nagar, Bengaluru - KSPCB",21-05-2024 02:00:00,12.938539,77.590100,PM10,1,49,29
India,Karnataka,Bengaluru,"Hombegowda Nagar, Bengaluru - KSPCB",21-05-2024 02:00:00,12.938539,77.590100,NH3,1,2,2
India,Karnataka,Bengaluru,"Kasturi Nagar, Bengaluru - KSPCB",21-05-2024 02:00:00,13.003872,77.664217,PM10,52,52,52
India,Karnataka,Bengaluru,"Kasturi Nagar, Bengaluru - KSPCB",21-05-2024 02:00:00,13.003872,77.664217,SO2,10,10,10
India,Karnataka,Bengaluru,"Kasturi Nagar, Bengaluru - KSPCB",21-05-2024 02:00:00,13.003872,77.664217,CO,25,26,25
India,Karnataka,Bengaluru,"Peenya, Bengaluru - CPCB",21-05-2024 02:00:00,13.0270199,77.494094,NO2,NA,NA,NA
India,Karnataka,Bengaluru,"Peenya, Bengaluru - CPCB",21-05-2024 02:00:00,13.0270199,77.494094,NH3,NA,NA,NA
India,Karnataka,Bengaluru,"Peenya, Bengaluru - CPCB",21-05-2024 02:00:00,13.0270199,77.494094,OZONE,8,37,14
India,Karnataka,Bengaluru,"RVCE-Mailasandra, Bengaluru - KSPCB",21-05-2024 02:00:00,12.921418,77.502466,PM10,14,75,41
India,Karnataka,Bengaluru,"RVCE-Mailasandra, Bengaluru - KSPCB",21-05-2024 02:00:00,12.921418,77.502466,NO2,16,17,17
India,Karnataka,Bengaluru,"RVCE-Mailasandra, Bengaluru - KSPCB",21-05-2024 02:00:00,12.921418,77.502466,SO2,8,9,8
India,Karnataka,Bengaluru,"Sanegurava Halli, Bengaluru - KSPCB",21-05-2024 02:00:00,12.990328,77.5431385,PM10,34,101,43
India,Karnataka,Bengaluru,"Shivapura_Peenya, Bengaluru - KSPCB",21-05-2024 02:00:00,13.0246342,77.5080115,PM10,39,95,65
India,Karnataka,Bengaluru,"Shivapura_Peenya, Bengaluru - KSPCB",21-05-2024 02:00:00,13.0246342,77.5080115,NH3,4,4,4
India,Karnataka,Bengaluru,"Silk Board, Bengaluru - KSPCB",21-05-2024 02:00:00,12.917348,77.622813,PM2.5,2,43,26
India,Karnataka,Bengaluru,"Silk Board, Bengaluru - KSPCB",21-05-2024 02:00:00,12.917348,77.622813,PM10,14,149,62
India,Karnataka,Bengaluru,"Silk Board, Bengaluru - KSPCB",21-05-2024 02:00:00,12.917348,77.622813,NO2,10,21,14
India,Karnataka,Bengaluru,"Silk Board, Bengaluru - KSPCB",21-05-2024 02:00:00,12.917348,77.622813,NH3,1,1,1
India,Karnataka,Chamarajanagar,"Urban, Chamarajanagar - KSPCB",21-05-2024 02:00:00,11.55358,76.55521,SO2,2,8,5
India,Karnataka,Chamarajanagar,"Urban, Chamarajanagar - KSPCB",21-05-2024 02:00:00,11.55358,76.55521,OZONE,25,35,26
India,Karnataka,Chikkaballapur,"Chikkaballapur Rural, Chikkaballapur - KSPCB",21-05-2024 02:00:00,13.428828,77.731418,PM2.5,12,41,25
India,Karnataka,Chikkaballapur,"Chikkaballapur Rural, Chikkaballapur - KSPCB",21-05-2024 02:00:00,13.428828,77.731418,OZONE,24,26,24
India,Karnataka,Chikkamagaluru,"Kalyana Nagara, Chikkamagaluru - KSPCB",21-05-2024 02:00:00,13.328028,75.797056,CO,11,70,16
India,Karnataka,Davanagere,"Devaraj Urs Badavane, Davanagere - KSPCB",21-05-2024 02:00:00,14.475800,75.905200,SO2,3,7,5
India,Karnataka,Dharwad,"Kalabhavan, Dharwad - KSPCB",21-05-2024 02:00:00,15.459706,75.008381,PM2.5,18,54,34
India,Karnataka,Dharwad,"Kalabhavan, Dharwad - KSPCB",21-05-2024 02:00:00,15.459706,75.008381,PM10,25,75,47
India,Karnataka,Dharwad,"Kalabhavan, Dharwad - KSPCB",21-05-2024 02:00:00,15.459706,75.008381,NH3,3,3,3
India,Karnataka,Dharwad,"Kalabhavan, Dharwad - KSPCB",21-05-2024 02:00:00,15.459706,75.008381,SO2,3,105,8
India,Karnataka,Gadag,"Panchal Nagar, Gadag - KSPCB",21-05-2024 02:00:00,15.411456,75.638133,PM10,25,37,29
India,Karnataka,Gadag,"Panchal Nagar, Gadag - KSPCB",21-05-2024 02:00:00,15.411456,75.638133,NH3,1,3,2
India,Karnataka,Gadag,"Panchal Nagar, Gadag - KSPCB",21-05-2024 02:00:00,15.411456,75.638133,SO2,9,18,13
India,Karnataka,Gadag,"Panchal Nagar, Gadag - KSPCB",21-05-2024 02:00:00,15.411456,75.638133,CO,45,50,48
India,Karnataka,Hassan,"B.Katihalli, Hassan - KSPCB",21-05-2024 02:00:00,13.008556,76.125258,PM2.5,NA,NA,NA
India,Karnataka,Hubballi,"Deshpande Nagar, Hubballi - KSPCB",21-05-2024 02:00:00,15.351773,75.140726,CO,NA,NA,NA
India,Karnataka,Hubballi,"Lingaraj Nagar, Hubballi - KSPCB",21-05-2024 02:00:00,15.3714823,75.1160168,SO2,2,5,2
India,Karnataka,Kalaburagi,"Lal Bahadur Shastri Nagar, Kalaburagi - KSPCB",21-05-2024 02:00:00,17.321993,76.822628,PM10,1,128,48
India,Karnataka,Kalaburagi,"Lal Bahadur Shastri Nagar, Kalaburagi - KSPCB",21-05-2024 02:00:00,17.321993,76.822628,NO2,10,12,11
India,Karnataka,Kalaburagi,"Mahatma Basaveswar Colony, Kalaburgi - KSPCB",21-05-2024 02:00:00,17.336318,76.847397,NH3,2,4,3
India,Karnataka,Kalaburagi,"Mahatma Basaveswar Colony, Kalaburgi - KSPCB",21-05-2024 02:00:00,17.336318,76.847397,OZONE,9,34,16
India,Karnataka,Karwar,"KHB Colony, Karwar - KSPCB",21-05-2024 02:00:00,14.816666,74.141003,PM2.5,NA,NA,NA
India,Karnataka,Karwar,"KHB Colony, Karwar - KSPCB",21-05-2024 02:00:00,14.816666,74.141003,NH3,NA,NA,NA
India,Karnataka,Kolar,"Tamaka Ind. Area, Kolar - KSPCB",21-05-2024 02:00:00,13.1276288,78.1570122,PM10,NA,NA,NA
India,Karnataka,Kolar,"Tamaka Ind. Area, Kolar - KSPCB",21-05-2024 02:00:00,13.1276288,78.1570122,NH3,NA,NA,NA
India,Karnataka,Madikeri,"Stuart Hill, Madikeri - KSPCB",21-05-2024 02:00:00,12.415911,75.735050,SO2,4,4,4
India,Karnataka,Mangalore,"Kadri, Mangalore - KSPCB",21-05-2024 02:00:00,12.889250,74.853000,PM2.5,3,34,11
India,Karnataka,Mysuru,"Hebbal 1st Stage, Mysuru - KSPCB",21-05-2024 02:00:00,12.21041,76.37376,PM10,16,56,33
India,Karnataka,Raichur,"Haji Colony, Raichur - KSPCB",21-05-2024 02:00:00,16.208139,77.348417,PM10,8,65,32
India,Karnataka,Ramanagara,"Vijay Nagar, Ramanagara - KSPCB",21-05-2024 02:00:00,12.733409,77.298051,PM2.5,8,42,24
India,Karnataka,Ramanagara,"Vijay Nagar, Ramanagara - KSPCB",21-05-2024 02:00:00,12.733409,77.298051,OZONE,28,30,29
India,Karnataka,Shivamogga,"Vinoba Nagara, Shivamogga - KSPCB",21-05-2024 02:00:00,13.940000,75.555917,NO2,11,64,16
India,Karnataka,Tumakuru,"Thimmalapura, Tumakuru - KSPCB",21-05-2024 02:00:00,13.377516,77.099072,PM10,NA,NA,NA
India,Karnataka,Tumakuru,"Thimmalapura, Tumakuru - KSPCB",21-05-2024 02:00:00,13.377516,77.099072,NO2,NA,NA,NA
India,Karnataka,Tumakuru,"Thimmalapura, Tumakuru - KSPCB",21-05-2024 02:00:00,13.377516,77.099072,CO,29,34,31
India,Karnataka,Udupi,"Brahmagiri, Udupi - KSPCB",21-05-2024 02:00:00,13.34194444,74.74694444,PM2.5,NA,NA,NA
India,Karnataka,Udupi,"Brahmagiri, Udupi - KSPCB",21-05-2024 02:00:00,13.34194444,74.74694444,OZONE,23,24,23
India,Karnataka,Vijayapura,"Ibrahimpur, Vijayapura - KSPCB",21-05-2024 02:00:00,16.802639,75.722694,PM2.5,26,31,30
India,Karnataka,Yadgir,"Collector Office, Yadgir - KSPCB",21-05-2024 02:00:00,16.7602,77.1428,NH3,1,10,2
India,Karnataka,Yadgir,"Collector Office, Yadgir - KSPCB",21-05-2024 02:00:00,16.7602,77.1428,OZONE,8,19,18
India,Kerala,Kannur,"Thavakkara, Kannur - Kerala PCB",21-05-2024 02:00:00,11.875000,75.373200,PM2.5,NA,NA,NA
India,Kerala,Kannur,"Thavakkara, Kannur - Kerala PCB",21-05-2024 02:00:00,11.875000,75.373200,NH3,NA,NA,NA
India,Kerala,Kollam,"Polayathode, Kollam - Kerala PCB",21-05-2024 02:00:00,8.8787,76.6073,NH3,NA,NA,NA
India,Kerala,Kollam,"Polayathode, Kollam - Kerala PCB",21-05-2024 02:00:00,8.8787,76.6073,CO,NA,NA,NA
India,Kerala,Thiruvananthapuram,"Kariavattom, Thiruvananthapuram - Kerala PCB",21-05-2024 02:00:00,8.563700,76.886500,PM10,83,95,89
India,Kerala,Thiruvananthapuram,"Kariavattom, Thiruvananthapuram - Kerala PCB",21-05-2024 02:00:00,8.563700,76.886500,NH3,1,1,1
India,Kerala,Thiruvananthapuram,"Plammoodu, Thiruvananthapuram - Kerala PCB",21-05-2024 02:00:00,8.5149093,76.9435879,NO2,8,10,9
India,Kerala,Thrissur,"Corporation Ground, Thrissur - Kerala PCB",21-05-2024 02:00:00,10.532400,76.215900,SO2,1,9,2
India,Kerala,Thrissur,"Corporation Ground, Thrissur - Kerala PCB",21-05-2024 02:00:00,10.532400,76.215900,CO,14,125,97
India,Kerala,Thrissur,"Corporation Ground, Thrissur - Kerala PCB",21-05-2024 02:00:00,10.532400,76.215900,OZONE,28,32,29
India,Madhya Pradesh,Bhopal,"Idgah Hills, Bhopal - MPPCB",21-05-2024 02:00:00,23.264759,77.381568,SO2,NA,NA,NA
India,Madhya Pradesh,Bhopal,"Paryavaran Parisar, Bhopal - MPPCB",21-05-2024 02:00:00,23.210494,77.425409,PM2.5,37,110,50
India,Madhya Pradesh,Bhopal,"Paryavaran Parisar, Bhopal - MPPCB",21-05-2024 02:00:00,23.210494,77.425409,OZONE,11,96,64
India,Madhya Pradesh,Gwalior,"City Center, Gwalior - MPPCB",21-05-2024 02:00:00,26.203442,78.193251,CO,26,105,65
India,Madhya Pradesh,Gwalior,"Deen Dayal Nagar, Gwalior - MPPCB",21-05-2024 02:00:00,26.259242,78.216432,SO2,12,15,13
India,Madhya Pradesh,Gwalior,"Maharaj Bada, Gwalior - MPPCB",21-05-2024 02:00:00,26.200388,78.147714,NO2,10,78,36
India,Madhya Pradesh,Gwalior,"Maharaj Bada, Gwalior - MPPCB",21-05-2024 02:00:00,26.200388,78.147714,SO2,8,15,11
India,Madhya Pradesh,Gwalior,"Phool Bagh, Gwalior - Mondelez Ind. Food",21-05-2024 02:00:00,26.210536,78.171,NO2,4,5,4
India,Madhya Pradesh,Indore,"Chhoti Gwaltoli, Indore - MPPCB",21-05-2024 02:00:00,22.4310,75.5213,CO,40,116,90
India,Madhya Pradesh,Indore,"Maguda Nagar, Indore - IMC",21-05-2024 02:00:00,22.7524,75.8872,PM2.5,59,245,92
India,Madhya Pradesh,Indore,"Maguda Nagar, Indore - IMC",21-05-2024 02:00:00,22.7524,75.8872,NO2,4,6,5
India,Madhya Pradesh,Indore,"Regional Park, Indore - IMC",21-05-2024 02:00:00,22.6780,75.8559,NH3,NA,NA,NA
India,Madhya Pradesh,Indore,"Regional Park, Indore - IMC",21-05-2024 02:00:00,22.6780,75.8559,SO2,NA,NA,NA
India,Madhya Pradesh,Indore,"Regional Park, Indore - IMC",21-05-2024 02:00:00,22.6780,75.8559,CO,25,35,31
India,Madhya Pradesh,Jabalpur,"Govindh Bhavan Colony, Jabalpur - JMC",21-05-2024 02:00:00,23.163174,79.973061,NO2,NA,NA,NA
India,Madhya Pradesh,Jabalpur,"Govindh Bhavan Colony, Jabalpur - JMC",21-05-2024 02:00:00,23.163174,79.973061,NH3,NA,NA,NA
India,Madhya Pradesh,Jabalpur,"Gupteshwar, Jabalpur - JMC",21-05-2024 02:00:00,23.142888,79.916147,NO2,8,41,17
India,Madhya Pradesh,Jabalpur,"Marhatal, Jabalpur - MPPCB",21-05-2024 02:00:00,23.168606,79.932247,NO2,11,61,33
India,Madhya Pradesh,Jabalpur,"Marhatal, Jabalpur - MPPCB",21-05-2024 02:00:00,23.168606,79.932247,SO2,6,23,14
India,Madhya Pradesh,Jabalpur,"Suhagi, Jabalpur - JMC",21-05-2024 02:00:00,23.218135,79.957770,PM10,52,113,78
India,Madhya Pradesh,Jabalpur,"Suhagi, Jabalpur - JMC",21-05-2024 02:00:00,23.218135,79.957770,SO2,11,18,15
India,Madhya Pradesh,Maihar,"Sahilara, Maihar - KJS Cements",21-05-2024 02:00:00,24.2613009,80.7231783,PM2.5,2,75,34
India,Madhya Pradesh,Maihar,"Sahilara, Maihar - KJS Cements",21-05-2024 02:00:00,24.2613009,80.7231783,PM10,2,95,38
India,Madhya Pradesh,Mandideep,"Sector-D Industrial Area, Mandideep - MPPCB",21-05-2024 02:00:00,23.108440,77.511428,NO2,20,66,41
India,Madhya Pradesh,Mandideep,"Sector-D Industrial Area, Mandideep - MPPCB",21-05-2024 02:00:00,23.108440,77.511428,CO,18,62,30
India,Madhya Pradesh,Pithampur,"Sector-2 Industrial Area, Pithampur - MPPCB",21-05-2024 02:00:00,22.624758,75.675238,CO,42,58,48
India,Madhya Pradesh,Pithampur,"Sector-2 Industrial Area, Pithampur - MPPCB",21-05-2024 02:00:00,22.624758,75.675238,OZONE,25,51,34
India,Madhya Pradesh,Sagar,"Deen Dayal Nagar, Sagar - MPPCB",21-05-2024 02:00:00,23.8640158,78.80289321,NO2,16,25,23
India,Madhya Pradesh,Sagar,"Deen Dayal Nagar, Sagar - MPPCB",21-05-2024 02:00:00,23.8640158,78.80289321,SO2,2,25,12
India,Madhya Pradesh,Satna,"Bandhavgar Colony, Satna - Birla Cement",21-05-2024 02:00:00,24.58434363,80.8549414,SO2,1,2,2
India,Madhya Pradesh,Singrauli,"Suryakiran Bhawan NCL, Singrauli - MPPCB",21-05-2024 02:00:00,24.108970,82.645580,PM10,45,403,120
India,Madhya Pradesh,Singrauli,"Suryakiran Bhawan NCL, Singrauli - MPPCB",21-05-2024 02:00:00,24.108970,82.645580,CO,40,113,107
India,Maharashtra,Ahmednagar,"Tarakpur, Ahmednagar - MPCB",21-05-2024 02:00:00,19.10122,74.73339,PM2.5,36,186,76
India,Maharashtra,Ahmednagar,"Tarakpur, Ahmednagar - MPCB",21-05-2024 02:00:00,19.10122,74.73339,CO,23,74,48
India,Maharashtra,Akola,"Ramdaspeth, Akola - MPCB",21-05-2024 02:00:00,20.719516,77.000253,CO,26,71,44
India,Maharashtra,Amravati,"Shivneri Colony, Amravati - MPCB",21-05-2024 02:00:00,20.9402359,77.7895248,PM2.5,15,54,40
India,Maharashtra,Amravati,"Shivneri Colony, Amravati - MPCB",21-05-2024 02:00:00,20.9402359,77.7895248,PM10,47,98,63
India,Maharashtra,Amravati,"Shivneri Colony, Amravati - MPCB",21-05-2024 02:00:00,20.9402359,77.7895248,CO,6,36,18
India,Maharashtra,Amravati,"Shri Shivaji Science College, Amaravati - MPCB",21-05-2024 02:00:00,20.939198,77.765701,OZONE,27,83,51
India,Maharashtra,Aurangabad,"MIDC Chilkalthana, Aurangabad - MPCB",21-05-2024 02:00:00,19.875620,75.387310,PM10,14,111,82
India,Maharashtra,Aurangabad,"MIDC Chilkalthana, Aurangabad - MPCB",21-05-2024 02:00:00,19.875620,75.387310,SO2,1,8,3
India,Maharashtra,Aurangabad,"More Chowk Waluj, Aurangabad - MPCB",21-05-2024 02:00:00,19.8389439,75.244448,PM10,38,96,65
India,Maharashtra,Aurangabad,"More Chowk Waluj, Aurangabad - MPCB",21-05-2024 02:00:00,19.8389439,75.244448,NO2,41,52,45
India,Maharashtra,Aurangabad,"More Chowk Waluj, Aurangabad - MPCB",21-05-2024 02:00:00,19.8389439,75.244448,OZONE,32,140,41
India,Maharashtra,Aurangabad,"Rachnakar Colony, Aurangabad - MPCB",21-05-2024 02:00:00,19.863756,75.321188,PM2.5,78,138,109
India,Maharashtra,Aurangabad,"Rachnakar Colony, Aurangabad - MPCB",21-05-2024 02:00:00,19.863756,75.321188,CO,18,56,40
India,Maharashtra,Badlapur,"Katrap, Badlapur - MPCB",21-05-2024 02:00:00,19.16485,73.23409,SO2,7,21,15
India,Maharashtra,Badlapur,"Katrap, Badlapur - MPCB",21-05-2024 02:00:00,19.16485,73.23409,OZONE,2,76,16
India,Maharashtra,Belapur,"CBD Belapur, Belapur - MPCB",21-05-2024 02:00:00,19.0243902,73.0406721,PM2.5,17,42,34
India,Maharashtra,Boisar,"Khaira, Boisar - MPCB",21-05-2024 02:00:00,19.786089,72.757971,CO,1,26,18
India,Maharashtra,Boisar,"Khaira, Boisar - MPCB",21-05-2024 02:00:00,19.786089,72.757971,OZONE,20,41,28
India,Maharashtra,Chandrapur,"Chauhan Colony, Chandrapur - MPCB",21-05-2024 02:00:00,19.962900,79.298714,NO2,10,26,15
India,Maharashtra,Chandrapur,"MIDC Khutala, Chandrapur - MPCB",21-05-2024 02:00:00,19.9775302,79.2337086,PM2.5,3,41,14
India,Maharashtra,Chandrapur,"MIDC Khutala, Chandrapur - MPCB",21-05-2024 02:00:00,19.9775302,79.2337086,NH3,6,26,11
India,Maharashtra,Dhule,"Deopur, Dhule - MPCB",21-05-2024 02:00:00,20.918946,74.776388,PM2.5,NA,NA,NA
India,Maharashtra,Dhule,"Deopur, Dhule - MPCB",21-05-2024 02:00:00,20.918946,74.776388,CO,26,42,36
India,Maharashtra,Jalgaon,"Prabhat Colony, Jalgaon - MPCB",21-05-2024 02:00:00,21.001264,75.565602,PM2.5,73,203,113
India,Maharashtra,Jalgaon,"Prabhat Colony, Jalgaon - MPCB",21-05-2024 02:00:00,21.001264,75.565602,SO2,1,9,4
India,Maharashtra,Jalna,"Old MIDC, Jalna - MPCB",21-05-2024 02:00:00,19.854616,75.905894,CO,20,29,25
India,Maharashtra,Kolhapur,"Shivaji University, Kolhapur - MPCB",21-05-2024 02:00:00,16.6870449,74.2505872,PM2.5,56,150,87
India,Maharashtra,Kolhapur,"Sinchan Bhavan, Kolhapur - MPCB",21-05-2024 02:00:00,16.7143745,74.2426398,PM2.5,NA,NA,NA
India,Maharashtra,Latur,"Sawe Wadi, Latur - MPCB",21-05-2024 02:00:00,18.39963,76.57452,CO,1,104,46
India,Maharashtra,Latur,"Sawe Wadi, Latur - MPCB",21-05-2024 02:00:00,18.39963,76.57452,OZONE,19,114,58
India,Maharashtra,Mahad,"Kamble Tarf Birwadi, Mahad - MPCB",21-05-2024 02:00:00,18.1023399,73.4783687,OZONE,NA,NA,NA
India,Maharashtra,Malegaon,"Mahesh Nagar, Malegaon - MPCB",21-05-2024 02:00:00,20.555712,74.529236,PM2.5,120,234,172
India,Maharashtra,Mira-Bhayandar,"Bhayandar West, Mira-Bhayandar - MPCB",21-05-2024 02:00:00,19.296481,72.840923,PM10,30,112,66
India,Maharashtra,Mira-Bhayandar,"Bhayandar West, Mira-Bhayandar - MPCB",21-05-2024 02:00:00,19.296481,72.840923,CO,17,23,19
India,Maharashtra,Mumbai,"Bandra Kurla Complex, Mumbai - MPCB",21-05-2024 02:00:00,19.065931,72.862131,PM2.5,20,36,27
India,Maharashtra,Mumbai,"Bandra Kurla Complex, Mumbai - MPCB",21-05-2024 02:00:00,19.065931,72.862131,NO2,5,16,10
India,Maharashtra,Mumbai,"Bandra Kurla Complex, Mumbai - MPCB",21-05-2024 02:00:00,19.065931,72.862131,NH3,10,18,13
India,Maharashtra,Mumbai,"Borivali East, Mumbai - IITM",21-05-2024 02:00:00,19.23241,72.86895,NO2,22,50,35
India,Maharashtra,Mumbai,"Borivali East, Mumbai - IITM",21-05-2024 02:00:00,19.23241,72.86895,OZONE,19,176,100
India,Maharashtra,Mumbai,"Borivali East, Mumbai - MPCB",21-05-2024 02:00:00,19.2243333,72.8658113,NO2,7,16,10
India,Maharashtra,Mumbai,"Byculla, Mumbai - BMC",21-05-2024 02:00:00,18.9767,72.8380,NH3,1,2,2
India,Maharashtra,Mumbai,"Byculla, Mumbai - BMC",21-05-2024 02:00:00,18.9767,72.8380,OZONE,16,47,30
India,Maharashtra,Mumbai,"Chakala-Andheri East, Mumbai - IITM",21-05-2024 02:00:00,19.11074,72.86084,PM2.5,8,48,23
India,Maharashtra,Mumbai,"Chakala-Andheri East, Mumbai - IITM",21-05-2024 02:00:00,19.11074,72.86084,SO2,3,21,10
India,Maharashtra,Mumbai,"Chakala-Andheri East, Mumbai - IITM",21-05-2024 02:00:00,19.11074,72.86084,OZONE,NA,NA,NA
India,Maharashtra,Mumbai,"Chembur, Mumbai - MPCB",21-05-2024 02:00:00,19.0364585,72.8954371,SO2,1,1,1
India,Maharashtra,Mumbai,"Chembur, Mumbai - MPCB",21-05-2024 02:00:00,19.0364585,72.8954371,CO,10,22,19
India,Maharashtra,Mumbai,"Chhatrapati Shivaji Intl. Airport (T2), Mumbai - MPCB",21-05-2024 02:00:00,19.10078,72.87462,PM2.5,22,47,31
India,Maharashtra,Mumbai,"Colaba, Mumbai - MPCB",21-05-2024 02:00:00,18.910000,72.820000,NO2,19,21,20
India,Maharashtra,Mumbai,"Deonar, Mumbai - IITM",21-05-2024 02:00:00,19.04946,72.9230,PM10,47,83,65
India,Maharashtra,Mumbai,"Deonar, Mumbai - IITM",21-05-2024 02:00:00,19.04946,72.9230,NO2,6,13,8
India,Maharashtra,Mumbai,"Deonar, Mumbai - IITM",21-05-2024 02:00:00,19.04946,72.9230,SO2,6,19,14
India,Maharashtra,Mumbai,"Deonar, Mumbai - IITM",21-05-2024 02:00:00,19.04946,72.9230,OZONE,8,63,25
India,Maharashtra,Mumbai,"Ghatkopar, Mumbai - BMC",21-05-2024 02:00:00,19.083694,72.920967,NH3,2,4,3
India,Maharashtra,Mumbai,"Ghatkopar, Mumbai - BMC",21-05-2024 02:00:00,19.083694,72.920967,CO,2,10,8
India,Maharashtra,Mumbai,"Ghatkopar, Mumbai - BMC",21-05-2024 02:00:00,19.083694,72.920967,OZONE,1,29,10
India,Maharashtra,Mumbai,"Kandivali East, Mumbai - MPCB",21-05-2024 02:00:00,19.205800,72.868200,NO2,17,54,28
India,Maharashtra,Mumbai,"Kandivali East, Mumbai - MPCB",21-05-2024 02:00:00,19.205800,72.868200,SO2,8,10,9
India,Maharashtra,Mumbai,"Kandivali West, Mumbai - BMC",21-05-2024 02:00:00,19.215859,72.831718,NO2,5,16,9
India,Maharashtra,Mumbai,"Kherwadi_Bandra East, Mumbai - MPCB",21-05-2024 02:00:00,19.0632143,72.8456324,PM2.5,10,42,23
India,Maharashtra,Mumbai,"Kherwadi_Bandra East, Mumbai - MPCB",21-05-2024 02:00:00,19.0632143,72.8456324,NO2,4,19,9
India,Maharashtra,Mumbai,"Kherwadi_Bandra East, Mumbai - MPCB",21-05-2024 02:00:00,19.0632143,72.8456324,CO,8,13,12
India,Maharashtra,Mumbai,"Khindipada-Bhandup West, Mumbai - IITM",21-05-2024 02:00:00,19.1653323,72.922099,PM10,24,71,48
India,Maharashtra,Mumbai,"Khindipada-Bhandup West, Mumbai - IITM",21-05-2024 02:00:00,19.1653323,72.922099,NO2,4,8,6
India,Maharashtra,Mumbai,"Khindipada-Bhandup West, Mumbai - IITM",21-05-2024 02:00:00,19.1653323,72.922099,NH3,2,7,4
India,Maharashtra,Mumbai,"Kurla, Mumbai - MPCB",21-05-2024 02:00:00,19.0863,72.8888,SO2,32,32,32
India,Maharashtra,Mumbai,"Mindspace-Malad West, Mumbai - MPCB",21-05-2024 02:00:00,19.1878657,72.8304069,PM2.5,17,50,34
India,Maharashtra,Mumbai,"Mindspace-Malad West, Mumbai - MPCB",21-05-2024 02:00:00,19.1878657,72.8304069,NH3,6,7,6
India,Maharashtra,Mumbai,"Mulund West, Mumbai - MPCB",21-05-2024 02:00:00,19.1750,72.9419,CO,38,39,39
India,Maharashtra,Mumbai,"Powai, Mumbai - MPCB",21-05-2024 02:00:00,19.137500,72.915056,PM10,52,83,70
India,Maharashtra,Mumbai,"Powai, Mumbai - MPCB",21-05-2024 02:00:00,19.137500,72.915056,CO,32,38,34
India,Maharashtra,Mumbai,"Sewri, Mumbai - BMC",21-05-2024 02:00:00,19.000084,72.856730,CO,5,8,5
India,Maharashtra,Mumbai,"Siddharth Nagar-Worli, Mumbai - IITM",21-05-2024 02:00:00,19.000083,72.813993,PM2.5,47,77,58
India,Maharashtra,Mumbai,"Siddharth Nagar-Worli, Mumbai - IITM",21-05-2024 02:00:00,19.000083,72.813993,CO,48,86,64
India,Maharashtra,Mumbai,"Vasai West, Mumbai - MPCB",21-05-2024 02:00:00,19.383200,72.820400,CO,7,17,12
India,Maharashtra,Mumbai,"Vile Parle West, Mumbai - MPCB",21-05-2024 02:00:00,19.10861,72.83622,PM10,NA,NA,NA
India,Maharashtra,Mumbai,"Vile Parle West, Mumbai - MPCB",21-05-2024 02:00:00,19.10861,72.83622,NO2,NA,NA,NA
India,Maharashtra,Nagpur,"Ambazari, Nagpur - MPCB",21-05-2024 02:00:00,21.121801,79.04952,NO2,7,50,16
India,Maharashtra,Nagpur,"Ambazari, Nagpur - MPCB",21-05-2024 02:00:00,21.121801,79.04952,OZONE,1,98,26
India,Maharashtra,Nagpur,"Mahal, Nagpur - MPCB",21-05-2024 02:00:00,21.14472,79.107595,PM2.5,2,91,54
India,Maharashtra,Nagpur,"Opp GPO Civil Lines, Nagpur - MPCB",21-05-2024 02:00:00,21.152875,79.0517531,PM2.5,22,167,65
India,Maharashtra,Nanded,"Sneh Nagar, Nanded - MPCB",21-05-2024 02:00:00,19.173852,77.296291,PM2.5,26,83,49
India,Maharashtra,Nanded,"Sneh Nagar, Nanded - MPCB",21-05-2024 02:00:00,19.173852,77.296291,NO2,4,43,18
India,Maharashtra,Nanded,"Sneh Nagar, Nanded - MPCB",21-05-2024 02:00:00,19.173852,77.296291,NH3,1,2,2
India,Maharashtra,Nashik,"Gangapur Road, Nashik - MPCB",21-05-2024 02:00:00,20.0073285,73.7762427,SO2,3,12,7
India,Maharashtra,Nashik,"Pandav Nagari, Nashik - MPCB",21-05-2024 02:00:00,19.9591346,73.7788008,NO2,8,19,12
India,Maharashtra,Nashik,"Pandav Nagari, Nashik - MPCB",21-05-2024 02:00:00,19.9591346,73.7788008,SO2,15,25,19
India,Maharashtra,Navi Mumbai,"Kopripada-Vashi, Navi Mumbai - MPCB",21-05-2024 02:00:00,19.090337,73.014232,NH3,5,7,5
India,Maharashtra,Navi Mumbai,"Kopripada-Vashi, Navi Mumbai - MPCB",21-05-2024 02:00:00,19.090337,73.014232,CO,1,12,5
India,Maharashtra,Navi Mumbai,"Mahape, Navi Mumbai - MPCB",21-05-2024 02:00:00,19.1135051,73.008978,NO2,83,86,85
India,Maharashtra,Navi Mumbai,"Mahape, Navi Mumbai - MPCB",21-05-2024 02:00:00,19.1135051,73.008978,SO2,23,23,23
India,Maharashtra,Navi Mumbai,"Mahape, Navi Mumbai - MPCB",21-05-2024 02:00:00,19.1135051,73.008978,CO,2,8,5
India,Maharashtra,Navi Mumbai,"Nerul, Navi Mumbai - MPCB",21-05-2024 02:00:00,19.008751,73.016620,PM2.5,34,58,46
India,Maharashtra,Navi Mumbai,"Nerul, Navi Mumbai - MPCB",21-05-2024 02:00:00,19.008751,73.016620,NO2,29,34,32
India,Maharashtra,Navi Mumbai,"Sanpada, Navi Mumbai - MPCB",21-05-2024 02:00:00,19.0575752,73.0151367,SO2,1,5,2
India,Maharashtra,Navi Mumbai,"Sector-19A Nerul, Navi Mumbai - IITM",21-05-2024 02:00:00,19.044,73.0325,NO2,8,27,14
India,Maharashtra,Navi Mumbai,"Sector-2E Kalamboli, Navi Mumbai - MPCB",21-05-2024 02:00:00,19.02579,73.10297,PM10,63,109,88
India,Maharashtra,Navi Mumbai,"Tondare-Taloja, Navi Mumbai - MPCB",21-05-2024 02:00:00,19.0630,73.1209,PM2.5,29,58,41
India,Maharashtra,Parbhani,"Masoom Colony, Parbhani - MPCB",21-05-2024 02:00:00,19.265594,76.761463,NO2,17,71,27
India,Maharashtra,Parbhani,"Masoom Colony, Parbhani - MPCB",21-05-2024 02:00:00,19.265594,76.761463,SO2,1,15,4
India,Maharashtra,Pimpri-Chinchwad,"Gavalinagar, Pimpri Chinchwad - MPCB",21-05-2024 02:00:00,18.63673,73.82487,PM10,62,101,85
India,Maharashtra,Pimpri-Chinchwad,"Gavalinagar, Pimpri Chinchwad - MPCB",21-05-2024 02:00:00,18.63673,73.82487,NO2,10,45,19
India,Maharashtra,Pimpri-Chinchwad,"Thergaon, Pimpri Chinchwad - MPCB",21-05-2024 02:00:00,18.616318,73.765797,PM2.5,NA,NA,NA
India,Maharashtra,Pimpri-Chinchwad,"Thergaon, Pimpri Chinchwad - MPCB",21-05-2024 02:00:00,18.616318,73.765797,NO2,NA,NA,NA
India,Maharashtra,Pimpri-Chinchwad,"Thergaon, Pimpri Chinchwad - MPCB",21-05-2024 02:00:00,18.616318,73.765797,NH3,NA,NA,NA
India,Maharashtra,Pimpri-Chinchwad,"Thergaon, Pimpri Chinchwad - MPCB",21-05-2024 02:00:00,18.616318,73.765797,CO,NA,NA,NA
India,Maharashtra,Pune,"Alandi, Pune - IITM",21-05-2024 02:00:00,18.675076,73.892743,PM2.5,20,126,49
India,Maharashtra,Pune,"Alandi, Pune - IITM",21-05-2024 02:00:00,18.675076,73.892743,CO,40,54,46
India,Maharashtra,Pune,"Hadapsar, Pune - IITM",21-05-2024 02:00:00,18.501793,73.927532,PM10,NA,NA,NA
India,Maharashtra,Pune,"Hadapsar, Pune - IITM",21-05-2024 02:00:00,18.501793,73.927532,OZONE,47,104,47
India,Maharashtra,Pune,"Karve Road, Pune - MPCB",21-05-2024 02:00:00,18.5011743,73.8165527,NO2,3,101,12
India,Maharashtra,Pune,"Mhada Colony, Pune - IITM",21-05-2024 02:00:00,18.573040,73.927715,PM10,41,150,86
India,Maharashtra,Pune,"Mhada Colony, Pune - IITM",21-05-2024 02:00:00,18.573040,73.927715,NO2,35,91,50
India,Maharashtra,Pune,"Savitribai Phule Pune University, Pune - MPCB",21-05-2024 02:00:00,18.547056,73.826908,PM2.5,NA,NA,NA
India,Maharashtra,Pune,"Savitribai Phule Pune University, Pune - MPCB",21-05-2024 02:00:00,18.547056,73.826908,NO2,NA,NA,NA
India,Maharashtra,Pune,"Savitribai Phule Pune University, Pune - MPCB",21-05-2024 02:00:00,18.547056,73.826908,NH3,NA,NA,NA
India,Maharashtra,Pune,"Transport Nagar-Nigdi, Pune - IITM",21-05-2024 02:00:00,18.664282,73.763966,CO,45,62,55
India,Maharashtra,Sangli,"Vijay Nagar, Sangli - MPCB",21-05-2024 02:00:00, 16.5038,74.3623,PM2.5,25,50,37
India,Maharashtra,Solapur,"Solapur, Solapur - MPCB",21-05-2024 02:00:00,17.6599188,75.9063906,PM2.5,44,77,63
India,Maharashtra,Solapur,"Solapur, Solapur - MPCB",21-05-2024 02:00:00,17.6599188,75.9063906,PM10,95,124,112
India,Maharashtra,Thane,"Kasarvadavali, Thane - MPCB",21-05-2024 02:00:00,19.26777,72.97182,PM2.5,32,96,74
India,Maharashtra,Thane,"Pimpleshwar Mandir, Thane - MPCB",21-05-2024 02:00:00,19.192056,72.9585188,NO2,1,18,6
India,Maharashtra,Thane,"Upvan Fort, Thane - MPCB",21-05-2024 02:00:00,19.222279,72.957979,SO2,NA,NA,NA
India,Maharashtra,Thane,"Upvan Fort, Thane - MPCB",21-05-2024 02:00:00,19.222279,72.957979,OZONE,9,47,18
India,Maharashtra,Ulhasnagar,"Sidhi Vinayak Nagar, Ulhasnagar - MPCB",21-05-2024 02:00:00,19.235581,73.159121,SO2,10,12,11
India,Maharashtra,Virar,"Bolinj, Virar - MPCB",21-05-2024 02:00:00,19.4458210,72.7988231,PM2.5,21,49,33
India,Manipur,Imphal,"Manipur University, Imphal - Manipur PCB",21-05-2024 02:00:00,24.7524239,93.9286218,SO2,95,100,97
India,Manipur,Imphal,"Manipur University, Imphal - Manipur PCB",21-05-2024 02:00:00,24.7524239,93.9286218,OZONE,1,34,5
India,Mizoram,Aizawl,"Sikulpuikawn, Aizawl - Mizoram PCB",21-05-2024 02:00:00,23.7176342,92.7192841,PM10,49,101,68
India,Nagaland,Kohima,"PWD Juction, Kohima - NPCB",21-05-2024 02:00:00,25.6635413,94.0989878,PM10,36,105,66
India,Nagaland,Kohima,"PWD Juction, Kohima - NPCB",21-05-2024 02:00:00,25.6635413,94.0989878,SO2,34,37,35
India,Nagaland,Kohima,"PWD Juction, Kohima - NPCB",21-05-2024 02:00:00,25.6635413,94.0989878,OZONE,6,49,11
India,Odisha,Angul,"Hakimapada, Angul - OSPCB",21-05-2024 02:00:00,20.832874,85.104082,NH3,NA,NA,NA
India,Odisha,Balasore,"Kalidaspur, Balasore - OSPCB",21-05-2024 02:00:00,21.51161,86.89088,NO2,1,10,1
India,Odisha,Barbil,"Forest Office, Barbil - OSPCB",21-05-2024 02:00:00,22.1166054,85.3945546,PM10,41,173,98
India,Odisha,Baripada,"Meher Colony, Baripada - OSPCB",21-05-2024 02:00:00,21.941841,86.728318,PM2.5,22,58,38
India,Odisha,Bhubaneswar,"Lingraj Mandir, Bhubaneswar - OSPCB",21-05-2024 02:00:00,20.240790,85.836784,NO2,5,16,11
India,Odisha,Bhubaneswar,"Patia, Bhubaneswar - OSPCB",21-05-2024 02:00:00,20.34652,85.81630,CO,18,26,22
India,Odisha,Bileipada,"Tata Township, Bileipada - OSPCB",21-05-2024 02:00:00,22.06156703,85.47409613,PM2.5,NA,NA,NA
India,Odisha,Bileipada,"Tata Township, Bileipada - OSPCB",21-05-2024 02:00:00,22.06156703,85.47409613,PM10,NA,NA,NA
India,Odisha,Bileipada,"Tata Township, Bileipada - OSPCB",21-05-2024 02:00:00,22.06156703,85.47409613,SO2,NA,NA,NA
India,Odisha,Brajrajnagar,"GM Office, Brajrajnagar - OSPCB",21-05-2024 02:00:00,21.8004996,83.8396977,NO2,16,22,17
India,Odisha,Brajrajnagar,"GM Office, Brajrajnagar - OSPCB",21-05-2024 02:00:00,21.8004996,83.8396977,NH3,8,9,8
India,Odisha,Brajrajnagar,"GM Office, Brajrajnagar - OSPCB",21-05-2024 02:00:00,21.8004996,83.8396977,SO2,14,14,14
India,Odisha,Cuttack,"CDA Area, Cuttack - OSPCB",21-05-2024 02:00:00,20.48891     ,85.84768     ,PM2.5,2,32,11
India,Odisha,Cuttack,"CDA Area, Cuttack - OSPCB",21-05-2024 02:00:00,20.48891     ,85.84768     ,PM10,2,48,16
India,Odisha,Cuttack,"CDA Area, Cuttack - OSPCB",21-05-2024 02:00:00,20.48891     ,85.84768     ,NO2,10,24,15
India,Odisha,Cuttack,"CDA Area, Cuttack - OSPCB",21-05-2024 02:00:00,20.48891     ,85.84768     ,SO2,1,6,2
India,Odisha,Cuttack,"CDA Area, Cuttack - OSPCB",21-05-2024 02:00:00,20.48891     ,85.84768     ,OZONE,1,69,25
India,Odisha,Keonjhar,"Jagamohanpur, Keonjhar - OSPCB",21-05-2024 02:00:00,21.643900,85.599355,NH3,NA,NA,NA
India,Odisha,Keonjhar,"Jagamohanpur, Keonjhar - OSPCB",21-05-2024 02:00:00,21.643900,85.599355,OZONE,NA,NA,NA
India,Odisha,Rairangpur,"Divisional Forest Office, Rairangpur - OSPCB",21-05-2024 02:00:00,22.265816,86.174829,NH3,3,3,3
India,Odisha,Rourkela,"Fertilizer Township, Rourkela - OSPCB",21-05-2024 02:00:00,22.18972222,84.86277778,NO2,10,50,20
India,Odisha,Rourkela,"Raghunathpali, Rourkela - OSPCB",21-05-2024 02:00:00,22.220833,84.809444,NH3,2,3,3
India,Odisha,Rourkela,"Raghunathpali, Rourkela - OSPCB",21-05-2024 02:00:00,22.220833,84.809444,CO,26,52,34
India,Odisha,Rourkela,"Sector-2, Rourkela - OSPCB",21-05-2024 02:00:00,22.24500000,84.88111111,CO,NA,NA,NA
India,Odisha,Suakati,"OMC Colony, Suakati - OSPCB",21-05-2024 02:00:00,21.606865,85.510538,PM2.5,34,55,44
India,Odisha,Suakati,"OMC Colony, Suakati - OSPCB",21-05-2024 02:00:00,21.606865,85.510538,PM10,40,102,62
India,Odisha,Talcher,"Talcher Coalfields,Talcher - OSPCB",21-05-2024 02:00:00,20.9360711,85.1707021,PM2.5,6,350,125
India,Odisha,Talcher,"Talcher Coalfields,Talcher - OSPCB",21-05-2024 02:00:00,20.9360711,85.1707021,NO2,16,25,19
India,Odisha,Talcher,"Talcher Coalfields,Talcher - OSPCB",21-05-2024 02:00:00,20.9360711,85.1707021,SO2,26,96,39
India,Odisha,Talcher,"Talcher Coalfields,Talcher - OSPCB",21-05-2024 02:00:00,20.9360711,85.1707021,CO,24,117,50
India,Odisha,Tensa,"Barsua Iron Ore Mines, Tensa - OSPCB",21-05-2024 02:00:00,21.869985,85.167016,PM2.5,27,41,36
India,Puducherry,Puducherry,"Jawahar Nagar, Puducherry - PPCC",21-05-2024 02:00:00,11.9309,79.8027,SO2,3,12,6
India,Punjab,Amritsar,"Golden Temple, Amritsar - PPCB",21-05-2024 02:00:00,31.620000,74.876512,PM10,87,113,99
India,Punjab,Amritsar,"Golden Temple, Amritsar - PPCB",21-05-2024 02:00:00,31.620000,74.876512,NH3,4,7,6
India,Punjab,Amritsar,"Golden Temple, Amritsar - PPCB",21-05-2024 02:00:00,31.620000,74.876512,OZONE,47,73,64
India,Punjab,Khanna,"Kalal Majra, Khanna - PPCB",21-05-2024 02:00:00,30.736056 ,76.209694,OZONE,38,49,44
India,Punjab,Mandi Gobindgarh,"RIMT University, Mandi Gobindgarh - PPCB",21-05-2024 02:00:00,30.649961,76.331442,PM10,115,395,196
India,Punjab,Patiala,"Model Town, Patiala - PPCB",21-05-2024 02:00:00,30.349388,76.366642,CO,17,66,45
India,Rajasthan,Ajmer,"Civil Lines,  Ajmer - RSPCB",21-05-2024 02:00:00,26.470859,74.646594,PM10,56,178,97
India,Rajasthan,Ajmer,"Civil Lines,  Ajmer - RSPCB",21-05-2024 02:00:00,26.470859,74.646594,NO2,13,14,14
India,Rajasthan,Alwar,"Moti Doongri, Alwar - RSPCB",21-05-2024 02:00:00,27.554793,76.611536,PM10,64,476,164
India,Rajasthan,Alwar,"Moti Doongri, Alwar - RSPCB",21-05-2024 02:00:00,27.554793,76.611536,SO2,9,42,27
India,Rajasthan,Barmer,"Railway Colony, Barmer - RSPCB",21-05-2024 02:00:00,25.747299,71.393989,OZONE,43,97,70
India,Rajasthan,Bharatpur,"Krishna Nagar, Bharatpur - RSPCB",21-05-2024 02:00:00,27.215415,77.50873,NO2,6,74,29
India,Rajasthan,Bharatpur,"Krishna Nagar, Bharatpur - RSPCB",21-05-2024 02:00:00,27.215415,77.50873,SO2,1,11,4
India,Rajasthan,Bhilwara,"Pratap Nagar, Bhilwara - RSPCB",21-05-2024 02:00:00,25.339605,74.618883,SO2,6,20,14
India,Rajasthan,Bhiwadi,"RIICO Ind. Area III, Bhiwadi - RSPCB",21-05-2024 02:00:00,28.194909,76.862296,CO,9,106,44
India,Rajasthan,Bhiwadi,"Vasundhara Nagar_UIT, Bhiwadi - RSPCB",21-05-2024 02:00:00,28.207266,76.829265,NH3,7,18,14
India,Rajasthan,Bikaner,"MM Ground, Bikaner - RSPCB",21-05-2024 02:00:00,28.018792,73.292658,PM2.5,NA,NA,NA
India,Rajasthan,Bikaner,"MM Ground, Bikaner - RSPCB",21-05-2024 02:00:00,28.018792,73.292658,SO2,3,6,5
India,Rajasthan,Bundi,"New Colony, Bundi - RSPCB",21-05-2024 02:00:00,25.435774,75.644272,SO2,5,8,6
India,Rajasthan,Bundi,"New Colony, Bundi - RSPCB",21-05-2024 02:00:00,25.435774,75.644272,OZONE,8,121,71
India,Rajasthan,Chittorgarh,"Shastri Nagar, Chittorgarh - RSPCB",21-05-2024 02:00:00,24.892047,74.623527,PM2.5,28,137,85
India,Rajasthan,Churu,"Subash Chowk, Churu - RSPCB",21-05-2024 02:00:00,28.296139,74.961696,SO2,NA,NA,NA
India,Rajasthan,Dausa,"Khatikan Mohalla, Dausa - RSPCB",21-05-2024 02:00:00,26.895552,76.334753,NH3,2,16,6
India,Rajasthan,Dausa,"Khatikan Mohalla, Dausa - RSPCB",21-05-2024 02:00:00,26.895552,76.334753,SO2,1,8,2
India,Rajasthan,Dholpur,"Raja Ganj, Dholpur - RSPCB",21-05-2024 02:00:00,26.699557,77.898881,PM2.5,40,180,66
India,Rajasthan,Dholpur,"Raja Ganj, Dholpur - RSPCB",21-05-2024 02:00:00,26.699557,77.898881,SO2,1,108,20
India,Rajasthan,Dholpur,"Raja Ganj, Dholpur - RSPCB",21-05-2024 02:00:00,26.699557,77.898881,CO,13,42,28
India,Rajasthan,Dungarpur,"Bhoiwada, Dungarpur - RSPCB",21-05-2024 02:00:00,23.837789,73.714926,PM10,64,123,90
India,Rajasthan,Hanumangarh,"Housing Board, Hanumangarh - RSPCB",21-05-2024 02:00:00,29.610750,74.283608,NO2,4,71,22
India,Rajasthan,Hanumangarh,"Housing Board, Hanumangarh - RSPCB",21-05-2024 02:00:00,29.610750,74.283608,CO,38,103,66
India,Rajasthan,Jaipur,"Adarsh Nagar, Jaipur - RSPCB",21-05-2024 02:00:00,26.902909,75.836858,PM2.5,31,81,53
India,Rajasthan,Jaipur,"Adarsh Nagar, Jaipur - RSPCB",21-05-2024 02:00:00,26.902909,75.836858,SO2,1,31,17
India,Rajasthan,Jaipur,"Mansarovar Sector-12, Jaipur - RSPCB",21-05-2024 02:00:00,26.843698,75.766894,PM2.5,31,203,67
India,Rajasthan,Jaipur,"Police Commissionerate, Jaipur - RSPCB",21-05-2024 02:00:00,26.9164092,75.7994901,NH3,3,6,5
India,Rajasthan,Jaipur,"Police Commissionerate, Jaipur - RSPCB",21-05-2024 02:00:00,26.9164092,75.7994901,SO2,5,38,17
India,Rajasthan,Jaipur,"Police Commissionerate, Jaipur - RSPCB",21-05-2024 02:00:00,26.9164092,75.7994901,CO,24,70,45
India,Rajasthan,Jaipur,"Police Commissionerate, Jaipur - RSPCB",21-05-2024 02:00:00,26.9164092,75.7994901,OZONE,26,166,57
India,Rajasthan,Jaipur,"RIICO Sitapura, Jaipur - RSPCB",21-05-2024 02:00:00,26.786682,75.827928,NO2,22,263,71
India,Rajasthan,Jaipur,"RIICO Sitapura, Jaipur - RSPCB",21-05-2024 02:00:00,26.786682,75.827928,NH3,2,5,4
India,Rajasthan,Jaipur,"RIICO Sitapura, Jaipur - RSPCB",21-05-2024 02:00:00,26.786682,75.827928,CO,14,110,57
India,Rajasthan,Jaipur,"Sector-2 Murlipura, Jaipur - RSPCB",21-05-2024 02:00:00,26.960669,75.771817,PM2.5,67,278,117
India,Rajasthan,Jaipur,"Sector-2 Murlipura, Jaipur - RSPCB",21-05-2024 02:00:00,26.960669,75.771817,OZONE,18,98,47
India,Rajasthan,Jaipur,"Shastri Nagar, Jaipur - RSPCB",21-05-2024 02:00:00,26.9502929,75.730943,PM2.5,26,196,118
India,Rajasthan,Jaipur,"Shastri Nagar, Jaipur - RSPCB",21-05-2024 02:00:00,26.9502929,75.730943,NH3,6,23,10
India,Rajasthan,Jaipur,"Shastri Nagar, Jaipur - RSPCB",21-05-2024 02:00:00,26.9502929,75.730943,SO2,4,47,24
India,Rajasthan,Jaipur,"Shastri Nagar, Jaipur - RSPCB",21-05-2024 02:00:00,26.9502929,75.730943,OZONE,14,114,50
India,Rajasthan,Jaisalmer,"Sadar Bazar, Jaisalmer - RSPCB",21-05-2024 02:00:00,26.912329,70.909168,PM2.5,NA,NA,NA
India,Rajasthan,Jaisalmer,"Sadar Bazar, Jaisalmer - RSPCB",21-05-2024 02:00:00,26.912329,70.909168,PM10,NA,NA,NA
India,Rajasthan,Jaisalmer,"Sadar Bazar, Jaisalmer - RSPCB",21-05-2024 02:00:00,26.912329,70.909168,SO2,3,5,4
India,Rajasthan,Jhunjhunu,"Indra Nagar, Jhunjhunu - RSPCB",21-05-2024 02:00:00,28.108988,75.386577,PM2.5,36,204,74
India,Rajasthan,Jhunjhunu,"Indra Nagar, Jhunjhunu - RSPCB",21-05-2024 02:00:00,28.108988,75.386577,CO,6,34,18
India,Rajasthan,Jodhpur,"Collectorate, Jodhpur - RSPCB",21-05-2024 02:00:00,26.268249,73.0193853,PM2.5,26,216,97
India,Rajasthan,Jodhpur,"Digari Kalan, Jodhpur - RSPCB",21-05-2024 02:00:00,26.295810,73.082283,PM10,59,183,107
India,Rajasthan,Jodhpur,"Digari Kalan, Jodhpur - RSPCB",21-05-2024 02:00:00,26.295810,73.082283,NH3,3,6,4
India,Rajasthan,Jodhpur,"Jhalamand, Jodhpur - RSPCB",21-05-2024 02:00:00,26.215415,73.070156,PM10,53,164,95
India,Rajasthan,Jodhpur,"Jhalamand, Jodhpur - RSPCB",21-05-2024 02:00:00,26.215415,73.070156,CO,5,31,23
India,Rajasthan,Jodhpur,"Samrat Ashok Udhyan, Jodhpur - RSPCB",21-05-2024 02:00:00,26.253384,72.976571,CO,9,30,17
India,Rajasthan,Karauli,"Satyawati Vihar, Karauli - RSPCB",21-05-2024 02:00:00,26.506177,77.025989,SO2,3,32,18
India,Rajasthan,Karauli,"Satyawati Vihar, Karauli - RSPCB",21-05-2024 02:00:00,26.506177,77.025989,CO,4,24,14
India,Rajasthan,Kota,"Dhanmandi, Kota - RSPCB",21-05-2024 02:00:00,25.164090,75.858137,SO2,4,20,8
India,Rajasthan,Kota,"Nayapura, Kota - RSPCB",21-05-2024 02:00:00,25.196024,75.855668,PM10,85,199,125
India,Rajasthan,Kota,"Shrinath Puram, Kota - RSPCB",21-05-2024 02:00:00,25.14389,75.821256,SO2,4,24,12
India,Rajasthan,Nagaur,"Karni Colony, Nagaur - RSPCB",21-05-2024 02:00:00,27.213494,73.734444,OZONE,42,90,62
India,Rajasthan,Pali,"Indira Colony Vistar, Pali - RSPCB",21-05-2024 02:00:00,25.771061, 73.340227,NO2,24,59,36
India,Rajasthan,Pratapgarh,"Pragati Nagar, Pratapgarh - RSPCB",21-05-2024 02:00:00,24.041198,74.780702,PM2.5,21,62,36
India,Rajasthan,Pratapgarh,"Pragati Nagar, Pratapgarh - RSPCB",21-05-2024 02:00:00,24.041198,74.780702,OZONE,16,119,84
India,Rajasthan,Sawai Madhopur,"Sahu Nagar, Sawai Madhopur - RSPCB",21-05-2024 02:00:00,26.031443,76.359327,NH3,3,12,8
India,Rajasthan,Sawai Madhopur,"Sahu Nagar, Sawai Madhopur - RSPCB",21-05-2024 02:00:00,26.031443,76.359327,OZONE,25,118,65
India,Rajasthan,Sikar,"Radhakishan Pura, Sikar - RSPCB",21-05-2024 02:00:00,27.608912,75.153302,SO2,2,6,4
India,Rajasthan,Sikar,"Radhakishan Pura, Sikar - RSPCB",21-05-2024 02:00:00,27.608912,75.153302,CO,16,48,29
India,Rajasthan,Sirohi,"Vedhaynath Colony, Sirohi - RSPCB",21-05-2024 02:00:00,24.885261,72.857549,PM10,36,106,54
India,Rajasthan,Sirohi,"Vedhaynath Colony, Sirohi - RSPCB",21-05-2024 02:00:00,24.885261,72.857549,CO,5,32,10
India,Rajasthan,Sri Ganganagar,"Old City, Sri Ganganagar - RSPCB",21-05-2024 02:00:00,29.931624,73.864511,PM2.5,47,313,140
India,Rajasthan,Sri Ganganagar,"Old City, Sri Ganganagar - RSPCB",21-05-2024 02:00:00,29.931624,73.864511,PM10,117,420,206
India,Rajasthan,Tonk,"Shastri Nagar, Tonk - RSPCB",21-05-2024 02:00:00,26.159933,75.780517,NO2,7,74,28
India,Rajasthan,Tonk,"Shastri Nagar, Tonk - RSPCB",21-05-2024 02:00:00,26.159933,75.780517,NH3,2,19,8
India,Rajasthan,Udaipur,"Ashok Nagar, Udaipur - RSPCB",21-05-2024 02:00:00,24.5886166,73.6321397,SO2,1,13,8
India,Rajasthan,Udaipur,"Ashok Nagar, Udaipur - RSPCB",21-05-2024 02:00:00,24.5886166,73.6321397,CO,2,107,47
India,TamilNadu,Ariyalur,"Keelapalur, Ariyalur - TNPCB",21-05-2024 02:00:00,11.06825,79.07033,PM2.5,9,38,24
India,TamilNadu,Ariyalur,"Keelapalur, Ariyalur - TNPCB",21-05-2024 02:00:00,11.06825,79.07033,PM10,7,36,23
India,TamilNadu,Chennai,"Alandur Bus Depot, Chennai - CPCB",21-05-2024 02:00:00,12.9099161,80.1076538,CO,60,64,62
India,TamilNadu,Chennai,"Alandur Bus Depot, Chennai - CPCB",21-05-2024 02:00:00,12.9099161,80.1076538,OZONE,1,11,6
India,TamilNadu,Chennai,"Arumbakkam, Chennai - TNPCB",21-05-2024 02:00:00,13.0664,80.2112 ,PM2.5,2,35,14
India,TamilNadu,Chennai,"Velachery Res. Area, Chennai - CPCB",21-05-2024 02:00:00,13.0052189,80.2398125,NO2,19,32,23
India,TamilNadu,Chennai,"Velachery Res. Area, Chennai - CPCB",21-05-2024 02:00:00,13.0052189,80.2398125,NH3,21,36,28
India,TamilNadu,Chennai,"Velachery Res. Area, Chennai - CPCB",21-05-2024 02:00:00,13.0052189,80.2398125,SO2,11,11,11
India,TamilNadu,Cuddalore,"Semmandalam, Cuddalore - TNPCB",21-05-2024 02:00:00,11.7637683,79.7499835,PM10,8,33,15
India,TamilNadu,Cuddalore,"Semmandalam, Cuddalore - TNPCB",21-05-2024 02:00:00,11.7637683,79.7499835,NO2,2,14,7
India,TamilNadu,Gummidipoondi,"Anthoni Pillai Nagar, Gummidipoondi - TNPCB",21-05-2024 02:00:00,13.4127,80.1081,NH3,3,5,4
India,TamilNadu,Ooty,"Bombay Castel, Ooty - TNPCB",21-05-2024 02:00:00,11.4068288,76.7138973,NH3,NA,NA,NA
India,TamilNadu,Ooty,"Bombay Castel, Ooty - TNPCB",21-05-2024 02:00:00,11.4068288,76.7138973,SO2,13,16,15
India,TamilNadu,Ooty,"Bombay Castel, Ooty - TNPCB",21-05-2024 02:00:00,11.4068288,76.7138973,OZONE,5,6,5
India,TamilNadu,Palkalaiperur,"Bharathidasan University, Palkalaiperur - TNPCB",21-05-2024 02:00:00,10.681158,78.741746,CO,2,7,4
India,TamilNadu,Vellore,"Vasanthapuram, Vellore - TNPCB",21-05-2024 02:00:00,12.909494,79.131861,NH3,1,1,1
India,Telangana,Hyderabad,"Bollaram Industrial Area, Hyderabad - TSPCB",21-05-2024 02:00:00,17.540891,78.358528,NH3,2,4,3
India,Telangana,Hyderabad,"Bollaram Industrial Area, Hyderabad - TSPCB",21-05-2024 02:00:00,17.540891,78.358528,CO,1,114,85
India,Telangana,Hyderabad,"Central University, Hyderabad - TSPCB",21-05-2024 02:00:00,17.460103,78.334361,PM2.5,2,32,14
India,Telangana,Hyderabad,"ICRISAT Patancheru, Hyderabad - TSPCB",21-05-2024 02:00:00,17.518400,78.278777,PM2.5,2,25,10
India,Telangana,Hyderabad,"ICRISAT Patancheru, Hyderabad - TSPCB",21-05-2024 02:00:00,17.518400,78.278777,SO2,NA,NA,NA
India,Telangana,Hyderabad,"IITH Kandi, Hyderabad - TSPCB",21-05-2024 02:00:00,17.585705,78.126199,PM10,NA,NA,NA
India,Telangana,Hyderabad,"IITH Kandi, Hyderabad - TSPCB",21-05-2024 02:00:00,17.585705,78.126199,SO2,NA,NA,NA
India,Telangana,Hyderabad,"Kompally Municipal Office, Hyderabad - TSPCB",21-05-2024 02:00:00,17.544899,78.486949,NH3,5,7,6
India,Telangana,Hyderabad,"Kompally Municipal Office, Hyderabad - TSPCB",21-05-2024 02:00:00,17.544899,78.486949,SO2,2,17,10
India,Telangana,Hyderabad,"Kompally Municipal Office, Hyderabad - TSPCB",21-05-2024 02:00:00,17.544899,78.486949,OZONE,25,53,40
India,Telangana,Hyderabad,"Nacharam_TSIIC IALA, Hyderabad - TSPCB",21-05-2024 02:00:00,17.429398,78.569354,NO2,NA,NA,NA
India,Telangana,Hyderabad,"New Malakpet, Hyderabad - TSPCB",21-05-2024 02:00:00,17.37206,78.50864,PM10,76,96,84
India,Telangana,Hyderabad,"Ramachandrapuram, Hyderabad - TSPCB",21-05-2024 02:00:00,17.528544,78.286195,CO,NA,NA,NA
India,Telangana,Hyderabad,"Ramachandrapuram, Hyderabad - TSPCB",21-05-2024 02:00:00,17.528544,78.286195,OZONE,NA,NA,NA
India,Telangana,Hyderabad,"Somajiguda, Hyderabad - TSPCB",21-05-2024 02:00:00,17.417094,78.457437,OZONE,21,44,26
India,Telangana,Hyderabad,"Zoo Park, Hyderabad - TSPCB",21-05-2024 02:00:00,17.349694,78.451437,SO2,1,5,3
India,Tripura,Agartala,"Bardowali, Agartala - Tripura SPCB",21-05-2024 02:00:00,23.8175497,91.2726974,PM10,NA,NA,NA
India,Tripura,Agartala,"Bardowali, Agartala - Tripura SPCB",21-05-2024 02:00:00,23.8175497,91.2726974,SO2,NA,NA,NA
India,Uttar_Pradesh,Agra,"Manoharpur, Agra - UPPCB",21-05-2024 02:00:00,27.23711,78.01936,PM2.5,28,74,45
India,Uttar_Pradesh,Agra,"Manoharpur, Agra - UPPCB",21-05-2024 02:00:00,27.23711,78.01936,NO2,35,35,35
India,Uttar_Pradesh,Agra,"Rohta, Agra - UPPCB",21-05-2024 02:00:00,27.106972,78.000111,PM2.5,20,71,38
India,Uttar_Pradesh,Agra,"Sanjay Palace, Agra - UPPCB",21-05-2024 02:00:00,27.19865833,78.00598056,PM2.5,NA,NA,NA
India,Uttar_Pradesh,Agra,"Shastripuram, Agra - UPPCB",21-05-2024 02:00:00,27.19862,77.92066,NO2,31,125,43
India,Uttar_Pradesh,Baghpat,"Sardar Patel Inter College, Baghpat - UPPCB",21-05-2024 02:00:00,28.964949,77.278761,PM2.5,56,92,75
India,Uttar_Pradesh,Baghpat,"Sardar Patel Inter College, Baghpat - UPPCB",21-05-2024 02:00:00,28.964949,77.278761,PM10,135,209,177
India,Uttar_Pradesh,Baghpat,"Sardar Patel Inter College, Baghpat - UPPCB",21-05-2024 02:00:00,28.964949,77.278761,CO,46,103,90
India,Uttar_Pradesh,Bareilly,"Rajendra Nagar, Bareilly - UPPCB",21-05-2024 02:00:00,28.38910936,79.42963708,PM10,26,110,62
India,Uttar_Pradesh,Bareilly,"Rajendra Nagar, Bareilly - UPPCB",21-05-2024 02:00:00,28.38910936,79.42963708,CO,7,48,19
India,Uttar_Pradesh,Bulandshahr,"Yamunapuram, Bulandshahr - UPPCB",21-05-2024 02:00:00,28.406963,77.849831,CO,22,84,55
India,Uttar_Pradesh,Firozabad,"Nagla Bhau, Firozabad - UPPCB",21-05-2024 02:00:00,27.168897,78.376960,CO,26,48,38
India,Uttar_Pradesh,Firozabad,"Vibhab Nagar, Firozabad - UPPCB",21-05-2024 02:00:00,27.1594,78.3953,PM2.5,73,225,108
India,Uttar_Pradesh,Firozabad,"Vibhab Nagar, Firozabad - UPPCB",21-05-2024 02:00:00,27.1594,78.3953,SO2,1,70,18
India,Uttar_Pradesh,Firozabad,"Vibhab Nagar, Firozabad - UPPCB",21-05-2024 02:00:00,27.1594,78.3953,CO,11,68,38
India,Uttar_Pradesh,Firozabad,"Vibhab Nagar, Firozabad - UPPCB",21-05-2024 02:00:00,27.1594,78.3953,OZONE,2,118,31
India,Uttar_Pradesh,Ghaziabad,"Indirapuram, Ghaziabad - UPPCB",21-05-2024 02:00:00,28.646233,77.358075,NO2,61,125,86
India,Uttar_Pradesh,Ghaziabad,"Indirapuram, Ghaziabad - UPPCB",21-05-2024 02:00:00,28.646233,77.358075,SO2,4,12,9
India,Uttar_Pradesh,Ghaziabad,"Indirapuram, Ghaziabad - UPPCB",21-05-2024 02:00:00,28.646233,77.358075,CO,14,78,50
India,Uttar_Pradesh,Ghaziabad,"Loni, Ghaziabad - UPPCB",21-05-2024 02:00:00,28.757294,77.278792,PM10,131,323,203
India,Uttar_Pradesh,Ghaziabad,"Loni, Ghaziabad - UPPCB",21-05-2024 02:00:00,28.757294,77.278792,NO2,13,97,46
India,Uttar_Pradesh,Ghaziabad,"Loni, Ghaziabad - UPPCB",21-05-2024 02:00:00,28.757294,77.278792,CO,8,84,42
India,Uttar_Pradesh,Ghaziabad,"Sanjay Nagar, Ghaziabad - UPPCB",21-05-2024 02:00:00,28.685382,77.453839,OZONE,6,150,34
India,Uttar_Pradesh,Ghaziabad,"Vasundhara, Ghaziabad - UPPCB",21-05-2024 02:00:00,28.6603346,77.3572563,NH3,5,12,9
India,Uttar_Pradesh,Gorakhpur,"Madan Mohan Malaviya University of Technology, Gorakhpur - UPPCB",21-05-2024 02:00:00,26.730136,83.433859,CO,4,14,5
India,Uttar_Pradesh,Greater Noida,"Knowledge Park - III, Greater Noida - UPPCB",21-05-2024 02:00:00,28.47272,77.482000,PM10,199,429,273
India,Uttar_Pradesh,Greater Noida,"Knowledge Park - V, Greater Noida - UPPCB",21-05-2024 02:00:00,28.557054,77.453663,PM2.5,59,386,212
India,Uttar_Pradesh,Hapur,"Anand Vihar, Hapur - UPPCB",21-05-2024 02:00:00,28.725645,77.749675,PM10,98,161,121
India,Uttar_Pradesh,Jhansi,"Shivaji Nagar, Jhansi - UPPCB",21-05-2024 02:00:00,25.4547,78.6039,NH3,4,6,6
India,Uttar_Pradesh,Jhansi,"Shivaji Nagar, Jhansi - UPPCB",21-05-2024 02:00:00,25.4547,78.6039,CO,6,30,16
India,Uttar_Pradesh,Kanpur,"FTI Kidwai Nagar, Kanpur - UPPCB",21-05-2024 02:00:00,26.428282,80.327067,PM2.5,77,309,123
India,Uttar_Pradesh,Kanpur,"NSI Kalyanpur, Kanpur - UPPCB",21-05-2024 02:00:00,26.509954,80.249612,OZONE,7,97,21
India,Uttar_Pradesh,Kanpur,"Nehru Nagar, Kanpur - UPPCB",21-05-2024 02:00:00,26.4703136,80.3229863,PM2.5,32,108,60
India,Uttar_Pradesh,Khurja,"Kalindi Kunj, Khurja - UPPCB",21-05-2024 02:00:00,28.2348927,77.8683002,NO2,3,3,3
India,Uttar_Pradesh,Khurja,"Kalindi Kunj, Khurja - UPPCB",21-05-2024 02:00:00,28.2348927,77.8683002,CO,40,55,50
India,Uttar_Pradesh,Lucknow,"Gomti Nagar, Lucknow - UPPCB",21-05-2024 02:00:00,26.868120,81.005119,NO2,9,12,11
India,Uttar_Pradesh,Lucknow,"Gomti Nagar, Lucknow - UPPCB",21-05-2024 02:00:00,26.868120,81.005119,SO2,8,16,11
India,Uttar_Pradesh,Lucknow,"Gomti Nagar, Lucknow - UPPCB",21-05-2024 02:00:00,26.868120,81.005119,CO,39,46,41
India,Uttar_Pradesh,Lucknow,"Kendriya Vidyalaya, Lucknow - CPCB",21-05-2024 02:00:00,26.906111,80.948222,SO2,6,8,7
India,Uttar_Pradesh,Lucknow,"Kukrail Picnic Spot-1, Lucknow - UPPCB",21-05-2024 02:00:00,26.90723,80.98579,PM2.5,41,113,87
India,Uttar_Pradesh,Lucknow,"Kukrail Picnic Spot-1, Lucknow - UPPCB",21-05-2024 02:00:00,26.90723,80.98579,NH3,2,2,2
India,Uttar_Pradesh,Lucknow,"Lalbagh, Lucknow - CPCB",21-05-2024 02:00:00,26.8458805,80.9365541,NO2,14,15,15
India,Uttar_Pradesh,Lucknow,"Lalbagh, Lucknow - CPCB",21-05-2024 02:00:00,26.8458805,80.9365541,SO2,1,12,6
India,Uttar_Pradesh,Lucknow,"Lalbagh, Lucknow - CPCB",21-05-2024 02:00:00,26.8458805,80.9365541,OZONE,25,53,41
India,Uttar_Pradesh,Lucknow,"Talkatora District Industries Center, Lucknow - CPCB",21-05-2024 02:00:00,26.83399722,80.8917361,PM2.5,52,312,166
India,Uttar_Pradesh,Meerut,"Ganga Nagar, Meerut - UPPCB",21-05-2024 02:00:00,28.999264,77.7590354,PM10,109,196,143
India,Uttar_Pradesh,Meerut,"Ganga Nagar, Meerut - UPPCB",21-05-2024 02:00:00,28.999264,77.7590354,CO,25,164,44
India,Uttar_Pradesh,Moradabad,"Buddhi Vihar, Moradabad - UPPCB",21-05-2024 02:00:00,28.83526,78.74460,PM2.5,25,96,56
India,Uttar_Pradesh,Moradabad,"Buddhi Vihar, Moradabad - UPPCB",21-05-2024 02:00:00,28.83526,78.74460,SO2,24,106,50
India,Uttar_Pradesh,Moradabad,"Buddhi Vihar, Moradabad - UPPCB",21-05-2024 02:00:00,28.83526,78.74460,CO,28,47,37
India,Uttar_Pradesh,Moradabad,"Eco Herbal Park, Moradabad - UPPCB",21-05-2024 02:00:00,28.840739,78.697531,PM10,48,138,97
India,Uttar_Pradesh,Moradabad,"Eco Herbal Park, Moradabad - UPPCB",21-05-2024 02:00:00,28.840739,78.697531,NO2,12,66,23
India,Uttar_Pradesh,Moradabad,"Kashiram Nagar, Moradabad - UPPCB",21-05-2024 02:00:00,28.849399,78.742362,PM2.5,42,128,76
India,Uttar_Pradesh,Moradabad,"Kashiram Nagar, Moradabad - UPPCB",21-05-2024 02:00:00,28.849399,78.742362,OZONE,26,133,52
India,Uttar_Pradesh,Moradabad,"Transport Nagar, Moradabad - UPPCB",21-05-2024 02:00:00,28.802625,78.753728,PM10,55,127,91
India,Uttar_Pradesh,Moradabad,"Transport Nagar, Moradabad - UPPCB",21-05-2024 02:00:00,28.802625,78.753728,CO,40,42,41
India,Uttar_Pradesh,Muzaffarnagar,"New Mandi, Muzaffarnagar - UPPCB",21-05-2024 02:00:00,29.4723508,77.7194031,OZONE,15,82,51
India,Uttar_Pradesh,Noida,"Sector-116, Noida - UPPCB",21-05-2024 02:00:00,28.569230,77.393848,PM10,152,387,258
India,Uttar_Pradesh,Prayagraj,"Jhunsi, Prayagraj - UPPCB",21-05-2024 02:00:00,25.425602,81.917152,NH3,5,5,5
India,Uttar_Pradesh,Prayagraj,"Nagar Nigam, Prayagraj - UPPCB",21-05-2024 02:00:00,25.44919916 ,81.82735986 ,OZONE,11,12,11
India,Uttar_Pradesh,Varanasi,"Ardhali Bazar, Varanasi - UPPCB",21-05-2024 02:00:00,25.3505986,82.9083074,SO2,17,30,24
India,Uttar_Pradesh,Varanasi,"Ardhali Bazar, Varanasi - UPPCB",21-05-2024 02:00:00,25.3505986,82.9083074,CO,4,42,15
India,Uttar_Pradesh,Varanasi,"Ardhali Bazar, Varanasi - UPPCB",21-05-2024 02:00:00,25.3505986,82.9083074,OZONE,24,39,30
India,Uttar_Pradesh,Varanasi,"Bhelupur, Varanasi - UPPCB",21-05-2024 02:00:00,25.301778,82.996789,NH3,1,1,1
India,Uttar_Pradesh,Varanasi,"IESD Banaras Hindu University, Varanasi - UPPCB",21-05-2024 02:00:00,25.262326,82.995408,PM10,16,82,33
India,Uttar_Pradesh,Varanasi,"IESD Banaras Hindu University, Varanasi - UPPCB",21-05-2024 02:00:00,25.262326,82.995408,NO2,2,3,2
India,Uttar_Pradesh,Vrindavan,"Omex Eternity, Vrindavan - UPPCB",21-05-2024 02:00:00,27.5714090,77.6557570,NH3,1,1,1
India,Uttar_Pradesh,Vrindavan,"Omex Eternity, Vrindavan - UPPCB",21-05-2024 02:00:00,27.5714090,77.6557570,CO,22,68,46
India,Uttarakhand,Dehradun,"Doon University, Dehradun - UKPCB",21-05-2024 02:00:00,30.269444,78.044167,OZONE,45,147,106
India,Uttarakhand,Kashipur,"Govt. Girls Inter College, Kashipur - UKPCB",21-05-2024 02:00:00,29.2124114,78.9611753,PM2.5,48,86,70
India,Uttarakhand,Kashipur,"Govt. Girls Inter College, Kashipur - UKPCB",21-05-2024 02:00:00,29.2124114,78.9611753,NH3,5,9,6
India,Uttarakhand,Rishikesh,"Shivaji Nagar, Rishikesh - UKPCB",21-05-2024 02:00:00,30.075911,78.2859547,PM10,20,116,59
India,Uttarakhand,Rishikesh,"Shivaji Nagar, Rishikesh - UKPCB",21-05-2024 02:00:00,30.075911,78.2859547,OZONE,58,154,115
India,West_Bengal,Asansol,"Asansol Court Area, Asansol - WBPCB",21-05-2024 02:00:00,23.685297,86.945968,PM10,74,124,110
India,West_Bengal,Asansol,"Asansol Court Area, Asansol - WBPCB",21-05-2024 02:00:00,23.685297,86.945968,CO,10,26,17
India,West_Bengal,Barrackpore,"SVSPA Campus, Barrackpore - WBPCB",21-05-2024 02:00:00,22.7605581,88.3617589,NH3,1,1,1
India,West_Bengal,Durgapur,"PCBL Residential Complex, Durgapur - WBPCB",21-05-2024 02:00:00,23.5087640,87.3544400,PM10,51,148,98
India,West_Bengal,Durgapur,"PCBL Residential Complex, Durgapur - WBPCB",21-05-2024 02:00:00,23.5087640,87.3544400,SO2,6,13,8
India,West_Bengal,Haldia,"Priyambada Housing Estate, Haldia - WBPCB",21-05-2024 02:00:00,22.06047,88.109737,PM2.5,9,29,17
India,West_Bengal,Howrah,"Belur Math, Howrah - WBPCB",21-05-2024 02:00:00,22.629801,88.352017,SO2,7,8,7
India,West_Bengal,Howrah,"Ghusuri, Howrah - WBPCB",21-05-2024 02:00:00,22.611968,88.347422,SO2,5,6,6
India,West_Bengal,Howrah,"Padmapukur, Howrah - WBPCB",21-05-2024 02:00:00,22.5687319,88.2797276,SO2,7,63,21
India,West_Bengal,Howrah,"Padmapukur, Howrah - WBPCB",21-05-2024 02:00:00,22.5687319,88.2797276,CO,6,51,23
India,West_Bengal,Howrah,"Padmapukur, Howrah - WBPCB",21-05-2024 02:00:00,22.5687319,88.2797276,OZONE,62,77,64
India,West_Bengal,Kolkata,"Ballygunge, Kolkata - WBPCB",21-05-2024 02:00:00,22.5367507,88.3638022,PM10,16,35,24
India,West_Bengal,Kolkata,"Bidhannagar, Kolkata - WBPCB",21-05-2024 02:00:00,22.58157048,88.41002457,PM2.5,5,22,11
India,West_Bengal,Kolkata,"Fort William, Kolkata - WBPCB",21-05-2024 02:00:00,22.556640,88.342674,PM2.5,19,39,28
India,West_Bengal,Kolkata,"Jadavpur, Kolkata - WBPCB",21-05-2024 02:00:00,22.49929,88.36917,NO2,45,59,52
India,West_Bengal,Kolkata,"Jadavpur, Kolkata - WBPCB",21-05-2024 02:00:00,22.49929,88.36917,SO2,4,8,5
India,West_Bengal,Kolkata,"Jadavpur, Kolkata - WBPCB",21-05-2024 02:00:00,22.49929,88.36917,CO,4,24,22
India,West_Bengal,Kolkata,"Rabindra Bharati University, Kolkata - WBPCB",21-05-2024 02:00:00,22.627847,88.380669,PM2.5,6,29,13
India,West_Bengal,Kolkata,"Rabindra Bharati University, Kolkata - WBPCB",21-05-2024 02:00:00,22.627847,88.380669,SO2,4,9,6
India,West_Bengal,Kolkata,"Rabindra Sarobar, Kolkata - WBPCB",21-05-2024 02:00:00,22.51106,88.35142,NH3,8,10,9
India,West_Bengal,Kolkata,"Rabindra Sarobar, Kolkata - WBPCB",21-05-2024 02:00:00,22.51106,88.35142,CO,12,24,21
India,West_Bengal,Kolkata,"Rabindra Sarobar, Kolkata - WBPCB",21-05-2024 02:00:00,22.51106,88.35142,OZONE,12,45,20
India,West_Bengal,Kolkata,"Victoria, Kolkata - WBPCB",21-05-2024 02:00:00,22.5448082,88.3403691,PM10,27,50,35
India,West_Bengal,Kolkata,"Victoria, Kolkata - WBPCB",21-05-2024 02:00:00,22.5448082,88.3403691,CO,2,22,15
India,West_Bengal,Siliguri,"Ward-32 Bapupara, Siliguri - WBPCB",21-05-2024 02:00:00,26.6879226,88.4152495,PM2.5,38,56,46
India,West_Bengal,Siliguri,"Ward-32 Bapupara, Siliguri - WBPCB",21-05-2024 02:00:00,26.6879226,88.4152495,NO2,25,41,33
India,Andhra_Pradesh,Amaravati,"Secretariat, Amaravati - APPCB",21-05-2024 02:00:00,16.5150833,80.5181667,CO,7,111,32
India,Andhra_Pradesh,Chittoor,"Gangineni Cheruvu, Chittoor - APPCB",21-05-2024 02:00:00,13.204880,79.097889,PM10,NA,NA,NA
India,Andhra_Pradesh,Rajamahendravaram,"Anand Kala Kshetram, Rajamahendravaram - APPCB",21-05-2024 02:00:00,16.9872867,81.7363176,OZONE,2,33,20
India,Andhra_Pradesh,Tirupati,"Tirumala, Tirupati - APPCB",21-05-2024 02:00:00,13.67,79.35,PM10,7,76,37
India,Andhra_Pradesh,Tirupati,"Tirumala, Tirupati - APPCB",21-05-2024 02:00:00,13.67,79.35,NO2,14,34,22
India,Andhra_Pradesh,Tirupati,"Vaikuntapuram, Tirupati - APPCB",21-05-2024 02:00:00,13.615387,79.409230,NO2,NA,NA,NA
India,Andhra_Pradesh,Vijayawada,"HB Colony, Vijayawada - APPCB",21-05-2024 02:00:00,16.536107,80.594233,NO2,14,34,21
India,Andhra_Pradesh,Vijayawada,"Kanuru, Vijayawada - APPCB",21-05-2024 02:00:00,16.486692,80.699436,NH3,1,1,1
India,Andhra_Pradesh,Vijayawada,"Kanuru, Vijayawada - APPCB",21-05-2024 02:00:00,16.486692,80.699436,SO2,4,7,5
India,Andhra_Pradesh,Vijayawada,"Rajiv Nagar, Vijayawada - APPCB",21-05-2024 02:00:00,16.554731,80.649110,NO2,12,13,12
India,Arunachal_Pradesh,Naharlagun,"Naharlagun, Naharlagun - APSPCB",21-05-2024 02:00:00,27.103358,93.679645,NO2,NA,NA,NA
India,Arunachal_Pradesh,Naharlagun,"Naharlagun, Naharlagun - APSPCB",21-05-2024 02:00:00,27.103358,93.679645,SO2,NA,NA,NA
India,Arunachal_Pradesh,Naharlagun,"Naharlagun, Naharlagun - APSPCB",21-05-2024 02:00:00,27.103358,93.679645,CO,NA,NA,NA
India,Arunachal_Pradesh,Naharlagun,"Naharlagun, Naharlagun - APSPCB",21-05-2024 02:00:00,27.103358,93.679645,OZONE,NA,NA,NA
India,Assam,Byrnihat,"Central Academy for SFS, Byrnihat - PCBA",21-05-2024 02:00:00,26.071318,91.87488,NO2,19,39,27
India,Assam,Byrnihat,"Central Academy for SFS, Byrnihat - PCBA",21-05-2024 02:00:00,26.071318,91.87488,OZONE,22,108,23
India,Assam,Guwahati,"IITG, Guwahati - PCBA",21-05-2024 02:00:00,26.2028636,91.70046436,PM2.5,17,133,42
India,Assam,Guwahati,"LGBI Airport, Guwahati - PCBA",21-05-2024 02:00:00,26.10887,91.589544,PM2.5,3,485,99
India,Assam,Guwahati,"LGBI Airport, Guwahati - PCBA",21-05-2024 02:00:00,26.10887,91.589544,PM10,4,455,84
India,Assam,Guwahati,"LGBI Airport, Guwahati - PCBA",21-05-2024 02:00:00,26.10887,91.589544,NO2,10,44,25
India,Assam,Guwahati,"LGBI Airport, Guwahati - PCBA",21-05-2024 02:00:00,26.10887,91.589544,CO,48,74,63
India,Assam,Guwahati,"Pan Bazaar, Guwahati - PCBA",21-05-2024 02:00:00,26.187500,91.744194,NO2,NA,NA,NA
India,Assam,Guwahati,"Pan Bazaar, Guwahati - PCBA",21-05-2024 02:00:00,26.187500,91.744194,NH3,NA,NA,NA
India,Assam,Silchar,"Tarapur, Silchar - PCBA",21-05-2024 02:00:00,24.82827,92.79525,NH3,1,1,1
India,Bihar,Arrah,"New DM Office, Arrah - BSPCB",21-05-2024 02:00:00,25.5626095,84.663264,PM2.5,25,73,47
India,Bihar,Arrah,"New DM Office, Arrah - BSPCB",21-05-2024 02:00:00,25.5626095,84.663264,PM10,32,151,83
India,Bihar,Arrah,"New DM Office, Arrah - BSPCB",21-05-2024 02:00:00,25.5626095,84.663264,NO2,8,13,11
India,Bihar,Aurangabad,"Gurdeo Nagar, Aurangabad - BSPCB",21-05-2024 02:00:00,24.75746,84.366208,NO2,2,11,5
India,Bihar,Bettiah,"Kamalnath Nagar, Bettiah - BSPCB",21-05-2024 02:00:00,26.80365,84.51954,PM2.5,20,88,47
India,Bihar,Bhagalpur,"DM Office_Kachari Chowk, Bhagalpur - BSPCB",21-05-2024 02:00:00,25.251013,86.989001,NO2,32,78,56
India,Bihar,Bhagalpur,"Mayaganj, Bhagalpur - BSPCB",21-05-2024 02:00:00,25.265194,87.012947,NO2,3,11,7
India,Bihar,Bihar Sharif,"D M Colony, Bihar Sharif - BSPCB",21-05-2024 02:00:00,25.204762,85.514960,OZONE,20,60,52
India,Bihar,Buxar,"Charitra Van, Buxar - BSPCB (Formerly known as Central Jail)",21-05-2024 02:00:00,25.567520,83.966379,NO2,1,1,1
India,Bihar,Gaya,"Kareemganj, Gaya - BSPCB",21-05-2024 02:00:00,24.792403,84.992416,PM2.5,3,62,23
India,Bihar,Gaya,"Kareemganj, Gaya - BSPCB",21-05-2024 02:00:00,24.792403,84.992416,OZONE,5,109,35
India,Bihar,Gaya,"SFTI Kusdihra, Gaya - BSPCB",21-05-2024 02:00:00,24.762518,84.982348,PM10,46,92,68
India,Bihar,Gaya,"SFTI Kusdihra, Gaya - BSPCB",21-05-2024 02:00:00,24.762518,84.982348,CO,16,40,24
India,Bihar,Kishanganj,"SDM Office_Khagra, Kishanganj - BSPCB",21-05-2024 02:00:00,26.0881305,87.93840336,SO2,NA,NA,NA
India,Bihar,Manguraha,"Forest Rest House, Manguraha - BSPCB",21-05-2024 02:00:00,27.308328,84.531742,NO2,NA,NA,NA
India,Bihar,Manguraha,"Forest Rest House, Manguraha - BSPCB",21-05-2024 02:00:00,27.308328,84.531742,CO,46,67,53
India,Bihar,Manguraha,"Forest Rest House, Manguraha - BSPCB",21-05-2024 02:00:00,27.308328,84.531742,OZONE,2,17,6
India,Bihar,Motihari,"Gandak Colony, Motihari - BSPCB",21-05-2024 02:00:00,26.63086,84.90051,NO2,37,58,45
India,Bihar,Muzaffarpur,"Buddha Colony, Muzaffarpur - BSPCB",21-05-2024 02:00:00,26.11442,85.39813,PM2.5,48,95,69
India,Bihar,Muzaffarpur,"MIT-Daudpur Kothi, Muzaffarpur - BSPCB",21-05-2024 02:00:00,26.1403345,85.3650192,SO2,4,7,7
India,Bihar,Muzaffarpur,"Muzaffarpur Collectorate, Muzaffarpur - BSPCB",21-05-2024 02:00:00,26.1209,85.3647,PM2.5,28,68,47
India,Bihar,Patna,"IGSC Planetarium Complex, Patna - BSPCB",21-05-2024 02:00:00,25.610369,85.132568,NO2,9,10,10
India,Bihar,Patna,"IGSC Planetarium Complex, Patna - BSPCB",21-05-2024 02:00:00,25.610369,85.132568,SO2,3,6,4
India,Bihar,Patna,"Muradpur, Patna - BSPCB",21-05-2024 02:00:00,25.619651,85.147382,PM2.5,145,356,245
India,Bihar,Patna,"Muradpur, Patna - BSPCB",21-05-2024 02:00:00,25.619651,85.147382,OZONE,6,62,17
India,Bihar,Purnia,"Mariam Nagar, Purnia - BSPCB",21-05-2024 02:00:00,25.366336,87.117468,NO2,4,12,6
India,Bihar,Purnia,"Mariam Nagar, Purnia - BSPCB",21-05-2024 02:00:00,25.366336,87.117468,SO2,3,21,12
India,Bihar,Purnia,"Mariam Nagar, Purnia - BSPCB",21-05-2024 02:00:00,25.366336,87.117468,OZONE,9,56,17
India,Bihar,Rajgir,"Dangi Tola, Rajgir - BSPCB",21-05-2024 02:00:00,25.03280,85.41948,NH3,3,3,3
India,Bihar,Saharsa,"Police Line, Saharsa - BSPCB",21-05-2024 02:00:00,25.892357,86.590325,PM2.5,27,193,58
India,Bihar,Saharsa,"Police Line, Saharsa - BSPCB",21-05-2024 02:00:00,25.892357,86.590325,PM10,26,127,52
India,Bihar,Saharsa,"Police Line, Saharsa - BSPCB",21-05-2024 02:00:00,25.892357,86.590325,OZONE,2,80,28
India,Bihar,Samastipur,"DM Office_Kasipur, Samastipur - BSPCB",21-05-2024 02:00:00,25.859655,85.77944,CO,52,106,73
India,Bihar,Sasaram,"Dada Peer, Sasaram - BSPCB",21-05-2024 02:00:00,24.952822,84.002396,PM2.5,2,15,7
India,Bihar,Siwan,"Chitragupta Nagar, Siwan - BSPCB",21-05-2024 02:00:00,26.2271665,84.3570427,PM2.5,NA,NA,NA
India,Bihar,Siwan,"Chitragupta Nagar, Siwan - BSPCB",21-05-2024 02:00:00,26.2271665,84.3570427,NH3,NA,NA,NA
India,Bihar,Siwan,"Chitragupta Nagar, Siwan - BSPCB",21-05-2024 02:00:00,26.2271665,84.3570427,CO,72,124,108
India,Chandigarh,Chandigarh,"Sector 22, Chandigarh - CPCC",21-05-2024 02:00:00,30.735567,76.775714,NO2,13,126,48
India,Chandigarh,Chandigarh,"Sector 22, Chandigarh - CPCC",21-05-2024 02:00:00,30.735567,76.775714,CO,30,77,57
India,Chandigarh,Chandigarh,"Sector-25, Chandigarh - CPCC",21-05-2024 02:00:00,30.751462,76.762879,PM2.5,90,210,137
India,Chandigarh,Chandigarh,"Sector-25, Chandigarh - CPCC",21-05-2024 02:00:00,30.751462,76.762879,PM10,121,149,135
India,Chandigarh,Chandigarh,"Sector-25, Chandigarh - CPCC",21-05-2024 02:00:00,30.751462,76.762879,NO2,5,47,20
India,Chhattisgarh,Bhilai,"32Bungalows, Bhilai - CECB",21-05-2024 02:00:00,21.194815,81.314770,SO2,2,17,9
India,Chhattisgarh,Bhilai,"Civic Center, Bhilai - Bhilai Steel Plant",21-05-2024 02:00:00,21.185571,81.343175,NO2,12,21,15
India,Chhattisgarh,Bhilai,"Hathkhoj, Bhilai - CECB",21-05-2024 02:00:00,21.224231,81.408350,NO2,8,44,19
India,Chhattisgarh,Bhilai,"Hathkhoj, Bhilai - CECB",21-05-2024 02:00:00,21.224231,81.408350,NH3,8,9,8
India,Chhattisgarh,Bhilai,"Hathkhoj, Bhilai - CECB",21-05-2024 02:00:00,21.224231,81.408350,SO2,10,17,12
India,Chhattisgarh,Bhilai,"Hathkhoj, Bhilai - CECB",21-05-2024 02:00:00,21.224231,81.408350,OZONE,20,42,32
India,Chhattisgarh,Chhal,"Nawapara SECL Colony, Chhal - CECB",21-05-2024 02:00:00,22.118125,83.140608,PM2.5,31,71,45
India,Chhattisgarh,Chhal,"Nawapara SECL Colony, Chhal - CECB",21-05-2024 02:00:00,22.118125,83.140608,PM10,35,58,47
India,Chhattisgarh,Korba,"Rampur, Korba - CECB",21-05-2024 02:00:00,22.368195,82.746431,PM10,23,256,69
India,Chhattisgarh,Korba,"Rampur, Korba - CECB",21-05-2024 02:00:00,22.368195,82.746431,CO,14,28,15
India,Chhattisgarh,Korba,"Urja Nagar, Korba - CECB",21-05-2024 02:00:00,22.348441,82.549611,PM2.5,NA,NA,NA
India,Chhattisgarh,Korba,"Urja Nagar, Korba - CECB",21-05-2024 02:00:00,22.348441,82.549611,CO,18,80,20
India,Chhattisgarh,Kunjemura,"OP Jindal School, Kunjemura - CECB",21-05-2024 02:00:00,22.126650,83.483212,SO2,3,8,6
India,Chhattisgarh,Milupara,"Govt. Higher Secondary School, Milupara - CECB",21-05-2024 02:00:00,22.1910172,83.5197009,PM2.5,26,58,36
India,Chhattisgarh,Milupara,"Govt. Higher Secondary School, Milupara - CECB",21-05-2024 02:00:00,22.1910172,83.5197009,NO2,13,57,26
India,Chhattisgarh,Raipur,"AIIMS, Raipur - CECB",21-05-2024 02:00:00,21.258815,81.578979,NO2,NA,NA,NA
India,Chhattisgarh,Raipur,"Bhatagaon New ISBT, Raipur - CECB",21-05-2024 02:00:00,21.219665,81.630094,PM2.5,16,42,24
India,Chhattisgarh,Raipur,"Bhatagaon New ISBT, Raipur - CECB",21-05-2024 02:00:00,21.219665,81.630094,NO2,3,15,7
India,Chhattisgarh,Raipur,"Krishak Nagar, Raipur - CECB",21-05-2024 02:00:00,21.237755,81.705301,SO2,11,30,17
India,Delhi,Delhi,"Alipur, Delhi - DPCC",21-05-2024 02:00:00,28.815329,77.153010,PM10,131,326,210
India,Delhi,Delhi,"Alipur, Delhi - DPCC",21-05-2024 02:00:00,28.815329,77.153010,NO2,5,38,24
India,Delhi,Delhi,"Anand Vihar, Delhi - DPCC",21-05-2024 02:00:00,28.647622,77.3158090,PM2.5,113,383,279
India,Delhi,Delhi,"Anand Vihar, Delhi - DPCC",21-05-2024 02:00:00,28.647622,77.3158090,PM10,145,439,305
India,Delhi,Delhi,"Ashok Vihar, Delhi - DPCC",21-05-2024 02:00:00,28.695381,77.181665,PM2.5,47,342,157
India,Delhi,Delhi,"Aya Nagar, Delhi - IMD",21-05-2024 02:00:00,28.4706914,77.1099364,PM2.5,20,385,129
India,Delhi,Delhi,"Aya Nagar, Delhi - IMD",21-05-2024 02:00:00,28.4706914,77.1099364,PM10,80,323,170
India,Delhi,Delhi,"Bawana, Delhi - DPCC",21-05-2024 02:00:00,28.776200,77.051074,PM2.5,73,347,207
India,Delhi,Delhi,"Burari Crossing, Delhi - IMD",21-05-2024 02:00:00,28.7256504,77.2011573,PM10,NA,NA,NA
India,Delhi,Delhi,"Burari Crossing, Delhi - IMD",21-05-2024 02:00:00,28.7256504,77.2011573,OZONE,NA,NA,NA
India,Delhi,Delhi,"Chandni Chowk, Delhi - IITM",21-05-2024 02:00:00,28.656756,77.227234,NH3,21,25,22
India,Delhi,Delhi,"Chandni Chowk, Delhi - IITM",21-05-2024 02:00:00,28.656756,77.227234,SO2,12,55,33
India,Delhi,Delhi,"Dr. Karni Singh Shooting Range, Delhi - DPCC",21-05-2024 02:00:00,28.498571,77.264840,PM2.5,85,297,156
India,Delhi,Delhi,"Dr. Karni Singh Shooting Range, Delhi - DPCC",21-05-2024 02:00:00,28.498571,77.264840,NO2,24,134,73
India,Delhi,Delhi,"Dwarka-Sector 8, Delhi - DPCC ",21-05-2024 02:00:00,28.5710274,77.0719006,PM2.5,47,342,154
India,Delhi,Delhi,"Dwarka-Sector 8, Delhi - DPCC ",21-05-2024 02:00:00,28.5710274,77.0719006,NH3,5,8,6
India,Delhi,Delhi,"Dwarka-Sector 8, Delhi - DPCC ",21-05-2024 02:00:00,28.5710274,77.0719006,CO,32,127,90
India,Delhi,Delhi,"Dwarka-Sector 8, Delhi - DPCC ",21-05-2024 02:00:00,28.5710274,77.0719006,OZONE,6,91,27
India,Delhi,Delhi,"IGI Airport (T3), Delhi - IMD",21-05-2024 02:00:00,28.5627763,77.1180053,OZONE,3,53,10
India,Delhi,Delhi,"IHBAS, Dilshad Garden, Delhi - CPCB",21-05-2024 02:00:00,28.6811736,77.3025234,PM10,130,251,169
India,Delhi,Delhi,"IHBAS, Dilshad Garden, Delhi - CPCB",21-05-2024 02:00:00,28.6811736,77.3025234,SO2,4,37,25
India,Delhi,Delhi,"IHBAS, Dilshad Garden, Delhi - CPCB",21-05-2024 02:00:00,28.6811736,77.3025234,CO,50,109,95
India,Delhi,Delhi,"ITO, Delhi - CPCB",21-05-2024 02:00:00,28.628624,77.241060,PM10,105,234,142
India,Delhi,Delhi,"ITO, Delhi - CPCB",21-05-2024 02:00:00,28.628624,77.241060,NH3,3,9,6
India,Delhi,Delhi,"Jawaharlal Nehru Stadium, Delhi - DPCC",21-05-2024 02:00:00,28.580280,77.233829,PM10,126,347,182
India,Delhi,Delhi,"Jawaharlal Nehru Stadium, Delhi - DPCC",21-05-2024 02:00:00,28.580280,77.233829,NO2,3,39,17
India,Delhi,Delhi,"Jawaharlal Nehru Stadium, Delhi - DPCC",21-05-2024 02:00:00,28.580280,77.233829,NH3,6,9,8
India,Delhi,Delhi,"Lodhi Road, Delhi - IMD",21-05-2024 02:00:00,28.5918245,77.2273074,PM10,119,448,184
India,Delhi,Delhi,"Lodhi Road, Delhi - IMD",21-05-2024 02:00:00,28.5918245,77.2273074,OZONE,3,59,16
India,Delhi,Delhi,"Mandir Marg, Delhi - DPCC",21-05-2024 02:00:00,28.636429,77.201067,PM10,NA,NA,NA
India,Delhi,Delhi,"Mandir Marg, Delhi - DPCC",21-05-2024 02:00:00,28.636429,77.201067,SO2,NA,NA,NA
India,Delhi,Delhi,"NSIT Dwarka, Delhi - CPCB",21-05-2024 02:00:00,28.60909,77.0325413,PM10,186,435,254
India,Delhi,Delhi,"Najafgarh, Delhi - DPCC",21-05-2024 02:00:00,28.570173,76.933762,PM2.5,22,257,85
India,Delhi,Delhi,"Najafgarh, Delhi - DPCC",21-05-2024 02:00:00,28.570173,76.933762,CO,28,66,56
India,Delhi,Delhi,"Narela, Delhi - DPCC",21-05-2024 02:00:00,28.822836,77.101981,NH3,5,13,9
India,Delhi,Delhi,"Nehru Nagar, Delhi - DPCC",21-05-2024 02:00:00,28.567890,77.250515,NO2,8,87,42
India,Delhi,Delhi,"Nehru Nagar, Delhi - DPCC",21-05-2024 02:00:00,28.567890,77.250515,NH3,3,7,5
India,Delhi,Delhi,"Nehru Nagar, Delhi - DPCC",21-05-2024 02:00:00,28.567890,77.250515,OZONE,2,227,65
India,Delhi,Delhi,"New Moti Bagh, Delhi - MHUA",21-05-2024 02:00:00,28.57834,77.18400,NO2,6,40,21
India,Delhi,Delhi,"Okhla Phase-2, Delhi - DPCC",21-05-2024 02:00:00,28.530785,77.271255,NH3,9,23,13
India,Delhi,Delhi,"Patparganj, Delhi - DPCC",21-05-2024 02:00:00,28.623763,77.287209,PM10,162,442,261
India,Delhi,Delhi,"Patparganj, Delhi - DPCC",21-05-2024 02:00:00,28.623763,77.287209,SO2,4,9,6
India,Delhi,Delhi,"Pusa, Delhi - DPCC",21-05-2024 02:00:00,28.639652,77.146275,NO2,73,150,102
India,Delhi,Delhi,"Pusa, Delhi - DPCC",21-05-2024 02:00:00,28.639652,77.146275,SO2,9,70,26
India,Delhi,Delhi,"Pusa, Delhi - IMD",21-05-2024 02:00:00,28.636110,77.173332,PM2.5,58,312,172
India,Delhi,Delhi,"Pusa, Delhi - IMD",21-05-2024 02:00:00,28.636110,77.173332,NO2,4,15,8
India,Delhi,Delhi,"R K Puram, Delhi - DPCC",21-05-2024 02:00:00,28.563262,77.186937,PM10,137,411,264
India,Delhi,Delhi,"R K Puram, Delhi - DPCC",21-05-2024 02:00:00,28.563262,77.186937,NH3,8,13,10
India,Delhi,Delhi,"Rohini, Delhi - DPCC",21-05-2024 02:00:00,28.732528,77.119920,NO2,10,148,56
India,Delhi,Delhi,"Shadipur, Delhi - CPCB",21-05-2024 02:00:00,28.6514781,77.1473105,SO2,5,58,30
India,Delhi,Delhi,"Sonia Vihar, Delhi - DPCC",21-05-2024 02:00:00,28.710508,77.249485,NH3,5,8,7
India,Delhi,Delhi,"Wazirpur, Delhi - DPCC",21-05-2024 02:00:00,28.699793,77.165453,NO2,31,87,51
India,Gujarat,Ahmedabad,"Chandkheda, Ahmedabad - IITM",21-05-2024 02:00:00,23.107969,72.574648,SO2,3,26,13
India,Gujarat,Ahmedabad,"Chandkheda, Ahmedabad - IITM",21-05-2024 02:00:00,23.107969,72.574648,CO,2,91,64
India,Gujarat,Ahmedabad,"Chandkheda, Ahmedabad - IITM",21-05-2024 02:00:00,23.107969,72.574648,OZONE,32,60,46
India,Gujarat,Ahmedabad,"Raikhad, Ahmedabad - IITM",21-05-2024 02:00:00,23.020509,72.579261,PM2.5,34,312,120
India,Gujarat,Ahmedabad,"Raikhad, Ahmedabad - IITM",21-05-2024 02:00:00,23.020509,72.579261,PM10,40,172,94
India,Gujarat,Ahmedabad,"Rakhial, Ahmedabad - IITM",21-05-2024 02:00:00,23.016834,72.625775,NH3,NA,NA,NA
India,Gujarat,Ahmedabad,"SVPI Airport Hansol, Ahmedabad - IITM",21-05-2024 02:00:00,23.076793,72.627874,CO,10,32,23
India,Gujarat,Ahmedabad,"Sardar Vallabhbhai Patel Stadium, Ahmedabad - IITM",21-05-2024 02:00:00,23.043070,72.562968,OZONE,13,55,28
India,Gujarat,Ankleshwar,"GIDC, Ankleshwar - GPCB",21-05-2024 02:00:00,21.613267,73.010555,PM2.5,37,114,63
India,Gujarat,Gandhinagar,"Sector-10, Gandhinagar - GPCB",21-05-2024 02:00:00,23.221714,72.654328,PM2.5,25,47,33
India,Gujarat,Gandhinagar,"Sector-10, Gandhinagar - GPCB",21-05-2024 02:00:00,23.221714,72.654328,NH3,3,3,3
India,Gujarat,Gandhinagar,"Sector-10, Gandhinagar - GPCB",21-05-2024 02:00:00,23.221714,72.654328,SO2,3,5,4
India,Gujarat,Surat,"Science Center, Surat - SMC",21-05-2024 02:00:00,21.170046,72.795405,CO,16,36,27
India,Gujarat,Vapi,"Phase-1 GIDC, Vapi - GPCB",21-05-2024 02:00:00,20.362421,72.918013,PM10,28,72,48
India,Gujarat,Vatva,"Phase-4 GIDC, Vatva - GPCB",21-05-2024 02:00:00,22.969611,72.643500,CO,34,36,36
India,Haryana,Ambala,"Patti Mehar, Ambala - HSPCB",21-05-2024 02:00:00,30.379589,76.778328,CO,30,62,38
India,Haryana,Bahadurgarh,"Arya Nagar, Bahadurgarh - HSPCB",21-05-2024 02:00:00,28.6701,76.9254,PM2.5,NA,NA,NA
India,Haryana,Bahadurgarh,"Arya Nagar, Bahadurgarh - HSPCB",21-05-2024 02:00:00,28.6701,76.9254,SO2,NA,NA,NA
India,Haryana,Ballabgarh,"Nathu Colony, Ballabgarh - HSPCB",21-05-2024 02:00:00,28.3419248,77.319699,PM2.5,96,310,221
India,Haryana,Ballabgarh,"Nathu Colony, Ballabgarh - HSPCB",21-05-2024 02:00:00,28.3419248,77.319699,NO2,7,13,12
India,Haryana,Ballabgarh,"Nathu Colony, Ballabgarh - HSPCB",21-05-2024 02:00:00,28.3419248,77.319699,SO2,12,133,35
India,Haryana,Charkhi Dadri,"Mini Secretariat, Charkhi Dadri - HSPCB",21-05-2024 02:00:00,28.593883,76.270653,PM10,46,109,73
India,Haryana,Dharuhera,"Municipal Corporation Office, Dharuhera -  HSPCB",21-05-2024 02:00:00,28.206800,76.799700,NH3,9,26,18
India,Haryana,Faridabad,"New Industrial Town, Faridabad - HSPCB",21-05-2024 02:00:00,28.39072,77.30059,PM10,182,471,284
India,Haryana,Faridabad,"New Industrial Town, Faridabad - HSPCB",21-05-2024 02:00:00,28.39072,77.30059,NO2,2,27,12
India,Haryana,Faridabad,"Sector 11, Faridabad - HSPCB",21-05-2024 02:00:00,28.376058,77.315741,OZONE,5,192,81
India,Haryana,Faridabad,"Sector 30, Faridabad - HSPCB",21-05-2024 02:00:00,28.4417,77.3217,PM10,NA,NA,NA
India,Haryana,Faridabad,"Sector 30, Faridabad - HSPCB",21-05-2024 02:00:00,28.4417,77.3217,NH3,NA,NA,NA
India,Haryana,Faridabad,"Sector 30, Faridabad - HSPCB",21-05-2024 02:00:00,28.4417,77.3217,CO,52,56,54
India,Haryana,Fatehabad,"Huda Sector, Fatehabad - HSPCB",21-05-2024 02:00:00,29.503664,75.467934,NH3,NA,NA,NA
India,Haryana,Fatehabad,"Huda Sector, Fatehabad - HSPCB",21-05-2024 02:00:00,29.503664,75.467934,CO,5,15,12
India,Haryana,Fatehabad,"Huda Sector, Fatehabad - HSPCB",21-05-2024 02:00:00,29.503664,75.467934,OZONE,42,67,53
India,Haryana,Gurugram,"Sector-51, Gurugram - HSPCB",21-05-2024 02:00:00,28.4227,77.0667,SO2,2,105,8
India,Haryana,Gurugram,"Teri Gram, Gurugram - HSPCB",21-05-2024 02:00:00,28.4275,77.1465,NH3,16,43,26
India,Haryana,Gurugram,"Vikas Sadan, Gurugram - HSPCB",21-05-2024 02:00:00,28.4501238,77.0263051,NO2,5,24,14
India,Haryana,Hisar,"Urban Estate-II, Hisar - HSPCB",21-05-2024 02:00:00,29.140560,75.744941,NO2,18,32,24
India,Haryana,Hisar,"Urban Estate-II, Hisar - HSPCB",21-05-2024 02:00:00,29.140560,75.744941,SO2,2,59,13
India,Haryana,Hisar,"Urban Estate-II, Hisar - HSPCB",21-05-2024 02:00:00,29.140560,75.744941,OZONE,47,142,68
India,Haryana,Jind,"Police Lines, Jind - HSPCB",21-05-2024 02:00:00,29.307814,76.337619,PM10,90,149,120
India,Haryana,Kaithal,"Rishi Nagar, Kaithal - HSPCB",21-05-2024 02:00:00,29.8006,76.4155,NO2,24,26,25
India,Haryana,Kaithal,"Rishi Nagar, Kaithal - HSPCB",21-05-2024 02:00:00,29.8006,76.4155,SO2,2,122,49
India,Haryana,Karnal,"Sector-12, Karnal - HSPCB",21-05-2024 02:00:00,29.695300,77.002700,NO2,7,12,10
India,Haryana,Karnal,"Sector-12, Karnal - HSPCB",21-05-2024 02:00:00,29.695300,77.002700,SO2,12,13,12
India,Haryana,Karnal,"Sector-12, Karnal - HSPCB",21-05-2024 02:00:00,29.695300,77.002700,CO,28,44,33
India,Haryana,Kurukshetra,"Sector-7, Kurukshetra - HSPCB",21-05-2024 02:00:00,29.966942,76.875879,NO2,17,21,19
India,Haryana,Kurukshetra,"Sector-7, Kurukshetra - HSPCB",21-05-2024 02:00:00,29.966942,76.875879,SO2,2,3,2
India,Haryana,Mandikhera,"General Hospital, Mandikhera - HSPCB",21-05-2024 02:00:00,27.9002,76.9938,CO,14,104,18
India,Haryana,Manesar,"Sector-2 IMT, Manesar - HSPCB",21-05-2024 02:00:00,28.360699,76.936090,PM2.5,54,231,106
India,Haryana,Manesar,"Sector-2 IMT, Manesar - HSPCB",21-05-2024 02:00:00,28.360699,76.936090,NO2,11,22,17
India,Haryana,Manesar,"Sector-2 IMT, Manesar - HSPCB",21-05-2024 02:00:00,28.360699,76.936090,NH3,1,4,2
India,Haryana,Manesar,"Sector-2 IMT, Manesar - HSPCB",21-05-2024 02:00:00,28.360699,76.936090,SO2,1,24,8
India,Haryana,Manesar,"Sector-2 IMT, Manesar - HSPCB",21-05-2024 02:00:00,28.360699,76.936090,OZONE,2,85,17
India,Haryana,Narnaul,"Shastri Nagar, Narnaul - HSPCB",21-05-2024 02:00:00,28.060249,76.113115,SO2,13,43,15
India,Haryana,Palwal,"Shyam Nagar, Palwal - HSPCB",21-05-2024 02:00:00,28.1485564,77.3320667,NO2,23,24,24
India,Haryana,Palwal,"Shyam Nagar, Palwal - HSPCB",21-05-2024 02:00:00,28.1485564,77.3320667,SO2,2,19,10
India,Haryana,Panchkula,"Sector-6, Panchkula - HSPCB ",21-05-2024 02:00:00,30.7057778,76.8531805555555,NO2,9,11,10
India,Haryana,Panipat,"Sector-18, Panipat - HSPCB",21-05-2024 02:00:00,29.432304,76.972765,NO2,31,31,31
India,Haryana,Panipat,"Sector-18, Panipat - HSPCB",21-05-2024 02:00:00,29.432304,76.972765,SO2,18,20,19
India,Haryana,Rohtak,"MD University, Rohtak - HSPCB",21-05-2024 02:00:00,28.52123,76.37138,PM2.5,66,500,176
India,Haryana,Rohtak,"MD University, Rohtak - HSPCB",21-05-2024 02:00:00,28.52123,76.37138,NO2,48,54,51
India,Haryana,Rohtak,"MD University, Rohtak - HSPCB",21-05-2024 02:00:00,28.52123,76.37138,SO2,6,9,7
India,Haryana,Sirsa,"F-Block, Sirsa - HSPCB",21-05-2024 02:00:00,29.536400,75.015800,CO,25,62,56
India,Haryana,Sonipat,"Murthal, Sonipat - HSPCB",21-05-2024 02:00:00,29.027200,77.062100,PM10,NA,NA,NA
India,Haryana,Yamuna Nagar,"Gobind Pura, Yamuna Nagar - HSPCB",21-05-2024 02:00:00,30.1480566,77.2893471,PM10,101,149,122
India,Haryana,Yamuna Nagar,"Gobind Pura, Yamuna Nagar - HSPCB",21-05-2024 02:00:00,30.1480566,77.2893471,CO,27,62,40
India,Himachal Pradesh,Baddi,"HIMUDA Complex Phase-1, Baddi - HPPCB",21-05-2024 02:00:00,30.943887,76.801991,OZONE,78,237,162
India,Jammu_and_Kashmir,Srinagar,"Rajbagh, Srinagar - JKSPCB",21-05-2024 02:00:00,34.066206,74.819820,SO2,NA,NA,NA
India,Jharkhand,Dhanbad,"Kalakusuma, Dhanbad - DMC",21-05-2024 02:00:00,23.811548,86.481238,NO2,NA,NA,NA
India,Jharkhand,Jorapokhar,"Tata Stadium, Jorapokhar - JSPCB",21-05-2024 02:00:00,23.707909,86.414670,CO,78,101,90
India,Jharkhand,Jorapokhar,"Tata Stadium, Jorapokhar - JSPCB",21-05-2024 02:00:00,23.707909,86.414670,OZONE,3,14,14
India,Karnataka,Bagalkot,"Vidayagiri, Bagalkot - KSPCB",21-05-2024 02:00:00,16.172806,75.659694,NH3,1,2,1
India,Karnataka,Belgaum,"Ramteerth Nagar, Belgaum - KSPCB",21-05-2024 02:00:00,15.888653,74.541751,NO2,21,58,38
India,Karnataka,Belgaum,"Ramteerth Nagar, Belgaum - KSPCB",21-05-2024 02:00:00,15.888653,74.541751,NH3,5,12,9
India,Karnataka,Belgaum,"Ramteerth Nagar, Belgaum - KSPCB",21-05-2024 02:00:00,15.888653,74.541751,CO,28,50,30
India,Karnataka,Bengaluru,"Bapuji Nagar, Bengaluru - KSPCB",21-05-2024 02:00:00,12.951913,77.539784,PM10,5,115,49
India,Karnataka,Bengaluru,"Bapuji Nagar, Bengaluru - KSPCB",21-05-2024 02:00:00,12.951913,77.539784,NH3,1,1,1
India,Karnataka,Bengaluru,"Hebbal, Bengaluru - KSPCB",21-05-2024 02:00:00,13.029152,77.585901,CO,6,22,16
India,Karnataka,Bengaluru,"Jayanagar 5th Block, Bengaluru - KSPCB",21-05-2024 02:00:00,12.920984,77.584908,PM2.5,7,60,34
India,Karnataka,Bengaluru,"Jayanagar 5th Block, Bengaluru - KSPCB",21-05-2024 02:00:00,12.920984,77.584908,CO,21,22,22
India,Karnataka,Bengaluru,"Peenya, Bengaluru - CPCB",21-05-2024 02:00:00,13.0270199,77.494094,CO,74,88,81
India,Karnataka,Bengaluru,"Sanegurava Halli, Bengaluru - KSPCB",21-05-2024 02:00:00,12.990328,77.5431385,NO2,22,37,28
India,Karnataka,Bengaluru,"Sanegurava Halli, Bengaluru - KSPCB",21-05-2024 02:00:00,12.990328,77.5431385,SO2,1,4,3
India,Karnataka,Chamarajanagar,"Urban, Chamarajanagar - KSPCB",21-05-2024 02:00:00,11.55358,76.55521,CO,21,120,39
India,Karnataka,Chikkamagaluru,"Kalyana Nagara, Chikkamagaluru - KSPCB",21-05-2024 02:00:00,13.328028,75.797056,OZONE,15,49,22
India,Karnataka,Davanagere,"Devaraj Urs Badavane, Davanagere - KSPCB",21-05-2024 02:00:00,14.475800,75.905200,PM2.5,4,43,23
India,Karnataka,Hassan,"B.Katihalli, Hassan - KSPCB",21-05-2024 02:00:00,13.008556,76.125258,SO2,1,2,1
India,Karnataka,Haveri,"Ashwini Nagar, Haveri - KSPCB",21-05-2024 02:00:00,14.791800,75.389600,OZONE,28,46,35
India,Karnataka,Hubballi,"Deshpande Nagar, Hubballi - KSPCB",21-05-2024 02:00:00,15.351773,75.140726,NO2,25,27,26
India,Karnataka,Hubballi,"Lingaraj Nagar, Hubballi - KSPCB",21-05-2024 02:00:00,15.3714823,75.1160168,OZONE,12,49,32
India,Karnataka,Kalaburagi,"Lal Bahadur Shastri Nagar, Kalaburagi - KSPCB",21-05-2024 02:00:00,17.321993,76.822628,PM2.5,5,163,44
India,Karnataka,Karwar,"KHB Colony, Karwar - KSPCB",21-05-2024 02:00:00,14.816666,74.141003,OZONE,20,22,22
India,Karnataka,Kolar,"Tamaka Ind. Area, Kolar - KSPCB",21-05-2024 02:00:00,13.1276288,78.1570122,CO,8,14,9
India,Karnataka,Koppal,"Diwator Nagar, Koppal - KSPCB",21-05-2024 02:00:00,15.347630,76.181767,NO2,29,65,48
India,Karnataka,Koppal,"Diwator Nagar, Koppal - KSPCB",21-05-2024 02:00:00,15.347630,76.181767,NH3,5,10,8
India,Karnataka,Koppal,"Diwator Nagar, Koppal - KSPCB",21-05-2024 02:00:00,15.347630,76.181767,OZONE,18,98,70
India,Karnataka,Madikeri,"Stuart Hill, Madikeri - KSPCB",21-05-2024 02:00:00,12.415911,75.735050,PM2.5,2,13,6
India,Karnataka,Mangalore,"Kadri, Mangalore - KSPCB",21-05-2024 02:00:00,12.889250,74.853000,CO,38,44,40
India,Karnataka,Raichur,"Haji Colony, Raichur - KSPCB",21-05-2024 02:00:00,16.208139,77.348417,NH3,1,3,2
India,Karnataka,Raichur,"Haji Colony, Raichur - KSPCB",21-05-2024 02:00:00,16.208139,77.348417,CO,83,102,98
India,Karnataka,Raichur,"Haji Colony, Raichur - KSPCB",21-05-2024 02:00:00,16.208139,77.348417,OZONE,2,21,9
India,Karnataka,Shivamogga,"Vinoba Nagara, Shivamogga - KSPCB",21-05-2024 02:00:00,13.940000,75.555917,PM10,37,67,56
India,Karnataka,Shivamogga,"Vinoba Nagara, Shivamogga - KSPCB",21-05-2024 02:00:00,13.940000,75.555917,NH3,2,15,3
India,Karnataka,Shivamogga,"Vinoba Nagara, Shivamogga - KSPCB",21-05-2024 02:00:00,13.940000,75.555917,SO2,2,11,6
India,Karnataka,Tumakuru,"Thimmalapura, Tumakuru - KSPCB",21-05-2024 02:00:00,13.377516,77.099072,SO2,NA,NA,NA
India,Karnataka,Udupi,"Brahmagiri, Udupi - KSPCB",21-05-2024 02:00:00,13.34194444,74.74694444,NO2,NA,NA,NA
India,Karnataka,Udupi,"Brahmagiri, Udupi - KSPCB",21-05-2024 02:00:00,13.34194444,74.74694444,SO2,NA,NA,NA
India,Karnataka,Udupi,"Brahmagiri, Udupi - KSPCB",21-05-2024 02:00:00,13.34194444,74.74694444,CO,49,56,50
India,Kerala,Kollam,"Polayathode, Kollam - Kerala PCB",21-05-2024 02:00:00,8.8787,76.6073,SO2,NA,NA,NA
India,Kerala,Thiruvananthapuram,"Kariavattom, Thiruvananthapuram - Kerala PCB",21-05-2024 02:00:00,8.563700,76.886500,OZONE,28,32,30
India,Kerala,Thiruvananthapuram,"Plammoodu, Thiruvananthapuram - Kerala PCB",21-05-2024 02:00:00,8.5149093,76.9435879,PM10,3,38,18
India,Kerala,Thiruvananthapuram,"Plammoodu, Thiruvananthapuram - Kerala PCB",21-05-2024 02:00:00,8.5149093,76.9435879,SO2,6,13,10
India,Kerala,Thrissur,"Corporation Ground, Thrissur - Kerala PCB",21-05-2024 02:00:00,10.532400,76.215900,PM2.5,44,51,47
India,Madhya Pradesh,Bhopal,"Idgah Hills, Bhopal - MPPCB",21-05-2024 02:00:00,23.264759,77.381568,PM10,NA,NA,NA
India,Madhya Pradesh,Bhopal,"Paryavaran Parisar, Bhopal - MPPCB",21-05-2024 02:00:00,23.210494,77.425409,NO2,12,145,31
India,Madhya Pradesh,Bhopal,"Paryavaran Parisar, Bhopal - MPPCB",21-05-2024 02:00:00,23.210494,77.425409,CO,4,107,29
India,Madhya Pradesh,Dewas,"Bhopal Chauraha, Dewas - MPPCB",21-05-2024 02:00:00,22.9682591,76.064118,NO2,12,14,13
India,Madhya Pradesh,Dewas,"Bhopal Chauraha, Dewas - MPPCB",21-05-2024 02:00:00,22.9682591,76.064118,NH3,3,3,3
India,Madhya Pradesh,Gwalior,"City Center, Gwalior - MPPCB",21-05-2024 02:00:00,26.203442,78.193251,PM2.5,25,126,63
India,Madhya Pradesh,Gwalior,"City Center, Gwalior - MPPCB",21-05-2024 02:00:00,26.203442,78.193251,OZONE,1,53,12
India,Madhya Pradesh,Gwalior,"Deen Dayal Nagar, Gwalior - MPPCB",21-05-2024 02:00:00,26.259242,78.216432,PM10,95,261,160
India,Madhya Pradesh,Gwalior,"Deen Dayal Nagar, Gwalior - MPPCB",21-05-2024 02:00:00,26.259242,78.216432,NH3,5,9,7
India,Madhya Pradesh,Gwalior,"Deen Dayal Nagar, Gwalior - MPPCB",21-05-2024 02:00:00,26.259242,78.216432,OZONE,15,179,78
India,Madhya Pradesh,Gwalior,"Maharaj Bada, Gwalior - MPPCB",21-05-2024 02:00:00,26.200388,78.147714,PM10,60,223,110
India,Madhya Pradesh,Gwalior,"Phool Bagh, Gwalior - Mondelez Ind. Food",21-05-2024 02:00:00,26.210536,78.171,SO2,26,35,29
India,Madhya Pradesh,Indore,"Chhoti Gwaltoli, Indore - MPPCB",21-05-2024 02:00:00,22.4310,75.5213,PM10,82,205,126
India,Madhya Pradesh,Indore,"Chhoti Gwaltoli, Indore - MPPCB",21-05-2024 02:00:00,22.4310,75.5213,SO2,15,24,18
India,Madhya Pradesh,Indore,"Maguda Nagar, Indore - IMC",21-05-2024 02:00:00,22.7524,75.8872,OZONE,36,57,38
India,Madhya Pradesh,Indore,"Residency Area, Indore - IMC",21-05-2024 02:00:00,22.7084,75.8815,OZONE,11,26,15
India,Madhya Pradesh,Jabalpur,"Govindh Bhavan Colony, Jabalpur - JMC",21-05-2024 02:00:00,23.163174,79.973061,PM10,NA,NA,NA
India,Madhya Pradesh,Jabalpur,"Gupteshwar, Jabalpur - JMC",21-05-2024 02:00:00,23.142888,79.916147,SO2,3,25,9
India,Madhya Pradesh,Jabalpur,"Gupteshwar, Jabalpur - JMC",21-05-2024 02:00:00,23.142888,79.916147,CO,21,48,34
India,Madhya Pradesh,Jabalpur,"Marhatal, Jabalpur - MPPCB",21-05-2024 02:00:00,23.168606,79.932247,NH3,3,13,6
India,Madhya Pradesh,Jabalpur,"Marhatal, Jabalpur - MPPCB",21-05-2024 02:00:00,23.168606,79.932247,CO,18,78,60
India,Madhya Pradesh,Jabalpur,"Suhagi, Jabalpur - JMC",21-05-2024 02:00:00,23.218135,79.957770,PM2.5,42,78,53
India,Madhya Pradesh,Jabalpur,"Suhagi, Jabalpur - JMC",21-05-2024 02:00:00,23.218135,79.957770,CO,12,60,39
India,Madhya Pradesh,Katni,"Gole Bazar, Katni - MPPCB",21-05-2024 02:00:00,23.50016,80.23284,PM2.5,30,71,40
India,Madhya Pradesh,Katni,"Gole Bazar, Katni - MPPCB",21-05-2024 02:00:00,23.50016,80.23284,NO2,26,116,47
India,Madhya Pradesh,Maihar,"Sahilara, Maihar - KJS Cements",21-05-2024 02:00:00,24.2613009,80.7231783,NO2,9,10,9
India,Madhya Pradesh,Mandideep,"Sector-D Industrial Area, Mandideep - MPPCB",21-05-2024 02:00:00,23.108440,77.511428,PM2.5,51,310,134
India,Madhya Pradesh,Mandideep,"Sector-D Industrial Area, Mandideep - MPPCB",21-05-2024 02:00:00,23.108440,77.511428,PM10,75,345,143
India,Madhya Pradesh,Mandideep,"Sector-D Industrial Area, Mandideep - MPPCB",21-05-2024 02:00:00,23.108440,77.511428,SO2,9,115,53
India,Madhya Pradesh,Sagar,"Civil Lines, Sagar - MPPCB",21-05-2024 02:00:00,23.838586,78.759431,PM2.5,17,52,36
India,Madhya Pradesh,Sagar,"Civil Lines, Sagar - MPPCB",21-05-2024 02:00:00,23.838586,78.759431,OZONE,31,129,70
India,Madhya Pradesh,Sagar,"Deen Dayal Nagar, Sagar - MPPCB",21-05-2024 02:00:00,23.8640158,78.80289321,PM2.5,8,39,23
India,Madhya Pradesh,Sagar,"Deen Dayal Nagar, Sagar - MPPCB",21-05-2024 02:00:00,23.8640158,78.80289321,CO,52,66,57
India,Madhya Pradesh,Satna,"Bandhavgar Colony, Satna - Birla Cement",21-05-2024 02:00:00,24.58434363,80.8549414,PM10,27,60,41
India,Madhya Pradesh,Singrauli,"Suryakiran Bhawan NCL, Singrauli - MPPCB",21-05-2024 02:00:00,24.108970,82.645580,NO2,11,54,25
India,Madhya Pradesh,Singrauli,"Suryakiran Bhawan NCL, Singrauli - MPPCB",21-05-2024 02:00:00,24.108970,82.645580,SO2,28,56,43
India,Madhya Pradesh,Ujjain,"Mahakaleshwar Temple, Ujjain - MPPCB",21-05-2024 02:00:00,23.182719 ,75.768218 ,PM2.5,26,66,38
India,Madhya Pradesh,Ujjain,"Mahakaleshwar Temple, Ujjain - MPPCB",21-05-2024 02:00:00,23.182719 ,75.768218 ,OZONE,109,150,131
India,Maharashtra,Ahmednagar,"Tarakpur, Ahmednagar - MPCB",21-05-2024 02:00:00,19.10122,74.73339,PM10,29,325,94
India,Maharashtra,Ahmednagar,"Tarakpur, Ahmednagar - MPCB",21-05-2024 02:00:00,19.10122,74.73339,NO2,21,86,42
India,Maharashtra,Akola,"Ramdaspeth, Akola - MPCB",21-05-2024 02:00:00,20.719516,77.000253,NO2,8,53,19
India,Maharashtra,Akola,"Ramdaspeth, Akola - MPCB",21-05-2024 02:00:00,20.719516,77.000253,SO2,11,18,13
India,Maharashtra,Amravati,"Shivneri Colony, Amravati - MPCB",21-05-2024 02:00:00,20.9402359,77.7895248,SO2,1,6,3
India,Maharashtra,Amravati,"Shri Shivaji Science College, Amaravati - MPCB",21-05-2024 02:00:00,20.939198,77.765701,PM10,20,115,64
India,Maharashtra,Amravati,"Shri Shivaji Science College, Amaravati - MPCB",21-05-2024 02:00:00,20.939198,77.765701,NH3,1,4,2
India,Maharashtra,Amravati,"Shri Shivaji Science College, Amaravati - MPCB",21-05-2024 02:00:00,20.939198,77.765701,CO,14,57,29
India,Maharashtra,Aurangabad,"MIDC Chilkalthana, Aurangabad - MPCB",21-05-2024 02:00:00,19.875620,75.387310,PM2.5,NA,NA,NA
India,Maharashtra,Aurangabad,"MIDC Chilkalthana, Aurangabad - MPCB",21-05-2024 02:00:00,19.875620,75.387310,CO,24,48,40
India,Maharashtra,Aurangabad,"Rachnakar Colony, Aurangabad - MPCB",21-05-2024 02:00:00,19.863756,75.321188,SO2,5,28,11
India,Maharashtra,Badlapur,"Katrap, Badlapur - MPCB",21-05-2024 02:00:00,19.16485,73.23409,PM2.5,42,72,52
India,Maharashtra,Badlapur,"Katrap, Badlapur - MPCB",21-05-2024 02:00:00,19.16485,73.23409,PM10,39,105,64
India,Maharashtra,Badlapur,"Katrap, Badlapur - MPCB",21-05-2024 02:00:00,19.16485,73.23409,CO,12,49,21
India,Maharashtra,Belapur,"CBD Belapur, Belapur - MPCB",21-05-2024 02:00:00,19.0243902,73.0406721,NH3,1,2,2
India,Maharashtra,Belapur,"CBD Belapur, Belapur - MPCB",21-05-2024 02:00:00,19.0243902,73.0406721,SO2,4,8,6
India,Maharashtra,Bhiwandi,"Gokul Nagar, Bhiwandi - MPCB",21-05-2024 02:00:00,19.309073,73.057223,SO2,7,16,10
India,Maharashtra,Bhiwandi,"Gokul Nagar, Bhiwandi - MPCB",21-05-2024 02:00:00,19.309073,73.057223,OZONE,37,222,64
India,Maharashtra,Boisar,"Khaira, Boisar - MPCB",21-05-2024 02:00:00,19.786089,72.757971,PM2.5,4,160,50
India,Maharashtra,Boisar,"Khaira, Boisar - MPCB",21-05-2024 02:00:00,19.786089,72.757971,PM10,50,109,78
India,Maharashtra,Chandrapur,"Chauhan Colony, Chandrapur - MPCB",21-05-2024 02:00:00,19.962900,79.298714,PM10,9,60,28
India,Maharashtra,Chandrapur,"Chauhan Colony, Chandrapur - MPCB",21-05-2024 02:00:00,19.962900,79.298714,NH3,2,4,3
India,Maharashtra,Chandrapur,"MIDC Khutala, Chandrapur - MPCB",21-05-2024 02:00:00,19.9775302,79.2337086,OZONE,9,66,37
India,Maharashtra,Dhule,"Deopur, Dhule - MPCB",21-05-2024 02:00:00,20.918946,74.776388,NO2,NA,NA,NA
India,Maharashtra,Dhule,"Deopur, Dhule - MPCB",21-05-2024 02:00:00,20.918946,74.776388,SO2,NA,NA,NA
India,Maharashtra,Jalgaon,"Prabhat Colony, Jalgaon - MPCB",21-05-2024 02:00:00,21.001264,75.565602,PM10,86,340,130
India,Maharashtra,Jalgaon,"Prabhat Colony, Jalgaon - MPCB",21-05-2024 02:00:00,21.001264,75.565602,NO2,10,129,27
India,Maharashtra,Jalna,"Old MIDC, Jalna - MPCB",21-05-2024 02:00:00,19.854616,75.905894,OZONE,3,80,52
India,Maharashtra,Kalyan,"Khadakpada, Kalyan - MPCB",21-05-2024 02:00:00,19.25292,73.142019,NO2,23,35,28
India,Maharashtra,Kalyan,"Khadakpada, Kalyan - MPCB",21-05-2024 02:00:00,19.25292,73.142019,NH3,1,1,1
India,Maharashtra,Kolhapur,"Shivaji University, Kolhapur - MPCB",21-05-2024 02:00:00,16.6870449,74.2505872,CO,52,86,74
India,Maharashtra,Kolhapur,"Sinchan Bhavan, Kolhapur - MPCB",21-05-2024 02:00:00,16.7143745,74.2426398,NO2,7,45,17
India,Maharashtra,Kolhapur,"Sinchan Bhavan, Kolhapur - MPCB",21-05-2024 02:00:00,16.7143745,74.2426398,CO,16,35,21
India,Maharashtra,Malegaon,"Mahesh Nagar, Malegaon - MPCB",21-05-2024 02:00:00,20.555712,74.529236,NO2,5,110,47
India,Maharashtra,Mira-Bhayandar,"Bhayandar West, Mira-Bhayandar - MPCB",21-05-2024 02:00:00,19.296481,72.840923,NO2,4,19,8
India,Maharashtra,Mumbai,"Borivali East, Mumbai - IITM",21-05-2024 02:00:00,19.23241,72.86895,NH3,5,8,7
India,Maharashtra,Mumbai,"Borivali East, Mumbai - IITM",21-05-2024 02:00:00,19.23241,72.86895,CO,6,54,40
India,Maharashtra,Mumbai,"Borivali East, Mumbai - MPCB",21-05-2024 02:00:00,19.2243333,72.8658113,NH3,1,2,1
India,Maharashtra,Mumbai,"Borivali East, Mumbai - MPCB",21-05-2024 02:00:00,19.2243333,72.8658113,SO2,8,16,11
India,Maharashtra,Mumbai,"Byculla, Mumbai - BMC",21-05-2024 02:00:00,18.9767,72.8380,PM10,19,39,29
India,Maharashtra,Mumbai,"Chakala-Andheri East, Mumbai - IITM",21-05-2024 02:00:00,19.11074,72.86084,NH3,5,9,7
India,Maharashtra,Mumbai,"Chembur, Mumbai - MPCB",21-05-2024 02:00:00,19.0364585,72.8954371,PM2.5,21,44,33
India,Maharashtra,Mumbai,"Chembur, Mumbai - MPCB",21-05-2024 02:00:00,19.0364585,72.8954371,OZONE,10,310,30
India,Maharashtra,Mumbai,"Chhatrapati Shivaji Intl. Airport (T2), Mumbai - MPCB",21-05-2024 02:00:00,19.10078,72.87462,NO2,NA,NA,NA
India,Maharashtra,Mumbai,"Ghatkopar, Mumbai - BMC",21-05-2024 02:00:00,19.083694,72.920967,NO2,8,14,11
India,Maharashtra,Mumbai,"Ghatkopar, Mumbai - BMC",21-05-2024 02:00:00,19.083694,72.920967,SO2,1,2,1
India,Maharashtra,Mumbai,"Kandivali East, Mumbai - MPCB",21-05-2024 02:00:00,19.205800,72.868200,PM10,59,417,145
India,Maharashtra,Mumbai,"Kandivali East, Mumbai - MPCB",21-05-2024 02:00:00,19.205800,72.868200,CO,30,34,33
India,Maharashtra,Mumbai,"Kandivali East, Mumbai - MPCB",21-05-2024 02:00:00,19.205800,72.868200,OZONE,26,142,82
India,Maharashtra,Mumbai,"Kandivali West, Mumbai - BMC",21-05-2024 02:00:00,19.215859,72.831718,NH3,2,3,2
India,Maharashtra,Mumbai,"Kherwadi_Bandra East, Mumbai - MPCB",21-05-2024 02:00:00,19.0632143,72.8456324,PM10,42,69,53
India,Maharashtra,Mumbai,"Kurla, Mumbai - MPCB",21-05-2024 02:00:00,19.0863,72.8888,PM2.5,15,352,92
India,Maharashtra,Mumbai,"Kurla, Mumbai - MPCB",21-05-2024 02:00:00,19.0863,72.8888,PM10,18,333,86
India,Maharashtra,Mumbai,"Kurla, Mumbai - MPCB",21-05-2024 02:00:00,19.0863,72.8888,NO2,14,16,14
India,Maharashtra,Mumbai,"Mindspace-Malad West, Mumbai - MPCB",21-05-2024 02:00:00,19.1878657,72.8304069,SO2,3,8,6
India,Maharashtra,Mumbai,"Mulund West, Mumbai - MPCB",21-05-2024 02:00:00,19.1750,72.9419,PM2.5,32,74,43
India,Maharashtra,Mumbai,"Mulund West, Mumbai - MPCB",21-05-2024 02:00:00,19.1750,72.9419,PM10,46,102,71
India,Maharashtra,Mumbai,"Mulund West, Mumbai - MPCB",21-05-2024 02:00:00,19.1750,72.9419,NO2,19,22,21
India,Maharashtra,Mumbai,"Mulund West, Mumbai - MPCB",21-05-2024 02:00:00,19.1750,72.9419,NH3,10,10,10
India,Maharashtra,Mumbai,"Sewri, Mumbai - BMC",21-05-2024 02:00:00,19.000084,72.856730,NO2,11,20,15
India,Maharashtra,Mumbai,"Sewri, Mumbai - BMC",21-05-2024 02:00:00,19.000084,72.856730,NH3,3,3,3
India,Maharashtra,Mumbai,"Vasai West, Mumbai - MPCB",21-05-2024 02:00:00,19.383200,72.820400,PM2.5,NA,NA,NA
India,Maharashtra,Mumbai,"Vasai West, Mumbai - MPCB",21-05-2024 02:00:00,19.383200,72.820400,NO2,25,48,28
India,Maharashtra,Mumbai,"Vasai West, Mumbai - MPCB",21-05-2024 02:00:00,19.383200,72.820400,SO2,17,74,21
India,Maharashtra,Mumbai,"Vasai West, Mumbai - MPCB",21-05-2024 02:00:00,19.383200,72.820400,OZONE,8,26,18
India,Maharashtra,Mumbai,"Vile Parle West, Mumbai - MPCB",21-05-2024 02:00:00,19.10861,72.83622,NH3,NA,NA,NA
India,Maharashtra,Mumbai,"Worli, Mumbai - MPCB",21-05-2024 02:00:00,18.9936162,72.8128113,PM10,45,95,59
India,Maharashtra,Mumbai,"Worli, Mumbai - MPCB",21-05-2024 02:00:00,18.9936162,72.8128113,CO,26,28,27
India,Maharashtra,Nagpur,"Ambazari, Nagpur - MPCB",21-05-2024 02:00:00,21.121801,79.04952,PM2.5,37,129,69
India,Maharashtra,Nagpur,"Mahal, Nagpur - MPCB",21-05-2024 02:00:00,21.14472,79.107595,OZONE,8,90,40
India,Maharashtra,Nagpur,"Opp GPO Civil Lines, Nagpur - MPCB",21-05-2024 02:00:00,21.152875,79.0517531,NH3,4,13,6
India,Maharashtra,Nagpur,"Opp GPO Civil Lines, Nagpur - MPCB",21-05-2024 02:00:00,21.152875,79.0517531,CO,6,122,77
India,Maharashtra,Nashik,"Hirawadi, Nashik - MPCB",21-05-2024 02:00:00,20.021503,73.813844,PM2.5,35,62,47
India,Maharashtra,Nashik,"Hirawadi, Nashik - MPCB",21-05-2024 02:00:00,20.021503,73.813844,PM10,43,72,58
India,Maharashtra,Nashik,"Hirawadi, Nashik - MPCB",21-05-2024 02:00:00,20.021503,73.813844,CO,12,25,19
India,Maharashtra,Nashik,"MIDC Ambad, Nashik - MPCB",21-05-2024 02:00:00,19.950220,73.731480,CO,10,120,60
India,Maharashtra,Navi Mumbai,"Mahape, Navi Mumbai - MPCB",21-05-2024 02:00:00,19.1135051,73.008978,PM10,39,83,56
India,Maharashtra,Navi Mumbai,"Mahape, Navi Mumbai - MPCB",21-05-2024 02:00:00,19.1135051,73.008978,NH3,1,1,1
India,Maharashtra,Navi Mumbai,"Nerul, Navi Mumbai - MPCB",21-05-2024 02:00:00,19.008751,73.016620,SO2,26,27,27
India,Maharashtra,Navi Mumbai,"Nerul, Navi Mumbai - MPCB",21-05-2024 02:00:00,19.008751,73.016620,CO,20,24,21
India,Maharashtra,Navi Mumbai,"Nerul, Navi Mumbai - MPCB",21-05-2024 02:00:00,19.008751,73.016620,OZONE,27,32,29
India,Maharashtra,Navi Mumbai,"Sanpada, Navi Mumbai - MPCB",21-05-2024 02:00:00,19.0575752,73.0151367,PM2.5,20,37,29
India,Maharashtra,Navi Mumbai,"Sector-19A Nerul, Navi Mumbai - IITM",21-05-2024 02:00:00,19.044,73.0325,SO2,1,8,4
India,Maharashtra,Navi Mumbai,"Sector-19A Nerul, Navi Mumbai - IITM",21-05-2024 02:00:00,19.044,73.0325,OZONE,3,31,9
India,Maharashtra,Navi Mumbai,"Sector-2E Kalamboli, Navi Mumbai - MPCB",21-05-2024 02:00:00,19.02579,73.10297,PM2.5,29,63,44
India,Maharashtra,Navi Mumbai,"Sector-2E Kalamboli, Navi Mumbai - MPCB",21-05-2024 02:00:00,19.02579,73.10297,NH3,2,4,3
India,Maharashtra,Navi Mumbai,"Sector-2E Kalamboli, Navi Mumbai - MPCB",21-05-2024 02:00:00,19.02579,73.10297,CO,4,14,8
India,Maharashtra,Navi Mumbai,"Tondare-Taloja, Navi Mumbai - MPCB",21-05-2024 02:00:00,19.0630,73.1209,CO,1,22,12
India,Maharashtra,Navi Mumbai,"Tondare-Taloja, Navi Mumbai - MPCB",21-05-2024 02:00:00,19.0630,73.1209,OZONE,1,60,2
India,Maharashtra,Pimpri-Chinchwad,"Gavalinagar, Pimpri Chinchwad - MPCB",21-05-2024 02:00:00,18.63673,73.82487,SO2,1,5,2
India,Maharashtra,Pimpri-Chinchwad,"Thergaon, Pimpri Chinchwad - MPCB",21-05-2024 02:00:00,18.616318,73.765797,PM10,NA,NA,NA
India,Maharashtra,Pimpri-Chinchwad,"Thergaon, Pimpri Chinchwad - MPCB",21-05-2024 02:00:00,18.616318,73.765797,SO2,NA,NA,NA
India,Maharashtra,Pune,"Alandi, Pune - IITM",21-05-2024 02:00:00,18.675076,73.892743,PM10,40,127,70
India,Maharashtra,Pune,"Alandi, Pune - IITM",21-05-2024 02:00:00,18.675076,73.892743,NO2,NA,NA,NA
India,Maharashtra,Pune,"Alandi, Pune - IITM",21-05-2024 02:00:00,18.675076,73.892743,OZONE,32,99,71
India,Maharashtra,Pune,"Bhosari, Pune - IITM",21-05-2024 02:00:00,18.640051,73.848956,PM2.5,37,67,54
India,Maharashtra,Pune,"Bhosari, Pune - IITM",21-05-2024 02:00:00,18.640051,73.848956,PM10,50,84,66
India,Maharashtra,Pune,"Karve Road, Pune - MPCB",21-05-2024 02:00:00,18.5011743,73.8165527,PM10,33,500,92
India,Maharashtra,Pune,"Revenue Colony-Shivajinagar, Pune - IITM",21-05-2024 02:00:00,18.530085,73.849598,PM10,47,105,70
India,Maharashtra,Pune,"Revenue Colony-Shivajinagar, Pune - IITM",21-05-2024 02:00:00,18.530085,73.849598,SO2,1,42,12
India,Maharashtra,Pune,"Revenue Colony-Shivajinagar, Pune - IITM",21-05-2024 02:00:00,18.530085,73.849598,CO,20,85,42
India,Maharashtra,Pune,"Savitribai Phule Pune University, Pune - MPCB",21-05-2024 02:00:00,18.547056,73.826908,SO2,NA,NA,NA
India,Maharashtra,Pune,"Savitribai Phule Pune University, Pune - MPCB",21-05-2024 02:00:00,18.547056,73.826908,CO,12,118,17
India,Maharashtra,Pune,"Transport Nagar-Nigdi, Pune - IITM",21-05-2024 02:00:00,18.664282,73.763966,NO2,3,39,9
India,Maharashtra,Sangli,"Vijay Nagar, Sangli - MPCB",21-05-2024 02:00:00, 16.5038,74.3623,NO2,10,47,17
India,Maharashtra,Solapur,"Dnyaneshwar Nagar, Solapur - MPCB",21-05-2024 02:00:00,17.6336264,75.9132495,PM10,47,102,81
India,Maharashtra,Solapur,"Dnyaneshwar Nagar, Solapur - MPCB",21-05-2024 02:00:00,17.6336264,75.9132495,NH3,27,37,32
India,Maharashtra,Solapur,"Ratandeep Housing Society, Solapur - MPCB",21-05-2024 02:00:00,17.65439,75.90649,SO2,2,9,4
India,Maharashtra,Thane,"Kasarvadavali, Thane - MPCB",21-05-2024 02:00:00,19.26777,72.97182,PM10,27,83,59
India,Maharashtra,Thane,"Kasarvadavali, Thane - MPCB",21-05-2024 02:00:00,19.26777,72.97182,OZONE,12,72,21
India,Maharashtra,Thane,"Pimpleshwar Mandir, Thane - MPCB",21-05-2024 02:00:00,19.192056,72.9585188,PM10,59,102,81
India,Maharashtra,Thane,"Pimpleshwar Mandir, Thane - MPCB",21-05-2024 02:00:00,19.192056,72.9585188,SO2,1,19,3
India,Maharashtra,Thane,"Pimpleshwar Mandir, Thane - MPCB",21-05-2024 02:00:00,19.192056,72.9585188,CO,6,49,6
India,Maharashtra,Thane,"Upvan Fort, Thane - MPCB",21-05-2024 02:00:00,19.222279,72.957979,PM10,NA,NA,NA
India,Maharashtra,Thane,"Upvan Fort, Thane - MPCB",21-05-2024 02:00:00,19.222279,72.957979,NO2,NA,NA,NA
India,Maharashtra,Thane,"Upvan Fort, Thane - MPCB",21-05-2024 02:00:00,19.222279,72.957979,NH3,NA,NA,NA
India,Maharashtra,Ulhasnagar,"Sidhi Vinayak Nagar, Ulhasnagar - MPCB",21-05-2024 02:00:00,19.235581,73.159121,PM2.5,38,82,60
India,Maharashtra,Virar,"Bolinj, Virar - MPCB",21-05-2024 02:00:00,19.4458210,72.7988231,NH3,9,9,9
India,Maharashtra,Virar,"Bolinj, Virar - MPCB",21-05-2024 02:00:00,19.4458210,72.7988231,CO,10,44,23
India,Manipur,Imphal,"DM College of Science, Imphal - Manipur PCB",21-05-2024 02:00:00,24.8207389,93.9423085,NO2,7,8,7
India,Manipur,Imphal,"DM College of Science, Imphal - Manipur PCB",21-05-2024 02:00:00,24.8207389,93.9423085,CO,6,7,6
India,Manipur,Imphal,"Manipur University, Imphal - Manipur PCB",21-05-2024 02:00:00,24.7524239,93.9286218,NO2,7,12,9
India,Manipur,Imphal,"Manipur University, Imphal - Manipur PCB",21-05-2024 02:00:00,24.7524239,93.9286218,NH3,1,1,1
India,Meghalaya,Shillong,"Lumpyngngad, Shillong - Meghalaya PCB",21-05-2024 02:00:00,25.5586,91.8985,SO2,37,38,37
India,Mizoram,Aizawl,"Sikulpuikawn, Aizawl - Mizoram PCB",21-05-2024 02:00:00,23.7176342,92.7192841,PM2.5,9,47,23
India,Mizoram,Aizawl,"Sikulpuikawn, Aizawl - Mizoram PCB",21-05-2024 02:00:00,23.7176342,92.7192841,CO,12,25,23
India,Mizoram,Aizawl,"Sikulpuikawn, Aizawl - Mizoram PCB",21-05-2024 02:00:00,23.7176342,92.7192841,OZONE,3,20,6
India,Odisha,Angul,"Hakimapada, Angul - OSPCB",21-05-2024 02:00:00,20.832874,85.104082,SO2,9,119,50
India,Odisha,Angul,"Hakimapada, Angul - OSPCB",21-05-2024 02:00:00,20.832874,85.104082,CO,10,119,41
India,Odisha,Angul,"Hakimapada, Angul - OSPCB",21-05-2024 02:00:00,20.832874,85.104082,OZONE,16,140,57
India,Odisha,Balasore,"Kalidaspur, Balasore - OSPCB",21-05-2024 02:00:00,21.51161,86.89088,PM10,20,72,40
India,Odisha,Bhubaneswar,"Lingraj Mandir, Bhubaneswar - OSPCB",21-05-2024 02:00:00,20.240790,85.836784,PM2.5,8,38,20
India,Odisha,Bhubaneswar,"Lingraj Mandir, Bhubaneswar - OSPCB",21-05-2024 02:00:00,20.240790,85.836784,NH3,1,2,2
India,Odisha,Bhubaneswar,"Lingraj Mandir, Bhubaneswar - OSPCB",21-05-2024 02:00:00,20.240790,85.836784,CO,31,82,60
India,Odisha,Bhubaneswar,"Lingraj Mandir, Bhubaneswar - OSPCB",21-05-2024 02:00:00,20.240790,85.836784,OZONE,6,53,19
India,Odisha,Brajrajnagar,"GM Office, Brajrajnagar - OSPCB",21-05-2024 02:00:00,21.8004996,83.8396977,PM10,20,97,46
India,Odisha,Brajrajnagar,"GM Office, Brajrajnagar - OSPCB",21-05-2024 02:00:00,21.8004996,83.8396977,OZONE,6,81,43
India,Odisha,Nayagarh,"Dabuna, Nayagarh - OSPCB",21-05-2024 02:00:00,21.847279,85.416905,PM2.5,28,70,44
India,Odisha,Rourkela,"Raghunathpali, Rourkela - OSPCB",21-05-2024 02:00:00,22.220833,84.809444,PM10,40,100,68
India,Odisha,Rourkela,"Sector-2, Rourkela - OSPCB",21-05-2024 02:00:00,22.24500000,84.88111111,PM10,NA,NA,NA
India,Odisha,Rourkela,"Sector-2, Rourkela - OSPCB",21-05-2024 02:00:00,22.24500000,84.88111111,NO2,NA,NA,NA
India,Odisha,Talcher,"Talcher Coalfields,Talcher - OSPCB",21-05-2024 02:00:00,20.9360711,85.1707021,NH3,3,4,3
India,Odisha,Tensa,"Barsua Iron Ore Mines, Tensa - OSPCB",21-05-2024 02:00:00,21.869985,85.167016,PM10,40,83,55
India,Odisha,Tensa,"Barsua Iron Ore Mines, Tensa - OSPCB",21-05-2024 02:00:00,21.869985,85.167016,NO2,4,30,9
India,Puducherry,Puducherry,"Jawahar Nagar, Puducherry - PPCC",21-05-2024 02:00:00,11.9309,79.8027,PM10,9,34,20
India,Puducherry,Puducherry,"Jawahar Nagar, Puducherry - PPCC",21-05-2024 02:00:00,11.9309,79.8027,NH3,3,6,4
India,Punjab,Bathinda,"Hardev Nagar, Bathinda - PPCB",21-05-2024 02:00:00,30.233011,74.907758,SO2,10,35,24
India,Punjab,Jalandhar,"Civil Line, Jalandhar - PPCB",21-05-2024 02:00:00,31.321907,75.578914,PM10,75,147,115
India,Punjab,Jalandhar,"Civil Line, Jalandhar - PPCB",21-05-2024 02:00:00,31.321907,75.578914,NH3,2,5,4
India,Punjab,Jalandhar,"Civil Line, Jalandhar - PPCB",21-05-2024 02:00:00,31.321907,75.578914,SO2,7,13,11
India,Punjab,Khanna,"Kalal Majra, Khanna - PPCB",21-05-2024 02:00:00,30.736056 ,76.209694,PM2.5,77,315,138
India,Punjab,Khanna,"Kalal Majra, Khanna - PPCB",21-05-2024 02:00:00,30.736056 ,76.209694,NO2,24,32,30
India,Punjab,Ludhiana,"Punjab Agricultural University, Ludhiana - PPCB",21-05-2024 02:00:00,30.9028,75.8086,OZONE,8,69,35
India,Punjab,Mandi Gobindgarh,"RIMT University, Mandi Gobindgarh - PPCB",21-05-2024 02:00:00,30.649961,76.331442,PM2.5,130,392,272
India,Punjab,Mandi Gobindgarh,"RIMT University, Mandi Gobindgarh - PPCB",21-05-2024 02:00:00,30.649961,76.331442,NO2,23,24,24
India,Punjab,Patiala,"Model Town, Patiala - PPCB",21-05-2024 02:00:00,30.349388,76.366642,NO2,21,31,26
India,Punjab,Patiala,"Model Town, Patiala - PPCB",21-05-2024 02:00:00,30.349388,76.366642,SO2,5,51,20
India,Punjab,Rupnagar,"Ratanpura, Rupnagar - Ambuja Cements",21-05-2024 02:00:00,31.0325454,76.5623046,PM2.5,49,193,97
India,Punjab,Rupnagar,"Ratanpura, Rupnagar - Ambuja Cements",21-05-2024 02:00:00,31.0325454,76.5623046,CO,28,40,32
India,Rajasthan,Alwar,"Moti Doongri, Alwar - RSPCB",21-05-2024 02:00:00,27.554793,76.611536,NO2,24,54,33
India,Rajasthan,Alwar,"Moti Doongri, Alwar - RSPCB",21-05-2024 02:00:00,27.554793,76.611536,NH3,2,7,4
India,Rajasthan,Banswara,"Rati Talai, Banswara - RSPCB",21-05-2024 02:00:00,23.555190,74.440010,PM2.5,58,345,255
India,Rajasthan,Banswara,"Rati Talai, Banswara - RSPCB",21-05-2024 02:00:00,23.555190,74.440010,NO2,19,112,44
India,Rajasthan,Banswara,"Rati Talai, Banswara - RSPCB",21-05-2024 02:00:00,23.555190,74.440010,NH3,4,14,6
India,Rajasthan,Banswara,"Rati Talai, Banswara - RSPCB",21-05-2024 02:00:00,23.555190,74.440010,CO,24,86,52
India,Rajasthan,Banswara,"Rati Talai, Banswara - RSPCB",21-05-2024 02:00:00,23.555190,74.440010,OZONE,18,165,74
India,Rajasthan,Baran,"Bamboliya, Baran - RSPCB",21-05-2024 02:00:00,25.106006,76.469948,PM10,84,389,130
India,Rajasthan,Baran,"Bamboliya, Baran - RSPCB",21-05-2024 02:00:00,25.106006,76.469948,NH3,3,9,4
India,Rajasthan,Baran,"Bamboliya, Baran - RSPCB",21-05-2024 02:00:00,25.106006,76.469948,SO2,1,18,5
India,Rajasthan,Baran,"Bamboliya, Baran - RSPCB",21-05-2024 02:00:00,25.106006,76.469948,CO,17,43,28
India,Rajasthan,Baran,"Bamboliya, Baran - RSPCB",21-05-2024 02:00:00,25.106006,76.469948,OZONE,24,129,79
India,Rajasthan,Barmer,"Railway Colony, Barmer - RSPCB",21-05-2024 02:00:00,25.747299,71.393989,PM2.5,14,59,29
India,Rajasthan,Barmer,"Railway Colony, Barmer - RSPCB",21-05-2024 02:00:00,25.747299,71.393989,PM10,67,157,107
India,Rajasthan,Barmer,"Railway Colony, Barmer - RSPCB",21-05-2024 02:00:00,25.747299,71.393989,CO,64,82,72
India,Rajasthan,Bharatpur,"Krishna Nagar, Bharatpur - RSPCB",21-05-2024 02:00:00,27.215415,77.50873,OZONE,26,153,80
India,Rajasthan,Bhilwara,"Pratap Nagar, Bhilwara - RSPCB",21-05-2024 02:00:00,25.339605,74.618883,NH3,1,5,3
India,Rajasthan,Bhiwadi,"RIICO Ind. Area III, Bhiwadi - RSPCB",21-05-2024 02:00:00,28.194909,76.862296,PM2.5,74,322,179
India,Rajasthan,Bhiwadi,"RIICO Ind. Area III, Bhiwadi - RSPCB",21-05-2024 02:00:00,28.194909,76.862296,PM10,119,319,186
India,Rajasthan,Bikaner,"MM Ground, Bikaner - RSPCB",21-05-2024 02:00:00,28.018792,73.292658,CO,12,84,36
India,Rajasthan,Bikaner,"MM Ground, Bikaner - RSPCB",21-05-2024 02:00:00,28.018792,73.292658,OZONE,20,91,51
India,Rajasthan,Bundi,"New Colony, Bundi - RSPCB",21-05-2024 02:00:00,25.435774,75.644272,CO,14,110,39
India,Rajasthan,Chittorgarh,"Shastri Nagar, Chittorgarh - RSPCB",21-05-2024 02:00:00,24.892047,74.623527,CO,7,34,23
India,Rajasthan,Chittorgarh,"Shastri Nagar, Chittorgarh - RSPCB",21-05-2024 02:00:00,24.892047,74.623527,OZONE,19,128,52
India,Rajasthan,Churu,"Subash Chowk, Churu - RSPCB",21-05-2024 02:00:00,28.296139,74.961696,NH3,NA,NA,NA
India,Rajasthan,Dausa,"Khatikan Mohalla, Dausa - RSPCB",21-05-2024 02:00:00,26.895552,76.334753,CO,28,107,67
India,Rajasthan,Dausa,"Khatikan Mohalla, Dausa - RSPCB",21-05-2024 02:00:00,26.895552,76.334753,OZONE,22,326,68
India,Rajasthan,Dholpur,"Raja Ganj, Dholpur - RSPCB",21-05-2024 02:00:00,26.699557,77.898881,NO2,26,58,40
India,Rajasthan,Dungarpur,"Bhoiwada, Dungarpur - RSPCB",21-05-2024 02:00:00,23.837789,73.714926,NO2,11,25,17
India,Rajasthan,Hanumangarh,"Housing Board, Hanumangarh - RSPCB",21-05-2024 02:00:00,29.610750,74.283608,PM2.5,30,342,87
India,Rajasthan,Jaipur,"Mansarovar Sector-12, Jaipur - RSPCB",21-05-2024 02:00:00,26.843698,75.766894,PM10,100,298,179
India,Rajasthan,Jaipur,"Mansarovar Sector-12, Jaipur - RSPCB",21-05-2024 02:00:00,26.843698,75.766894,SO2,7,15,10
India,Rajasthan,Jaipur,"Police Commissionerate, Jaipur - RSPCB",21-05-2024 02:00:00,26.9164092,75.7994901,PM2.5,86,258,173
India,Rajasthan,Jaipur,"Police Commissionerate, Jaipur - RSPCB",21-05-2024 02:00:00,26.9164092,75.7994901,PM10,104,223,164
India,Rajasthan,Jaipur,"Police Commissionerate, Jaipur - RSPCB",21-05-2024 02:00:00,26.9164092,75.7994901,NO2,17,79,35
India,Rajasthan,Jaipur,"RIICO Sitapura, Jaipur - RSPCB",21-05-2024 02:00:00,26.786682,75.827928,PM10,100,255,157
India,Rajasthan,Jaipur,"Sector-2 Murlipura, Jaipur - RSPCB",21-05-2024 02:00:00,26.960669,75.771817,CO,38,92,58
India,Rajasthan,Jaipur,"Shastri Nagar, Jaipur - RSPCB",21-05-2024 02:00:00,26.9502929,75.730943,PM10,73,348,177
India,Rajasthan,Jalore,"Mudtra Sili, Jalore - RSPCB",21-05-2024 02:00:00,25.344694,72.626208,PM2.5,32,94,51
India,Rajasthan,Jalore,"Mudtra Sili, Jalore - RSPCB",21-05-2024 02:00:00,25.344694,72.626208,NO2,4,51,21
India,Rajasthan,Jalore,"Mudtra Sili, Jalore - RSPCB",21-05-2024 02:00:00,25.344694,72.626208,CO,10,32,18
India,Rajasthan,Jhalawar,"Rajlaxmi Nagar, Jhalawar - RSPCB",21-05-2024 02:00:00,24.588397,76.172782,NO2,14,48,26
India,Rajasthan,Jhunjhunu,"Indra Nagar, Jhunjhunu - RSPCB",21-05-2024 02:00:00,28.108988,75.386577,NO2,13,30,18
India,Rajasthan,Jodhpur,"Collectorate, Jodhpur - RSPCB",21-05-2024 02:00:00,26.268249,73.0193853,OZONE,9,95,49
India,Rajasthan,Jodhpur,"Digari Kalan, Jodhpur - RSPCB",21-05-2024 02:00:00,26.295810,73.082283,OZONE,15,103,65
India,Rajasthan,Jodhpur,"Mandor, Jodhpur - RSPCB",21-05-2024 02:00:00,26.358805,73.047444,PM2.5,17,34,24
India,Rajasthan,Jodhpur,"Mandor, Jodhpur - RSPCB",21-05-2024 02:00:00,26.358805,73.047444,CO,8,22,13
India,Rajasthan,Jodhpur,"Mandor, Jodhpur - RSPCB",21-05-2024 02:00:00,26.358805,73.047444,OZONE,32,93,83
India,Rajasthan,Karauli,"Satyawati Vihar, Karauli - RSPCB",21-05-2024 02:00:00,26.506177,77.025989,PM10,40,216,108
India,Rajasthan,Karauli,"Satyawati Vihar, Karauli - RSPCB",21-05-2024 02:00:00,26.506177,77.025989,NO2,10,71,25
India,Rajasthan,Kota,"Dhanmandi, Kota - RSPCB",21-05-2024 02:00:00,25.164090,75.858137,NO2,15,155,64
India,Rajasthan,Kota,"Dhanmandi, Kota - RSPCB",21-05-2024 02:00:00,25.164090,75.858137,OZONE,1,149,25
India,Rajasthan,Kota,"Shrinath Puram, Kota - RSPCB",21-05-2024 02:00:00,25.14389,75.821256,PM10,83,500,163
India,Rajasthan,Nagaur,"Karni Colony, Nagaur - RSPCB",21-05-2024 02:00:00,27.213494,73.734444,PM10,70,239,117
India,Rajasthan,Nagaur,"Karni Colony, Nagaur - RSPCB",21-05-2024 02:00:00,27.213494,73.734444,NO2,10,40,17
India,Rajasthan,Pali,"Indira Colony Vistar, Pali - RSPCB",21-05-2024 02:00:00,25.771061, 73.340227,PM10,35,159,122
India,Rajasthan,Pali,"Indira Colony Vistar, Pali - RSPCB",21-05-2024 02:00:00,25.771061, 73.340227,OZONE,38,81,47
India,Rajasthan,Pratapgarh,"Pragati Nagar, Pratapgarh - RSPCB",21-05-2024 02:00:00,24.041198,74.780702,PM10,58,148,84
India,Rajasthan,Pratapgarh,"Pragati Nagar, Pratapgarh - RSPCB",21-05-2024 02:00:00,24.041198,74.780702,CO,7,32,19
India,Rajasthan,Rajsamand,"Dhoinda, Rajsamand - RSPCB",21-05-2024 02:00:00,25.036360,73.883502,PM10,NA,NA,NA
India,Rajasthan,Sawai Madhopur,"Sahu Nagar, Sawai Madhopur - RSPCB",21-05-2024 02:00:00,26.031443,76.359327,PM10,94,281,144
India,Rajasthan,Sikar,"Radhakishan Pura, Sikar - RSPCB",21-05-2024 02:00:00,27.608912,75.153302,PM10,92,196,137
India,Rajasthan,Sikar,"Radhakishan Pura, Sikar - RSPCB",21-05-2024 02:00:00,27.608912,75.153302,OZONE,41,98,58
India,Rajasthan,Sirohi,"Vedhaynath Colony, Sirohi - RSPCB",21-05-2024 02:00:00,24.885261,72.857549,NO2,7,40,13
India,Rajasthan,Sirohi,"Vedhaynath Colony, Sirohi - RSPCB",21-05-2024 02:00:00,24.885261,72.857549,SO2,3,18,9
India,Rajasthan,Sri Ganganagar,"Old City, Sri Ganganagar - RSPCB",21-05-2024 02:00:00,29.931624,73.864511,SO2,1,4,2
India,Rajasthan,Tonk,"Shastri Nagar, Tonk - RSPCB",21-05-2024 02:00:00,26.159933,75.780517,CO,18,56,36
India,Rajasthan,Udaipur,"Ashok Nagar, Udaipur - RSPCB",21-05-2024 02:00:00,24.5886166,73.6321397,PM2.5,54,166,86
India,Rajasthan,Udaipur,"Ashok Nagar, Udaipur - RSPCB",21-05-2024 02:00:00,24.5886166,73.6321397,NH3,4,5,4
India,Sikkim,Gangtok,"Zero Point GICI, Gangtok - SSPCB",21-05-2024 02:00:00,27.338530,88.614099,NO2,1,6,2
India,TamilNadu,Chennai,"Manali, Chennai - CPCB",21-05-2024 02:00:00,13.164544,80.26285,SO2,2,27,8
India,TamilNadu,Chennai,"Manali, Chennai - CPCB",21-05-2024 02:00:00,13.164544,80.26285,OZONE,10,18,14
India,TamilNadu,Chennai,"Perungudi, Chennai - TNPCB",21-05-2024 02:00:00,12.9533,80.2357,NH3,3,5,4
India,TamilNadu,Chennai,"Perungudi, Chennai - TNPCB",21-05-2024 02:00:00,12.9533,80.2357,SO2,1,7,3
India,TamilNadu,Chennai,"Royapuram, Chennai - TNPCB",21-05-2024 02:00:00,13.1036,80.2909,OZONE,6,25,12
India,TamilNadu,Chennai,"Velachery Res. Area, Chennai - CPCB",21-05-2024 02:00:00,13.0052189,80.2398125,OZONE,1,38,34
India,TamilNadu,Coimbatore,"PSG College of Arts and Science, Coimbatore - TNPCB",21-05-2024 02:00:00,11.0328,77.0349,PM2.5,NA,NA,NA
India,TamilNadu,Ooty,"Bombay Castel, Ooty - TNPCB",21-05-2024 02:00:00,11.4068288,76.7138973,PM10,NA,NA,NA
India,TamilNadu,Ooty,"Bombay Castel, Ooty - TNPCB",21-05-2024 02:00:00,11.4068288,76.7138973,NO2,1,38,14
India,TamilNadu,Palkalaiperur,"Bharathidasan University, Palkalaiperur - TNPCB",21-05-2024 02:00:00,10.681158,78.741746,SO2,NA,NA,NA
India,TamilNadu,Ramanathapuram,"Chalai Bazaar, Ramanathapuram - TNPCB",21-05-2024 02:00:00,9.36399,78.831977,PM10,7,52,19
India,TamilNadu,Ramanathapuram,"Chalai Bazaar, Ramanathapuram - TNPCB",21-05-2024 02:00:00,9.36399,78.831977,NH3,1,1,1
India,TamilNadu,Ramanathapuram,"Chalai Bazaar, Ramanathapuram - TNPCB",21-05-2024 02:00:00,9.36399,78.831977,OZONE,13,14,14
India,TamilNadu,Salem,"Sona College of Technology, Salem - TNPCB",21-05-2024 02:00:00,11.679111,78.125052,PM10,1,44,28
India,TamilNadu,Salem,"Sona College of Technology, Salem - TNPCB",21-05-2024 02:00:00,11.679111,78.125052,NO2,6,8,7
India,TamilNadu,Salem,"Sona College of Technology, Salem - TNPCB",21-05-2024 02:00:00,11.679111,78.125052,SO2,93,96,95
India,TamilNadu,Salem,"Sona College of Technology, Salem - TNPCB",21-05-2024 02:00:00,11.679111,78.125052,OZONE,3,3,3
India,TamilNadu,Thoothukudi,"Meelavittan, Thoothukudi - TNPCB",21-05-2024 02:00:00,8.816428 ,78.099039,CO,2,188,68
India,TamilNadu,Vellore,"Vasanthapuram, Vellore - TNPCB",21-05-2024 02:00:00,12.909494,79.131861,PM10,18,49,35
India,Telangana,Hyderabad,"Bollaram Industrial Area, Hyderabad - TSPCB",21-05-2024 02:00:00,17.540891,78.358528,NO2,13,60,28
India,Telangana,Hyderabad,"ECIL Kapra, Hyderabad - TSPCB",21-05-2024 02:00:00,17.470431,78.566959,NH3,NA,NA,NA
India,Telangana,Hyderabad,"ECIL Kapra, Hyderabad - TSPCB",21-05-2024 02:00:00,17.470431,78.566959,OZONE,16,48,27
India,Telangana,Hyderabad,"IITH Kandi, Hyderabad - TSPCB",21-05-2024 02:00:00,17.585705,78.126199,PM2.5,NA,NA,NA
India,Telangana,Hyderabad,"IITH Kandi, Hyderabad - TSPCB",21-05-2024 02:00:00,17.585705,78.126199,OZONE,NA,NA,NA
India,Telangana,Hyderabad,"Kokapet, Hyderabad - TSPCB",21-05-2024 02:00:00,17.393559,78.339194,PM2.5,NA,NA,NA
India,Telangana,Hyderabad,"Kokapet, Hyderabad - TSPCB",21-05-2024 02:00:00,17.393559,78.339194,NO2,NA,NA,NA
India,Telangana,Hyderabad,"Kokapet, Hyderabad - TSPCB",21-05-2024 02:00:00,17.393559,78.339194,CO,16,16,16
India,Telangana,Hyderabad,"Kompally Municipal Office, Hyderabad - TSPCB",21-05-2024 02:00:00,17.544899,78.486949,NO2,7,9,9
India,Telangana,Hyderabad,"Kompally Municipal Office, Hyderabad - TSPCB",21-05-2024 02:00:00,17.544899,78.486949,CO,16,94,52
India,Telangana,Hyderabad,"Nacharam_TSIIC IALA, Hyderabad - TSPCB",21-05-2024 02:00:00,17.429398,78.569354,CO,4,37,33
India,Telangana,Hyderabad,"New Malakpet, Hyderabad - TSPCB",21-05-2024 02:00:00,17.37206,78.50864,OZONE,15,116,19
India,Telangana,Hyderabad,"Ramachandrapuram, Hyderabad - TSPCB",21-05-2024 02:00:00,17.528544,78.286195,PM2.5,NA,NA,NA
India,Telangana,Hyderabad,"Sanathnagar, Hyderabad - TSPCB",21-05-2024 02:00:00,17.4559458,78.4332152,SO2,8,25,17
India,Telangana,Hyderabad,"Somajiguda, Hyderabad - TSPCB",21-05-2024 02:00:00,17.417094,78.457437,PM10,67,77,70
India,Telangana,Hyderabad,"Somajiguda, Hyderabad - TSPCB",21-05-2024 02:00:00,17.417094,78.457437,NH3,5,8,7
India,Telangana,Hyderabad,"Somajiguda, Hyderabad - TSPCB",21-05-2024 02:00:00,17.417094,78.457437,CO,22,74,55
India,Telangana,Hyderabad,"Zoo Park, Hyderabad - TSPCB",21-05-2024 02:00:00,17.349694,78.451437,CO,21,60,40
India,Tripura,Agartala,"Bardowali, Agartala - Tripura SPCB",21-05-2024 02:00:00,23.8175497,91.2726974,NO2,NA,NA,NA
India,Tripura,Agartala,"Bardowali, Agartala - Tripura SPCB",21-05-2024 02:00:00,23.8175497,91.2726974,OZONE,1,16,2
India,Uttar_Pradesh,Agra,"Manoharpur, Agra - UPPCB",21-05-2024 02:00:00,27.23711,78.01936,NH3,2,3,2
India,Uttar_Pradesh,Agra,"Rohta, Agra - UPPCB",21-05-2024 02:00:00,27.106972,78.000111,SO2,3,16,8
India,Uttar_Pradesh,Agra,"Sector-3B Avas Vikas Colony, Agra - UPPCB",21-05-2024 02:00:00,27.19412,77.96237,NH3,6,18,10
India,Uttar_Pradesh,Agra,"Sector-3B Avas Vikas Colony, Agra - UPPCB",21-05-2024 02:00:00,27.19412,77.96237,SO2,12,20,14
India,Uttar_Pradesh,Agra,"Sector-3B Avas Vikas Colony, Agra - UPPCB",21-05-2024 02:00:00,27.19412,77.96237,OZONE,10,15,11
India,Uttar_Pradesh,Agra,"Shahjahan Garden, Agra - UPPCB",21-05-2024 02:00:00,27.169338,78.03582,PM10,46,174,107
India,Uttar_Pradesh,Agra,"Shahjahan Garden, Agra - UPPCB",21-05-2024 02:00:00,27.169338,78.03582,NO2,17,18,18
India,Uttar_Pradesh,Agra,"Shahjahan Garden, Agra - UPPCB",21-05-2024 02:00:00,27.169338,78.03582,SO2,55,79,67
India,Uttar_Pradesh,Agra,"Shastripuram, Agra - UPPCB",21-05-2024 02:00:00,27.19862,77.92066,PM2.5,7,62,40
India,Uttar_Pradesh,Agra,"Shastripuram, Agra - UPPCB",21-05-2024 02:00:00,27.19862,77.92066,PM10,28,151,99
India,Uttar_Pradesh,Baghpat,"Sardar Patel Inter College, Baghpat - UPPCB",21-05-2024 02:00:00,28.964949,77.278761,NH3,2,3,2
India,Uttar_Pradesh,Bareilly,"Civil Lines, Bareilly - UPPCB",21-05-2024 02:00:00,28.359581,79.414455,PM2.5,8,26,18
India,Uttar_Pradesh,Bareilly,"Civil Lines, Bareilly - UPPCB",21-05-2024 02:00:00,28.359581,79.414455,NH3,1,2,1
India,Uttar_Pradesh,Bareilly,"Rajendra Nagar, Bareilly - UPPCB",21-05-2024 02:00:00,28.38910936,79.42963708,OZONE,NA,NA,NA
India,Uttar_Pradesh,Bulandshahr,"Yamunapuram, Bulandshahr - UPPCB",21-05-2024 02:00:00,28.406963,77.849831,PM2.5,42,179,94
India,Uttar_Pradesh,Bulandshahr,"Yamunapuram, Bulandshahr - UPPCB",21-05-2024 02:00:00,28.406963,77.849831,NH3,14,27,19
India,Uttar_Pradesh,Bulandshahr,"Yamunapuram, Bulandshahr - UPPCB",21-05-2024 02:00:00,28.406963,77.849831,OZONE,15,165,50
India,Uttar_Pradesh,Firozabad,"Nagla Bhau, Firozabad - UPPCB",21-05-2024 02:00:00,27.168897,78.376960,PM10,43,118,81
India,Uttar_Pradesh,Ghaziabad,"Loni, Ghaziabad - UPPCB",21-05-2024 02:00:00,28.757294,77.278792,PM2.5,45,313,136
India,Uttar_Pradesh,Ghaziabad,"Loni, Ghaziabad - UPPCB",21-05-2024 02:00:00,28.757294,77.278792,OZONE,1,112,42
India,Uttar_Pradesh,Ghaziabad,"Sanjay Nagar, Ghaziabad - UPPCB",21-05-2024 02:00:00,28.685382,77.453839,NH3,9,22,13
India,Uttar_Pradesh,Ghaziabad,"Sanjay Nagar, Ghaziabad - UPPCB",21-05-2024 02:00:00,28.685382,77.453839,SO2,23,66,34
India,Uttar_Pradesh,Ghaziabad,"Vasundhara, Ghaziabad - UPPCB",21-05-2024 02:00:00,28.6603346,77.3572563,SO2,2,54,20
India,Uttar_Pradesh,Ghaziabad,"Vasundhara, Ghaziabad - UPPCB",21-05-2024 02:00:00,28.6603346,77.3572563,OZONE,14,260,87
India,Uttar_Pradesh,Greater Noida,"Knowledge Park - III, Greater Noida - UPPCB",21-05-2024 02:00:00,28.47272,77.482000,PM2.5,NA,NA,NA
India,Uttar_Pradesh,Greater Noida,"Knowledge Park - V, Greater Noida - UPPCB",21-05-2024 02:00:00,28.557054,77.453663,NO2,23,86,41
India,Uttar_Pradesh,Hapur,"Anand Vihar, Hapur - UPPCB",21-05-2024 02:00:00,28.725645,77.749675,OZONE,2,66,27
India,Uttar_Pradesh,Kanpur,"FTI Kidwai Nagar, Kanpur - UPPCB",21-05-2024 02:00:00,26.428282,80.327067,CO,30,53,37
India,Uttar_Pradesh,Kanpur,"NSI Kalyanpur, Kanpur - UPPCB",21-05-2024 02:00:00,26.509954,80.249612,NO2,16,18,17
India,Uttar_Pradesh,Kanpur,"NSI Kalyanpur, Kanpur - UPPCB",21-05-2024 02:00:00,26.509954,80.249612,SO2,18,42,23
India,Uttar_Pradesh,Kanpur,"Nehru Nagar, Kanpur - UPPCB",21-05-2024 02:00:00,26.4703136,80.3229863,CO,2,98,34
India,Uttar_Pradesh,Kanpur,"Nehru Nagar, Kanpur - UPPCB",21-05-2024 02:00:00,26.4703136,80.3229863,OZONE,18,196,51
India,Uttar_Pradesh,Khurja,"Kalindi Kunj, Khurja - UPPCB",21-05-2024 02:00:00,28.2348927,77.8683002,PM2.5,47,190,89
India,Uttar_Pradesh,Khurja,"Kalindi Kunj, Khurja - UPPCB",21-05-2024 02:00:00,28.2348927,77.8683002,OZONE,32,40,35
India,Uttar_Pradesh,Lucknow,"B R Ambedkar University, Lucknow - UPPCB",21-05-2024 02:00:00,26.766433,80.927299,PM10,101,372,135
India,Uttar_Pradesh,Lucknow,"B R Ambedkar University, Lucknow - UPPCB",21-05-2024 02:00:00,26.766433,80.927299,NO2,11,12,11
India,Uttar_Pradesh,Lucknow,"B R Ambedkar University, Lucknow - UPPCB",21-05-2024 02:00:00,26.766433,80.927299,OZONE,29,76,56
India,Uttar_Pradesh,Lucknow,"Kendriya Vidyalaya, Lucknow - CPCB",21-05-2024 02:00:00,26.906111,80.948222,NH3,4,26,17
India,Uttar_Pradesh,Lucknow,"Kendriya Vidyalaya, Lucknow - CPCB",21-05-2024 02:00:00,26.906111,80.948222,CO,22,43,31
India,Uttar_Pradesh,Lucknow,"Kendriya Vidyalaya, Lucknow - CPCB",21-05-2024 02:00:00,26.906111,80.948222,OZONE,50,124,92
India,Uttar_Pradesh,Lucknow,"Kukrail Picnic Spot-1, Lucknow - UPPCB",21-05-2024 02:00:00,26.90723,80.98579,NO2,13,13,13
India,Uttar_Pradesh,Lucknow,"Talkatora District Industries Center, Lucknow - CPCB",21-05-2024 02:00:00,26.83399722,80.8917361,NO2,25,66,38
India,Uttar_Pradesh,Meerut,"Ganga Nagar, Meerut - UPPCB",21-05-2024 02:00:00,28.999264,77.7590354,NO2,19,59,30
India,Uttar_Pradesh,Meerut,"Ganga Nagar, Meerut - UPPCB",21-05-2024 02:00:00,28.999264,77.7590354,NH3,7,22,11
India,Uttar_Pradesh,Meerut,"Jai Bhim Nagar, Meerut - UPPCB",21-05-2024 02:00:00,28.9535882,77.7622941,NO2,14,38,22
India,Uttar_Pradesh,Meerut,"Jai Bhim Nagar, Meerut - UPPCB",21-05-2024 02:00:00,28.9535882,77.7622941,NH3,7,22,12
India,Uttar_Pradesh,Moradabad,"Buddhi Vihar, Moradabad - UPPCB",21-05-2024 02:00:00,28.83526,78.74460,NH3,3,3,3
India,Uttar_Pradesh,Moradabad,"Buddhi Vihar, Moradabad - UPPCB",21-05-2024 02:00:00,28.83526,78.74460,OZONE,1,62,14
India,Uttar_Pradesh,Moradabad,"Eco Herbal Park, Moradabad - UPPCB",21-05-2024 02:00:00,28.840739,78.697531,PM2.5,22,75,57
India,Uttar_Pradesh,Moradabad,"Eco Herbal Park, Moradabad - UPPCB",21-05-2024 02:00:00,28.840739,78.697531,NH3,6,35,13
India,Uttar_Pradesh,Moradabad,"Employment Office, Moradabad - UPPCB",21-05-2024 02:00:00,28.88528,78.73880,PM2.5,31,88,53
India,Uttar_Pradesh,Moradabad,"Jigar Colony, Moradabad - UPPCB",21-05-2024 02:00:00,28.856664,78.772638,PM10,71,216,123
India,Uttar_Pradesh,Moradabad,"Jigar Colony, Moradabad - UPPCB",21-05-2024 02:00:00,28.856664,78.772638,NO2,17,19,17
India,Uttar_Pradesh,Moradabad,"Jigar Colony, Moradabad - UPPCB",21-05-2024 02:00:00,28.856664,78.772638,NH3,5,14,5
India,Uttar_Pradesh,Moradabad,"Jigar Colony, Moradabad - UPPCB",21-05-2024 02:00:00,28.856664,78.772638,CO,5,47,33
India,Uttar_Pradesh,Moradabad,"Transport Nagar, Moradabad - UPPCB",21-05-2024 02:00:00,28.802625,78.753728,NO2,4,4,4
India,Uttar_Pradesh,Noida,"Sector - 125, Noida - UPPCB",21-05-2024 02:00:00,28.5447608,77.3231257,PM2.5,47,417,245
India,Uttar_Pradesh,Noida,"Sector - 125, Noida - UPPCB",21-05-2024 02:00:00,28.5447608,77.3231257,SO2,14,38,25
India,Uttar_Pradesh,Noida,"Sector - 125, Noida - UPPCB",21-05-2024 02:00:00,28.5447608,77.3231257,OZONE,5,75,24
India,Uttar_Pradesh,Noida,"Sector-1, Noida - UPPCB",21-05-2024 02:00:00,28.5898,77.3101,PM2.5,35,316,148
India,Uttar_Pradesh,Noida,"Sector-1, Noida - UPPCB",21-05-2024 02:00:00,28.5898,77.3101,NH3,6,12,8
India,Uttar_Pradesh,Noida,"Sector-1, Noida - UPPCB",21-05-2024 02:00:00,28.5898,77.3101,SO2,9,43,24
India,Uttar_Pradesh,Noida,"Sector-116, Noida - UPPCB",21-05-2024 02:00:00,28.569230,77.393848,PM2.5,57,327,188
India,Uttar_Pradesh,Noida,"Sector-116, Noida - UPPCB",21-05-2024 02:00:00,28.569230,77.393848,NO2,15,126,52
India,Uttar_Pradesh,Noida,"Sector-116, Noida - UPPCB",21-05-2024 02:00:00,28.569230,77.393848,NH3,7,14,10
India,Uttar_Pradesh,Noida,"Sector-116, Noida - UPPCB",21-05-2024 02:00:00,28.569230,77.393848,OZONE,3,197,54
India,Uttar_Pradesh,Prayagraj,"Jhunsi, Prayagraj - UPPCB",21-05-2024 02:00:00,25.425602,81.917152,PM2.5,25,64,42
India,Uttar_Pradesh,Prayagraj,"Jhunsi, Prayagraj - UPPCB",21-05-2024 02:00:00,25.425602,81.917152,SO2,30,32,31
India,Uttar_Pradesh,Prayagraj,"Jhunsi, Prayagraj - UPPCB",21-05-2024 02:00:00,25.425602,81.917152,CO,3,25,9
India,Uttar_Pradesh,Prayagraj,"Motilal Nehru NIT, Prayagraj - UPPCB",21-05-2024 02:00:00,25.494,81.863,NO2,11,12,12
India,Uttar_Pradesh,Prayagraj,"Motilal Nehru NIT, Prayagraj - UPPCB",21-05-2024 02:00:00,25.494,81.863,NH3,6,7,7
India,Uttar_Pradesh,Prayagraj,"Motilal Nehru NIT, Prayagraj - UPPCB",21-05-2024 02:00:00,25.494,81.863,SO2,26,104,49
India,Uttar_Pradesh,Varanasi,"Ardhali Bazar, Varanasi - UPPCB",21-05-2024 02:00:00,25.3505986,82.9083074,PM2.5,14,45,27
India,Uttar_Pradesh,Varanasi,"Ardhali Bazar, Varanasi - UPPCB",21-05-2024 02:00:00,25.3505986,82.9083074,NO2,15,26,20
India,Uttar_Pradesh,Varanasi,"Bhelupur, Varanasi - UPPCB",21-05-2024 02:00:00,25.301778,82.996789,PM2.5,6,12,8
India,Uttar_Pradesh,Varanasi,"Bhelupur, Varanasi - UPPCB",21-05-2024 02:00:00,25.301778,82.996789,PM10,17,62,35
India,Uttar_Pradesh,Varanasi,"Bhelupur, Varanasi - UPPCB",21-05-2024 02:00:00,25.301778,82.996789,CO,16,26,21
India,Uttar_Pradesh,Varanasi,"Maldahiya, Varanasi - UPPCB",21-05-2024 02:00:00,25.32393,82.99687,NO2,1,2,2
India,Uttar_Pradesh,Varanasi,"Maldahiya, Varanasi - UPPCB",21-05-2024 02:00:00,25.32393,82.99687,CO,4,30,20
India,Uttar_Pradesh,Vrindavan,"Omex Eternity, Vrindavan - UPPCB",21-05-2024 02:00:00,27.5714090,77.6557570,PM2.5,24,72,44
India,Uttar_Pradesh,Vrindavan,"Omex Eternity, Vrindavan - UPPCB",21-05-2024 02:00:00,27.5714090,77.6557570,PM10,53,185,128
India,Uttar_Pradesh,Vrindavan,"Omex Eternity, Vrindavan - UPPCB",21-05-2024 02:00:00,27.5714090,77.6557570,SO2,42,49,45
India,Uttarakhand,Kashipur,"Govt. Girls Inter College, Kashipur - UKPCB",21-05-2024 02:00:00,29.2124114,78.9611753,NO2,18,35,24
India,Uttarakhand,Kashipur,"Govt. Girls Inter College, Kashipur - UKPCB",21-05-2024 02:00:00,29.2124114,78.9611753,CO,6,68,33
India,Uttarakhand,Rishikesh,"Shivaji Nagar, Rishikesh - UKPCB",21-05-2024 02:00:00,30.075911,78.2859547,NO2,6,27,15
India,Uttarakhand,Rishikesh,"Shivaji Nagar, Rishikesh - UKPCB",21-05-2024 02:00:00,30.075911,78.2859547,NH3,2,4,3
India,Uttarakhand,Rishikesh,"Shivaji Nagar, Rishikesh - UKPCB",21-05-2024 02:00:00,30.075911,78.2859547,SO2,1,5,3
India,West_Bengal,Barrackpore,"SVSPA Campus, Barrackpore - WBPCB",21-05-2024 02:00:00,22.7605581,88.3617589,CO,2,12,10
India,West_Bengal,Barrackpore,"SVSPA Campus, Barrackpore - WBPCB",21-05-2024 02:00:00,22.7605581,88.3617589,OZONE,1,40,10
India,West_Bengal,Durgapur,"Sidhu Kanhu Indoor Stadium, Durgapur - WBPCB",21-05-2024 02:00:00,23.5404352,87.2892225,CO,34,52,41
India,West_Bengal,Haldia,"Priyambada Housing Estate, Haldia - WBPCB",21-05-2024 02:00:00,22.06047,88.109737,SO2,7,18,13
India,West_Bengal,Haldia,"Priyambada Housing Estate, Haldia - WBPCB",21-05-2024 02:00:00,22.06047,88.109737,OZONE,23,82,27
India,West_Bengal,Howrah,"Belur Math, Howrah - WBPCB",21-05-2024 02:00:00,22.629801,88.352017,PM2.5,6,28,15
India,West_Bengal,Howrah,"Belur Math, Howrah - WBPCB",21-05-2024 02:00:00,22.629801,88.352017,PM10,16,67,32
India,West_Bengal,Howrah,"Belur Math, Howrah - WBPCB",21-05-2024 02:00:00,22.629801,88.352017,CO,2,18,11
India,West_Bengal,Howrah,"Ghusuri, Howrah - WBPCB",21-05-2024 02:00:00,22.611968,88.347422,PM10,13,35,23
India,West_Bengal,Howrah,"Ghusuri, Howrah - WBPCB",21-05-2024 02:00:00,22.611968,88.347422,NH3,3,3,3
India,West_Bengal,Howrah,"Ghusuri, Howrah - WBPCB",21-05-2024 02:00:00,22.611968,88.347422,CO,10,36,24
India,West_Bengal,Howrah,"Ghusuri, Howrah - WBPCB",21-05-2024 02:00:00,22.611968,88.347422,OZONE,10,23,13
India,West_Bengal,Kolkata,"Ballygunge, Kolkata - WBPCB",21-05-2024 02:00:00,22.5367507,88.3638022,OZONE,13,55,24
India,West_Bengal,Kolkata,"Bidhannagar, Kolkata - WBPCB",21-05-2024 02:00:00,22.58157048,88.41002457,SO2,5,11,8
India,West_Bengal,Kolkata,"Fort William, Kolkata - WBPCB",21-05-2024 02:00:00,22.556640,88.342674,PM10,24,49,35
India,West_Bengal,Kolkata,"Fort William, Kolkata - WBPCB",21-05-2024 02:00:00,22.556640,88.342674,OZONE,10,16,13
India,West_Bengal,Kolkata,"Rabindra Bharati University, Kolkata - WBPCB",21-05-2024 02:00:00,22.627847,88.380669,NO2,5,8,6
India,West_Bengal,Kolkata,"Rabindra Bharati University, Kolkata - WBPCB",21-05-2024 02:00:00,22.627847,88.380669,OZONE,8,18,12
India,West_Bengal,Kolkata,"Rabindra Sarobar, Kolkata - WBPCB",21-05-2024 02:00:00,22.51106,88.35142,SO2,5,7,7
India,West_Bengal,Kolkata,"Victoria, Kolkata - WBPCB",21-05-2024 02:00:00,22.5448082,88.3403691,OZONE,10,33,14
India,Andhra_Pradesh,Amaravati,"Secretariat, Amaravati - APPCB",21-05-2024 02:00:00,16.5150833,80.5181667,PM2.5,2,37,13
India,Andhra_Pradesh,Amaravati,"Secretariat, Amaravati - APPCB",21-05-2024 02:00:00,16.5150833,80.5181667,PM10,3,40,18
India,Andhra_Pradesh,Amaravati,"Secretariat, Amaravati - APPCB",21-05-2024 02:00:00,16.5150833,80.5181667,NO2,4,13,8
India,Andhra_Pradesh,Amaravati,"Secretariat, Amaravati - APPCB",21-05-2024 02:00:00,16.5150833,80.5181667,OZONE,1,14,5
India,Andhra_Pradesh,Anantapur,"Gulzarpet, Anantapur - APPCB",21-05-2024 02:00:00,14.675886,77.593027,PM2.5,21,31,23
India,Andhra_Pradesh,Anantapur,"Gulzarpet, Anantapur - APPCB",21-05-2024 02:00:00,14.675886,77.593027,PM10,34,46,40
India,Andhra_Pradesh,Anantapur,"Gulzarpet, Anantapur - APPCB",21-05-2024 02:00:00,14.675886,77.593027,NO2,12,13,12
India,Andhra_Pradesh,Anantapur,"Gulzarpet, Anantapur - APPCB",21-05-2024 02:00:00,14.675886,77.593027,SO2,3,4,4
India,Andhra_Pradesh,Chittoor,"Gangineni Cheruvu, Chittoor - APPCB",21-05-2024 02:00:00,13.204880,79.097889,SO2,NA,NA,NA
India,Andhra_Pradesh,Chittoor,"Gangineni Cheruvu, Chittoor - APPCB",21-05-2024 02:00:00,13.204880,79.097889,OZONE,NA,NA,NA
India,Andhra_Pradesh,Rajamahendravaram,"Anand Kala Kshetram, Rajamahendravaram - APPCB",21-05-2024 02:00:00,16.9872867,81.7363176,PM2.5,2,64,15
India,Andhra_Pradesh,Rajamahendravaram,"Anand Kala Kshetram, Rajamahendravaram - APPCB",21-05-2024 02:00:00,16.9872867,81.7363176,PM10,7,57,23
India,Andhra_Pradesh,Rajamahendravaram,"Anand Kala Kshetram, Rajamahendravaram - APPCB",21-05-2024 02:00:00,16.9872867,81.7363176,SO2,11,13,12
India,Andhra_Pradesh,Vijayawada,"HB Colony, Vijayawada - APPCB",21-05-2024 02:00:00,16.536107,80.594233,PM2.5,41,42,41
India,Andhra_Pradesh,Vijayawada,"HB Colony, Vijayawada - APPCB",21-05-2024 02:00:00,16.536107,80.594233,PM10,42,45,43
India,Andhra_Pradesh,Vijayawada,"Kanuru, Vijayawada - APPCB",21-05-2024 02:00:00,16.486692,80.699436,PM2.5,44,53,48
India,Andhra_Pradesh,Vijayawada,"Rajiv Gandhi Park, Vijayawada - APPCB",21-05-2024 02:00:00,16.509717,80.612222,NH3,4,6,5
India,Andhra_Pradesh,Vijayawada,"Rajiv Nagar, Vijayawada - APPCB",21-05-2024 02:00:00,16.554731,80.649110,PM10,59,129,65
India,Andhra_Pradesh,Vijayawada,"Rajiv Nagar, Vijayawada - APPCB",21-05-2024 02:00:00,16.554731,80.649110,SO2,13,18,15
India,Andhra_Pradesh,Vijayawada,"Rajiv Nagar, Vijayawada - APPCB",21-05-2024 02:00:00,16.554731,80.649110,CO,36,36,36
India,Andhra_Pradesh,Vijayawada,"Rajiv Nagar, Vijayawada - APPCB",21-05-2024 02:00:00,16.554731,80.649110,OZONE,15,24,18
India,Andhra_Pradesh,Visakhapatnam,"GVM Corporation, Visakhapatnam - APPCB",21-05-2024 02:00:00,17.72,83.3,PM10,25,96,53
India,Arunachal_Pradesh,Naharlagun,"Naharlagun, Naharlagun - APSPCB",21-05-2024 02:00:00,27.103358,93.679645,PM2.5,NA,NA,NA
India,Assam,Byrnihat,"Central Academy for SFS, Byrnihat - PCBA",21-05-2024 02:00:00,26.071318,91.87488,PM10,47,199,103
India,Assam,Byrnihat,"Central Academy for SFS, Byrnihat - PCBA",21-05-2024 02:00:00,26.071318,91.87488,NH3,16,22,18
India,Assam,Guwahati,"Pan Bazaar, Guwahati - PCBA",21-05-2024 02:00:00,26.187500,91.744194,PM2.5,NA,NA,NA
India,Assam,Guwahati,"Pan Bazaar, Guwahati - PCBA",21-05-2024 02:00:00,26.187500,91.744194,CO,NA,NA,NA
India,Assam,Guwahati,"Pan Bazaar, Guwahati - PCBA",21-05-2024 02:00:00,26.187500,91.744194,OZONE,NA,NA,NA
India,Assam,Guwahati,"Railway Colony, Guwahati - PCBA",21-05-2024 02:00:00,26.181742,91.78063,PM10,NA,NA,NA
India,Assam,Guwahati,"Railway Colony, Guwahati - PCBA",21-05-2024 02:00:00,26.181742,91.78063,NO2,NA,NA,NA
India,Assam,Guwahati,"Railway Colony, Guwahati - PCBA",21-05-2024 02:00:00,26.181742,91.78063,SO2,NA,NA,NA
India,Assam,Guwahati,"Railway Colony, Guwahati - PCBA",21-05-2024 02:00:00,26.181742,91.78063,OZONE,1,43,15
India,Assam,Nagaon,"Christianpatty, Nagaon - PCBA",21-05-2024 02:00:00,26.349082,92.68449,NO2,1,56,13
India,Assam,Nalbari,"Bata Chowk, Nalbari - PCBA",21-05-2024 02:00:00,26.446912,91.439057,NO2,8,21,17
India,Assam,Nalbari,"Bata Chowk, Nalbari - PCBA",21-05-2024 02:00:00,26.446912,91.439057,NH3,1,3,2
India,Assam,Silchar,"Tarapur, Silchar - PCBA",21-05-2024 02:00:00,24.82827,92.79525,PM10,39,87,71
India,Assam,Silchar,"Tarapur, Silchar - PCBA",21-05-2024 02:00:00,24.82827,92.79525,NO2,14,16,15
India,Assam,Silchar,"Tarapur, Silchar - PCBA",21-05-2024 02:00:00,24.82827,92.79525,CO,34,52,40
India,Assam,Silchar,"Tarapur, Silchar - PCBA",21-05-2024 02:00:00,24.82827,92.79525,OZONE,1,9,1
India,Bihar,Arrah,"New DM Office, Arrah - BSPCB",21-05-2024 02:00:00,25.5626095,84.663264,CO,12,25,18
India,Bihar,Aurangabad,"Gurdeo Nagar, Aurangabad - BSPCB",21-05-2024 02:00:00,24.75746,84.366208,PM10,33,118,62
India,Bihar,Aurangabad,"Gurdeo Nagar, Aurangabad - BSPCB",21-05-2024 02:00:00,24.75746,84.366208,CO,9,35,26
India,Bihar,Bhagalpur,"DM Office_Kachari Chowk, Bhagalpur - BSPCB",21-05-2024 02:00:00,25.251013,86.989001,CO,36,68,48
India,Bihar,Bhagalpur,"Mayaganj, Bhagalpur - BSPCB",21-05-2024 02:00:00,25.265194,87.012947,PM10,29,131,68
India,Bihar,Bhagalpur,"Mayaganj, Bhagalpur - BSPCB",21-05-2024 02:00:00,25.265194,87.012947,CO,1,22,16
India,Bihar,Bihar Sharif,"D M Colony, Bihar Sharif - BSPCB",21-05-2024 02:00:00,25.204762,85.514960,NO2,8,10,9
India,Bihar,Bihar Sharif,"D M Colony, Bihar Sharif - BSPCB",21-05-2024 02:00:00,25.204762,85.514960,SO2,1,15,10
India,Bihar,Bihar Sharif,"D M Colony, Bihar Sharif - BSPCB",21-05-2024 02:00:00,25.204762,85.514960,CO,52,64,60
India,Bihar,Buxar,"Charitra Van, Buxar - BSPCB (Formerly known as Central Jail)",21-05-2024 02:00:00,25.567520,83.966379,PM10,NA,NA,NA
India,Bihar,Gaya,"Collectorate, Gaya - BSPCB",21-05-2024 02:00:00,24.7955,84.9994,NO2,2,4,3
India,Bihar,Gaya,"Collectorate, Gaya - BSPCB",21-05-2024 02:00:00,24.7955,84.9994,SO2,7,24,14
India,Bihar,Gaya,"Kareemganj, Gaya - BSPCB",21-05-2024 02:00:00,24.792403,84.992416,NH3,3,4,4
India,Bihar,Gaya,"Kareemganj, Gaya - BSPCB",21-05-2024 02:00:00,24.792403,84.992416,CO,10,22,14
India,Bihar,Gaya,"SFTI Kusdihra, Gaya - BSPCB",21-05-2024 02:00:00,24.762518,84.982348,OZONE,9,82,32
India,Bihar,Hajipur,"Industrial Area, Hajipur - BSPCB",21-05-2024 02:00:00,25.697189,85.245900,PM2.5,62,203,112
India,Bihar,Hajipur,"Industrial Area, Hajipur - BSPCB",21-05-2024 02:00:00,25.697189,85.245900,CO,18,38,28
India,Bihar,Katihar,"Mirchaibari, Katihar - BSPCB",21-05-2024 02:00:00,25.560083,87.553265,CO,22,32,25
India,Bihar,Kishanganj,"SDM Office_Khagra, Kishanganj - BSPCB",21-05-2024 02:00:00,26.0881305,87.93840336,NH3,NA,NA,NA
India,Bihar,Kishanganj,"SDM Office_Khagra, Kishanganj - BSPCB",21-05-2024 02:00:00,26.0881305,87.93840336,CO,12,12,12
India,Bihar,Manguraha,"Forest Rest House, Manguraha - BSPCB",21-05-2024 02:00:00,27.308328,84.531742,PM2.5,NA,NA,NA
India,Bihar,Manguraha,"Forest Rest House, Manguraha - BSPCB",21-05-2024 02:00:00,27.308328,84.531742,NH3,NA,NA,NA
India,Bihar,Motihari,"Gandak Colony, Motihari - BSPCB",21-05-2024 02:00:00,26.63086,84.90051,NH3,6,10,8
India,Bihar,Munger,"Town Hall, Munger - BSPCB",21-05-2024 02:00:00,25.376776,86.471523,PM2.5,NA,NA,NA
India,Bihar,Muzaffarpur,"MIT-Daudpur Kothi, Muzaffarpur - BSPCB",21-05-2024 02:00:00,26.1403345,85.3650192,NO2,3,5,4
India,Bihar,Muzaffarpur,"MIT-Daudpur Kothi, Muzaffarpur - BSPCB",21-05-2024 02:00:00,26.1403345,85.3650192,OZONE,7,42,11
India,Bihar,Muzaffarpur,"Muzaffarpur Collectorate, Muzaffarpur - BSPCB",21-05-2024 02:00:00,26.1209,85.3647,NO2,30,46,35
India,Bihar,Muzaffarpur,"Muzaffarpur Collectorate, Muzaffarpur - BSPCB",21-05-2024 02:00:00,26.1209,85.3647,CO,22,50,46
India,Bihar,Patna,"Govt. High School Shikarpur, Patna - BSPCB",21-05-2024 02:00:00,25.592539,85.227158,NH3,5,5,5
India,Bihar,Patna,"Govt. High School Shikarpur, Patna - BSPCB",21-05-2024 02:00:00,25.592539,85.227158,SO2,9,12,10
India,Bihar,Patna,"Govt. High School Shikarpur, Patna - BSPCB",21-05-2024 02:00:00,25.592539,85.227158,CO,34,45,41
India,Bihar,Patna,"IGSC Planetarium Complex, Patna - BSPCB",21-05-2024 02:00:00,25.610369,85.132568,OZONE,43,45,44
India,Bihar,Patna,"Muradpur, Patna - BSPCB",21-05-2024 02:00:00,25.619651,85.147382,NH3,3,6,5
India,Bihar,Patna,"Muradpur, Patna - BSPCB",21-05-2024 02:00:00,25.619651,85.147382,CO,33,60,50
India,Bihar,Patna,"Rajbansi Nagar, Patna - BSPCB",21-05-2024 02:00:00,25.599486,85.113666,NH3,2,5,3
India,Bihar,Patna,"Samanpura, Patna - BSPCB",21-05-2024 02:00:00,25.596727,85.085624,PM2.5,55,193,89
India,Bihar,Patna,"Samanpura, Patna - BSPCB",21-05-2024 02:00:00,25.596727,85.085624,NO2,4,33,14
India,Bihar,Purnia,"Mariam Nagar, Purnia - BSPCB",21-05-2024 02:00:00,25.366336,87.117468,PM2.5,17,80,40
India,Bihar,Purnia,"Mariam Nagar, Purnia - BSPCB",21-05-2024 02:00:00,25.366336,87.117468,NH3,4,12,7
India,Bihar,Rajgir,"Dangi Tola, Rajgir - BSPCB",21-05-2024 02:00:00,25.03280,85.41948,SO2,3,5,4
India,Bihar,Samastipur,"DM Office_Kasipur, Samastipur - BSPCB",21-05-2024 02:00:00,25.859655,85.77944,PM2.5,NA,NA,NA
India,Bihar,Samastipur,"DM Office_Kasipur, Samastipur - BSPCB",21-05-2024 02:00:00,25.859655,85.77944,OZONE,4,10,5
India,Bihar,Sasaram,"Dada Peer, Sasaram - BSPCB",21-05-2024 02:00:00,24.952822,84.002396,SO2,NA,NA,NA
India,Bihar,Sasaram,"Dada Peer, Sasaram - BSPCB",21-05-2024 02:00:00,24.952822,84.002396,CO,84,86,85
India,Chandigarh,Chandigarh,"Sector 22, Chandigarh - CPCC",21-05-2024 02:00:00,30.735567,76.775714,PM2.5,62,163,91
India,Chandigarh,Chandigarh,"Sector-25, Chandigarh - CPCC",21-05-2024 02:00:00,30.751462,76.762879,CO,18,65,37
India,Chandigarh,Chandigarh,"Sector-53, Chandigarh - CPCC",21-05-2024 02:00:00,30.719859,76.738637,PM2.5,62,293,123
India,Chandigarh,Chandigarh,"Sector-53, Chandigarh - CPCC",21-05-2024 02:00:00,30.719859,76.738637,PM10,98,260,144
India,Chandigarh,Chandigarh,"Sector-53, Chandigarh - CPCC",21-05-2024 02:00:00,30.719859,76.738637,CO,32,113,80
India,Chhattisgarh,Bhilai,"32Bungalows, Bhilai - CECB",21-05-2024 02:00:00,21.194815,81.314770,OZONE,7,120,30
India,Chhattisgarh,Bhilai,"Civic Center, Bhilai - Bhilai Steel Plant",21-05-2024 02:00:00,21.185571,81.343175,PM10,18,100,40
India,Chhattisgarh,Bhilai,"Civic Center, Bhilai - Bhilai Steel Plant",21-05-2024 02:00:00,21.185571,81.343175,NH3,3,6,5
India,Chhattisgarh,Bhilai,"Hathkhoj, Bhilai - CECB",21-05-2024 02:00:00,21.224231,81.408350,PM10,34,156,77
India,Chhattisgarh,Bilaspur,"Mangala, Bilaspur - NTPC",21-05-2024 02:00:00,22.08815,82.13737,CO,38,50,45
India,Chhattisgarh,Chhal,"Nawapara SECL Colony, Chhal - CECB",21-05-2024 02:00:00,22.118125,83.140608,NO2,13,25,20
India,Chhattisgarh,Chhal,"Nawapara SECL Colony, Chhal - CECB",21-05-2024 02:00:00,22.118125,83.140608,NH3,2,2,2
India,Chhattisgarh,Chhal,"Nawapara SECL Colony, Chhal - CECB",21-05-2024 02:00:00,22.118125,83.140608,CO,24,51,46
India,Chhattisgarh,Chhal,"Nawapara SECL Colony, Chhal - CECB",21-05-2024 02:00:00,22.118125,83.140608,OZONE,43,165,135
India,Chhattisgarh,Korba,"Rampur, Korba - CECB",21-05-2024 02:00:00,22.368195,82.746431,PM2.5,11,39,27
India,Chhattisgarh,Korba,"Rampur, Korba - CECB",21-05-2024 02:00:00,22.368195,82.746431,OZONE,9,46,12
India,Chhattisgarh,Korba,"Urja Nagar, Korba - CECB",21-05-2024 02:00:00,22.348441,82.549611,OZONE,1,3,1
India,Chhattisgarh,Kunjemura,"OP Jindal School, Kunjemura - CECB",21-05-2024 02:00:00,22.126650,83.483212,PM2.5,25,80,50
India,Chhattisgarh,Kunjemura,"OP Jindal School, Kunjemura - CECB",21-05-2024 02:00:00,22.126650,83.483212,PM10,22,164,82
India,Chhattisgarh,Milupara,"Govt. Higher Secondary School, Milupara - CECB",21-05-2024 02:00:00,22.1910172,83.5197009,PM10,5,152,58
India,Chhattisgarh,Milupara,"Govt. Higher Secondary School, Milupara - CECB",21-05-2024 02:00:00,22.1910172,83.5197009,SO2,1,57,24
India,Chhattisgarh,Milupara,"Govt. Higher Secondary School, Milupara - CECB",21-05-2024 02:00:00,22.1910172,83.5197009,CO,5,50,18
India,Chhattisgarh,Milupara,"Govt. Higher Secondary School, Milupara - CECB",21-05-2024 02:00:00,22.1910172,83.5197009,OZONE,17,31,21
India,Chhattisgarh,Raipur,"AIIMS, Raipur - CECB",21-05-2024 02:00:00,21.258815,81.578979,OZONE,NA,NA,NA
India,Chhattisgarh,Raipur,"Bhatagaon New ISBT, Raipur - CECB",21-05-2024 02:00:00,21.219665,81.630094,NH3,2,2,2
India,Chhattisgarh,Raipur,"Krishak Nagar, Raipur - CECB",21-05-2024 02:00:00,21.237755,81.705301,PM2.5,13,31,20
India,Chhattisgarh,Raipur,"Krishak Nagar, Raipur - CECB",21-05-2024 02:00:00,21.237755,81.705301,NH3,NA,NA,NA
India,Chhattisgarh,Raipur,"Siltara Phase-II, Raipur - CECB",21-05-2024 02:00:00,21.371751,81.664929,PM10,36,147,75
India,Chhattisgarh,Raipur,"Siltara Phase-II, Raipur - CECB",21-05-2024 02:00:00,21.371751,81.664929,NO2,22,68,31
India,Chhattisgarh,Raipur,"Siltara Phase-II, Raipur - CECB",21-05-2024 02:00:00,21.371751,81.664929,NH3,3,3,3
India,Chhattisgarh,Raipur,"Siltara Phase-II, Raipur - CECB",21-05-2024 02:00:00,21.371751,81.664929,SO2,1,90,26
India,Chhattisgarh,Tumidih,"OP Jindal Industrial Park, Tumidih - CECB",21-05-2024 02:00:00,22.06631475,83.33820077,PM10,NA,NA,NA
India,Chhattisgarh,Tumidih,"OP Jindal Industrial Park, Tumidih - CECB",21-05-2024 02:00:00,22.06631475,83.33820077,NH3,NA,NA,NA
India,Chhattisgarh,Tumidih,"OP Jindal Industrial Park, Tumidih - CECB",21-05-2024 02:00:00,22.06631475,83.33820077,OZONE,26,89,68
India,Delhi,Delhi,"Alipur, Delhi - DPCC",21-05-2024 02:00:00,28.815329,77.153010,PM2.5,38,332,147
India,Delhi,Delhi,"Alipur, Delhi - DPCC",21-05-2024 02:00:00,28.815329,77.153010,OZONE,3,181,89
India,Delhi,Delhi,"Ashok Vihar, Delhi - DPCC",21-05-2024 02:00:00,28.695381,77.181665,NO2,16,143,62
India,Delhi,Delhi,"Ashok Vihar, Delhi - DPCC",21-05-2024 02:00:00,28.695381,77.181665,OZONE,6,178,57
India,Delhi,Delhi,"Burari Crossing, Delhi - IMD",21-05-2024 02:00:00,28.7256504,77.2011573,NO2,NA,NA,NA
India,Delhi,Delhi,"DTU, Delhi - CPCB",21-05-2024 02:00:00,28.7500499,77.1112615,PM2.5,19,500,292
India,Delhi,Delhi,"Dr. Karni Singh Shooting Range, Delhi - DPCC",21-05-2024 02:00:00,28.498571,77.264840,PM10,129,400,215
India,Delhi,Delhi,"IGI Airport (T3), Delhi - IMD",21-05-2024 02:00:00,28.5627763,77.1180053,PM2.5,32,240,120
India,Delhi,Delhi,"IHBAS, Dilshad Garden, Delhi - CPCB",21-05-2024 02:00:00,28.6811736,77.3025234,OZONE,20,23,22
India,Delhi,Delhi,"ITO, Delhi - CPCB",21-05-2024 02:00:00,28.628624,77.241060,PM2.5,148,374,254
India,Delhi,Delhi,"ITO, Delhi - CPCB",21-05-2024 02:00:00,28.628624,77.241060,CO,2,86,63
India,Delhi,Delhi,"Jahangirpuri, Delhi - DPCC",21-05-2024 02:00:00,28.732820,77.170633,PM10,164,491,303
India,Delhi,Delhi,"Jahangirpuri, Delhi - DPCC",21-05-2024 02:00:00,28.732820,77.170633,NH3,3,12,6
India,Delhi,Delhi,"Jahangirpuri, Delhi - DPCC",21-05-2024 02:00:00,28.732820,77.170633,CO,32,105,85
India,Delhi,Delhi,"Jawaharlal Nehru Stadium, Delhi - DPCC",21-05-2024 02:00:00,28.580280,77.233829,OZONE,1,209,51
India,Delhi,Delhi,"Lodhi Road, Delhi - IITM",21-05-2024 02:00:00,28.588333,77.221667,PM10,48,129,85
India,Delhi,Delhi,"Lodhi Road, Delhi - IMD",21-05-2024 02:00:00,28.5918245,77.2273074,CO,10,48,32
India,Delhi,Delhi,"Major Dhyan Chand National Stadium, Delhi - DPCC",21-05-2024 02:00:00,28.611281,77.237738,PM2.5,48,342,161
India,Delhi,Delhi,"Major Dhyan Chand National Stadium, Delhi - DPCC",21-05-2024 02:00:00,28.611281,77.237738,NH3,7,11,9
India,Delhi,Delhi,"Major Dhyan Chand National Stadium, Delhi - DPCC",21-05-2024 02:00:00,28.611281,77.237738,SO2,13,44,23
India,Delhi,Delhi,"Mandir Marg, Delhi - DPCC",21-05-2024 02:00:00,28.636429,77.201067,NO2,NA,NA,NA
India,Delhi,Delhi,"Mundka, Delhi - DPCC",21-05-2024 02:00:00,28.684678,77.076574,NO2,39,126,72
India,Delhi,Delhi,"Najafgarh, Delhi - DPCC",21-05-2024 02:00:00,28.570173,76.933762,NO2,7,30,16
India,Delhi,Delhi,"Narela, Delhi - DPCC",21-05-2024 02:00:00,28.822836,77.101981,CO,26,102,63
India,Delhi,Delhi,"North Campus, DU, Delhi - IMD",21-05-2024 02:00:00,28.6573814,77.1585447,NO2,12,72,35
India,Delhi,Delhi,"Okhla Phase-2, Delhi - DPCC",21-05-2024 02:00:00,28.530785,77.271255,PM2.5,40,322,145
India,Delhi,Delhi,"Okhla Phase-2, Delhi - DPCC",21-05-2024 02:00:00,28.530785,77.271255,PM10,151,413,238
India,Delhi,Delhi,"Patparganj, Delhi - DPCC",21-05-2024 02:00:00,28.623763,77.287209,PM2.5,78,342,187
India,Delhi,Delhi,"Patparganj, Delhi - DPCC",21-05-2024 02:00:00,28.623763,77.287209,CO,24,52,38
India,Delhi,Delhi,"Punjabi Bagh, Delhi - DPCC",21-05-2024 02:00:00,28.674045,77.131023,PM10,125,443,225
India,Delhi,Delhi,"Punjabi Bagh, Delhi - DPCC",21-05-2024 02:00:00,28.674045,77.131023,OZONE,4,52,18
India,Delhi,Delhi,"Pusa, Delhi - DPCC",21-05-2024 02:00:00,28.639652,77.146275,CO,15,105,64
India,Delhi,Delhi,"Pusa, Delhi - IMD",21-05-2024 02:00:00,28.636110,77.173332,PM10,1,211,132
India,Delhi,Delhi,"Pusa, Delhi - IMD",21-05-2024 02:00:00,28.636110,77.173332,CO,30,88,62
India,Delhi,Delhi,"Pusa, Delhi - IMD",21-05-2024 02:00:00,28.636110,77.173332,OZONE,3,51,24
India,Delhi,Delhi,"Rohini, Delhi - DPCC",21-05-2024 02:00:00,28.732528,77.119920,PM10,133,435,259
India,Delhi,Delhi,"Rohini, Delhi - DPCC",21-05-2024 02:00:00,28.732528,77.119920,NH3,9,30,14
India,Delhi,Delhi,"Rohini, Delhi - DPCC",21-05-2024 02:00:00,28.732528,77.119920,OZONE,6,163,63
India,Delhi,Delhi,"Shadipur, Delhi - CPCB",21-05-2024 02:00:00,28.6514781,77.1473105,PM10,193,500,345
India,Delhi,Delhi,"Shadipur, Delhi - CPCB",21-05-2024 02:00:00,28.6514781,77.1473105,NO2,81,210,136
India,Delhi,Delhi,"Sirifort, Delhi - CPCB",21-05-2024 02:00:00,28.5504249,77.2159377,NO2,30,55,44
India,Delhi,Delhi,"Sirifort, Delhi - CPCB",21-05-2024 02:00:00,28.5504249,77.2159377,OZONE,3,94,14
India,Delhi,Delhi,"Sonia Vihar, Delhi - DPCC",21-05-2024 02:00:00,28.710508,77.249485,CO,51,102,83
India,Delhi,Delhi,"Sri Aurobindo Marg, Delhi - DPCC",21-05-2024 02:00:00,28.531346,77.190156,PM10,124,391,190
India,Delhi,Delhi,"Sri Aurobindo Marg, Delhi - DPCC",21-05-2024 02:00:00,28.531346,77.190156,NO2,6,80,35
India,Delhi,Delhi,"Sri Aurobindo Marg, Delhi - DPCC",21-05-2024 02:00:00,28.531346,77.190156,SO2,14,58,25
India,Delhi,Delhi,"Vivek Vihar, Delhi - DPCC",21-05-2024 02:00:00,28.672342,77.315260,NO2,28,130,76
India,Delhi,Delhi,"Vivek Vihar, Delhi - DPCC",21-05-2024 02:00:00,28.672342,77.315260,NH3,15,17,16
India,Delhi,Delhi,"Vivek Vihar, Delhi - DPCC",21-05-2024 02:00:00,28.672342,77.315260,CO,20,104,69
India,Delhi,Delhi,"Wazirpur, Delhi - DPCC",21-05-2024 02:00:00,28.699793,77.165453,PM2.5,55,359,192
India,Gujarat,Ahmedabad,"Chandkheda, Ahmedabad - IITM",21-05-2024 02:00:00,23.107969,72.574648,PM10,56,107,75
India,Gujarat,Ahmedabad,"Gyaspur, Ahmedabad - IITM",21-05-2024 02:00:00,22.977134,72.553024,NO2,38,52,46
India,Gujarat,Ahmedabad,"Gyaspur, Ahmedabad - IITM",21-05-2024 02:00:00,22.977134,72.553024,CO,28,46,32
India,Gujarat,Ahmedabad,"Gyaspur, Ahmedabad - IITM",21-05-2024 02:00:00,22.977134,72.553024,OZONE,NA,NA,NA
India,Gujarat,Ahmedabad,"Maninagar, Ahmedabad - GPCB",21-05-2024 02:00:00,23.002657,72.591912,PM10,31,109,65
India,Gujarat,Ahmedabad,"Maninagar, Ahmedabad - GPCB",21-05-2024 02:00:00,23.002657,72.591912,CO,36,102,69
India,Gujarat,Ahmedabad,"Raikhad, Ahmedabad - IITM",21-05-2024 02:00:00,23.020509,72.579261,SO2,NA,NA,NA
India,Gujarat,Ahmedabad,"Rakhial, Ahmedabad - IITM",21-05-2024 02:00:00,23.016834,72.625775,PM2.5,NA,NA,NA
India,Gujarat,Ahmedabad,"SVPI Airport Hansol, Ahmedabad - IITM",21-05-2024 02:00:00,23.076793,72.627874,OZONE,13,51,27
India,Gujarat,Ahmedabad,"Sardar Vallabhbhai Patel Stadium, Ahmedabad - IITM",21-05-2024 02:00:00,23.043070,72.562968,PM2.5,41,112,68
India,Gujarat,Ahmedabad,"Sardar Vallabhbhai Patel Stadium, Ahmedabad - IITM",21-05-2024 02:00:00,23.043070,72.562968,NH3,6,16,6
India,Gujarat,Ankleshwar,"GIDC, Ankleshwar - GPCB",21-05-2024 02:00:00,21.613267,73.010555,CO,8,62,42
India,Gujarat,Gandhinagar,"Sector-10, Gandhinagar - GPCB",21-05-2024 02:00:00,23.221714,72.654328,NO2,13,14,14
India,Gujarat,Gandhinagar,"Sector-10, Gandhinagar - GPCB",21-05-2024 02:00:00,23.221714,72.654328,OZONE,11,55,26
India,Gujarat,Surat,"Science Center, Surat - SMC",21-05-2024 02:00:00,21.170046,72.795405,PM2.5,NA,NA,NA
India,Gujarat,Vapi,"Phase-1 GIDC, Vapi - GPCB",21-05-2024 02:00:00,20.362421,72.918013,NO2,6,7,6
India,Gujarat,Vatva,"Phase-4 GIDC, Vatva - GPCB",21-05-2024 02:00:00,22.969611,72.643500,PM2.5,15,42,25
India,Haryana,Ambala,"Patti Mehar, Ambala - HSPCB",21-05-2024 02:00:00,30.379589,76.778328,SO2,NA,NA,NA
India,Haryana,Ambala,"Patti Mehar, Ambala - HSPCB",21-05-2024 02:00:00,30.379589,76.778328,OZONE,38,78,49
India,Haryana,Ballabgarh,"Nathu Colony, Ballabgarh - HSPCB",21-05-2024 02:00:00,28.3419248,77.319699,NH3,1,2,2
India,Haryana,Ballabgarh,"Nathu Colony, Ballabgarh - HSPCB",21-05-2024 02:00:00,28.3419248,77.319699,CO,6,112,55
India,Haryana,Ballabgarh,"Nathu Colony, Ballabgarh - HSPCB",21-05-2024 02:00:00,28.3419248,77.319699,OZONE,5,43,14
India,Haryana,Bhiwani,"H.B. Colony, Bhiwani - HSPCB",21-05-2024 02:00:00,28.806223,76.141105,NO2,1,11,8
India,Haryana,Charkhi Dadri,"Mini Secretariat, Charkhi Dadri - HSPCB",21-05-2024 02:00:00,28.593883,76.270653,CO,24,92,58
India,Haryana,Charkhi Dadri,"Mini Secretariat, Charkhi Dadri - HSPCB",21-05-2024 02:00:00,28.593883,76.270653,OZONE,13,20,15
India,Haryana,Dharuhera,"Municipal Corporation Office, Dharuhera -  HSPCB",21-05-2024 02:00:00,28.206800,76.799700,SO2,NA,NA,NA
India,Haryana,Faridabad,"Sector 11, Faridabad - HSPCB",21-05-2024 02:00:00,28.376058,77.315741,PM2.5,126,304,205
India,Haryana,Faridabad,"Sector 11, Faridabad - HSPCB",21-05-2024 02:00:00,28.376058,77.315741,PM10,151,325,197
India,Haryana,Faridabad,"Sector 11, Faridabad - HSPCB",21-05-2024 02:00:00,28.376058,77.315741,NH3,6,6,6
India,Haryana,Faridabad,"Sector 30, Faridabad - HSPCB",21-05-2024 02:00:00,28.4417,77.3217,SO2,NA,NA,NA
India,Haryana,Faridabad,"Sector- 16A, Faridabad - HSPCB",21-05-2024 02:00:00,28.4088421,77.3099081,OZONE,14,14,14
India,Haryana,Fatehabad,"Huda Sector, Fatehabad - HSPCB",21-05-2024 02:00:00,29.503664,75.467934,NO2,NA,NA,NA
India,Haryana,Gurugram,"NISE Gwal Pahari, Gurugram - IMD",21-05-2024 02:00:00,28.422681,77.148944,PM10,NA,NA,NA
India,Haryana,Gurugram,"NISE Gwal Pahari, Gurugram - IMD",21-05-2024 02:00:00,28.422681,77.148944,NO2,NA,NA,NA
India,Haryana,Gurugram,"Sector-51, Gurugram - HSPCB",21-05-2024 02:00:00,28.4227,77.0667,NH3,1,14,5
India,Haryana,Gurugram,"Sector-51, Gurugram - HSPCB",21-05-2024 02:00:00,28.4227,77.0667,OZONE,17,87,22
India,Haryana,Gurugram,"Teri Gram, Gurugram - HSPCB",21-05-2024 02:00:00,28.4275,77.1465,SO2,4,9,6
India,Haryana,Gurugram,"Vikas Sadan, Gurugram - HSPCB",21-05-2024 02:00:00,28.4501238,77.0263051,CO,54,148,108
India,Haryana,Gurugram,"Vikas Sadan, Gurugram - HSPCB",21-05-2024 02:00:00,28.4501238,77.0263051,OZONE,7,69,19
India,Haryana,Hisar,"Urban Estate-II, Hisar - HSPCB",21-05-2024 02:00:00,29.140560,75.744941,NH3,7,13,10
India,Haryana,Jind,"Police Lines, Jind - HSPCB",21-05-2024 02:00:00,29.307814,76.337619,OZONE,15,39,21
India,Haryana,Kurukshetra,"Sector-7, Kurukshetra - HSPCB",21-05-2024 02:00:00,29.966942,76.875879,OZONE,58,110,90
India,Haryana,Mandikhera,"General Hospital, Mandikhera - HSPCB",21-05-2024 02:00:00,27.9002,76.9938,PM2.5,14,50,32
India,Haryana,Mandikhera,"General Hospital, Mandikhera - HSPCB",21-05-2024 02:00:00,27.9002,76.9938,SO2,NA,NA,NA
India,Haryana,Palwal,"Shyam Nagar, Palwal - HSPCB",21-05-2024 02:00:00,28.1485564,77.3320667,PM2.5,40,112,67
India,Haryana,Palwal,"Shyam Nagar, Palwal - HSPCB",21-05-2024 02:00:00,28.1485564,77.3320667,PM10,92,159,117
India,Haryana,Palwal,"Shyam Nagar, Palwal - HSPCB",21-05-2024 02:00:00,28.1485564,77.3320667,OZONE,5,60,19
India,Haryana,Panchkula,"Sector-6, Panchkula - HSPCB ",21-05-2024 02:00:00,30.7057778,76.8531805555555,PM2.5,93,280,179
India,Haryana,Rohtak,"MD University, Rohtak - HSPCB",21-05-2024 02:00:00,28.52123,76.37138,OZONE,45,54,49
India,Haryana,Sirsa,"F-Block, Sirsa - HSPCB",21-05-2024 02:00:00,29.536400,75.015800,SO2,NA,NA,NA
India,Haryana,Sirsa,"F-Block, Sirsa - HSPCB",21-05-2024 02:00:00,29.536400,75.015800,OZONE,29,69,44
India,Haryana,Sonipat,"Murthal, Sonipat - HSPCB",21-05-2024 02:00:00,29.027200,77.062100,SO2,NA,NA,NA
India,Haryana,Sonipat,"Murthal, Sonipat - HSPCB",21-05-2024 02:00:00,29.027200,77.062100,CO,10,94,21
India,Haryana,Yamuna Nagar,"Gobind Pura, Yamuna Nagar - HSPCB",21-05-2024 02:00:00,30.1480566,77.2893471,PM2.5,77,161,104
India,Haryana,Yamuna Nagar,"Gobind Pura, Yamuna Nagar - HSPCB",21-05-2024 02:00:00,30.1480566,77.2893471,OZONE,38,63,41
India,Himachal Pradesh,Baddi,"HIMUDA Complex Phase-1, Baddi - HPPCB",21-05-2024 02:00:00,30.943887,76.801991,NO2,8,41,19
India,Himachal Pradesh,Baddi,"HIMUDA Complex Phase-1, Baddi - HPPCB",21-05-2024 02:00:00,30.943887,76.801991,SO2,9,90,28
India,Jharkhand,Dhanbad,"Kalakusuma, Dhanbad - DMC",21-05-2024 02:00:00,23.811548,86.481238,CO,132,134,133
India,Jharkhand,Dhanbad,"Kalakusuma, Dhanbad - DMC",21-05-2024 02:00:00,23.811548,86.481238,OZONE,77,83,80
India,Jharkhand,Dhanbad,"Sardar Patel Nagar, Dhanbad - JSPCB",21-05-2024 02:00:00,23.80569,86.44268,PM10,38,407,111
India,Jharkhand,Dhanbad,"Sardar Patel Nagar, Dhanbad - JSPCB",21-05-2024 02:00:00,23.80569,86.44268,NO2,NA,NA,NA
India,Jharkhand,Dhanbad,"Sardar Patel Nagar, Dhanbad - JSPCB",21-05-2024 02:00:00,23.80569,86.44268,SO2,NA,NA,NA
India,Jharkhand,Dhanbad,"Sardar Patel Nagar, Dhanbad - JSPCB",21-05-2024 02:00:00,23.80569,86.44268,OZONE,64,115,81
India,Karnataka,Bagalkot,"Vidayagiri, Bagalkot - KSPCB",21-05-2024 02:00:00,16.172806,75.659694,PM10,45,46,46
India,Karnataka,Bengaluru,"Hebbal, Bengaluru - KSPCB",21-05-2024 02:00:00,13.029152,77.585901,PM2.5,3,55,31
India,Karnataka,Bengaluru,"Hebbal, Bengaluru - KSPCB",21-05-2024 02:00:00,13.029152,77.585901,PM10,7,72,39
India,Karnataka,Bengaluru,"Hebbal, Bengaluru - KSPCB",21-05-2024 02:00:00,13.029152,77.585901,NH3,1,1,1
India,Karnataka,Bengaluru,"Hebbal, Bengaluru - KSPCB",21-05-2024 02:00:00,13.029152,77.585901,OZONE,7,66,7
India,Karnataka,Bengaluru,"Hombegowda Nagar, Bengaluru - KSPCB",21-05-2024 02:00:00,12.938539,77.590100,CO,16,34,20
India,Karnataka,Bengaluru,"Jayanagar 5th Block, Bengaluru - KSPCB",21-05-2024 02:00:00,12.920984,77.584908,PM10,7,100,46
India,Karnataka,Bengaluru,"Jayanagar 5th Block, Bengaluru - KSPCB",21-05-2024 02:00:00,12.920984,77.584908,OZONE,22,22,22
India,Karnataka,Bengaluru,"Peenya, Bengaluru - CPCB",21-05-2024 02:00:00,13.0270199,77.494094,PM10,NA,NA,NA
India,Karnataka,Bengaluru,"Peenya, Bengaluru - CPCB",21-05-2024 02:00:00,13.0270199,77.494094,SO2,NA,NA,NA
India,Karnataka,Bengaluru,"RVCE-Mailasandra, Bengaluru - KSPCB",21-05-2024 02:00:00,12.921418,77.502466,PM2.5,12,83,38
India,Karnataka,Bengaluru,"Shivapura_Peenya, Bengaluru - KSPCB",21-05-2024 02:00:00,13.0246342,77.5080115,PM2.5,37,91,62
India,Karnataka,Bengaluru,"Shivapura_Peenya, Bengaluru - KSPCB",21-05-2024 02:00:00,13.0246342,77.5080115,OZONE,54,56,55
India,Karnataka,Bidar,"Naubad, Bidar - KSPCB",21-05-2024 02:00:00,17.930306,77.482194,PM2.5,17,47,34
India,Karnataka,Bidar,"Naubad, Bidar - KSPCB",21-05-2024 02:00:00,17.930306,77.482194,NO2,6,8,7
India,Karnataka,Chikkaballapur,"Chikkaballapur Rural, Chikkaballapur - KSPCB",21-05-2024 02:00:00,13.428828,77.731418,NO2,4,14,8
India,Karnataka,Chikkaballapur,"Chikkaballapur Rural, Chikkaballapur - KSPCB",21-05-2024 02:00:00,13.428828,77.731418,NH3,1,3,2
India,Karnataka,Chikkamagaluru,"Kalyana Nagara, Chikkamagaluru - KSPCB",21-05-2024 02:00:00,13.328028,75.797056,SO2,1,4,1
India,Karnataka,Davanagere,"Devaraj Urs Badavane, Davanagere - KSPCB",21-05-2024 02:00:00,14.475800,75.905200,OZONE,18,24,20
India,Karnataka,Dharwad,"Kalabhavan, Dharwad - KSPCB",21-05-2024 02:00:00,15.459706,75.008381,CO,14,74,39
India,Karnataka,Dharwad,"Kalabhavan, Dharwad - KSPCB",21-05-2024 02:00:00,15.459706,75.008381,OZONE,2,15,3
India,Karnataka,Gadag,"Panchal Nagar, Gadag - KSPCB",21-05-2024 02:00:00,15.411456,75.638133,OZONE,34,259,88
India,Karnataka,Hassan,"B.Katihalli, Hassan - KSPCB",21-05-2024 02:00:00,13.008556,76.125258,OZONE,1,2,2
India,Karnataka,Hubballi,"Lingaraj Nagar, Hubballi - KSPCB",21-05-2024 02:00:00,15.3714823,75.1160168,PM2.5,35,56,44
India,Karnataka,Hubballi,"Lingaraj Nagar, Hubballi - KSPCB",21-05-2024 02:00:00,15.3714823,75.1160168,NO2,10,21,14
India,Karnataka,Hubballi,"Lingaraj Nagar, Hubballi - KSPCB",21-05-2024 02:00:00,15.3714823,75.1160168,NH3,2,4,2
India,Karnataka,Hubballi,"Lingaraj Nagar, Hubballi - KSPCB",21-05-2024 02:00:00,15.3714823,75.1160168,CO,10,28,18
India,Karnataka,Kalaburagi,"Lal Bahadur Shastri Nagar, Kalaburagi - KSPCB",21-05-2024 02:00:00,17.321993,76.822628,CO,42,52,44
India,Karnataka,Kalaburagi,"Mahatma Basaveswar Colony, Kalaburgi - KSPCB",21-05-2024 02:00:00,17.336318,76.847397,PM10,19,41,32
India,Karnataka,Kalaburagi,"Mahatma Basaveswar Colony, Kalaburgi - KSPCB",21-05-2024 02:00:00,17.336318,76.847397,NO2,8,17,13
India,Karnataka,Kalaburagi,"Mahatma Basaveswar Colony, Kalaburgi - KSPCB",21-05-2024 02:00:00,17.336318,76.847397,SO2,NA,NA,NA
India,Karnataka,Kalaburagi,"Mahatma Basaveswar Colony, Kalaburgi - KSPCB",21-05-2024 02:00:00,17.336318,76.847397,CO,26,46,32
India,Karnataka,Karwar,"KHB Colony, Karwar - KSPCB",21-05-2024 02:00:00,14.816666,74.141003,PM10,NA,NA,NA
India,Karnataka,Karwar,"KHB Colony, Karwar - KSPCB",21-05-2024 02:00:00,14.816666,74.141003,CO,9,10,9
India,Karnataka,Kolar,"Tamaka Ind. Area, Kolar - KSPCB",21-05-2024 02:00:00,13.1276288,78.1570122,NO2,NA,NA,NA
India,Karnataka,Koppal,"Diwator Nagar, Koppal - KSPCB",21-05-2024 02:00:00,15.347630,76.181767,PM10,5,46,15
India,Karnataka,Koppal,"Diwator Nagar, Koppal - KSPCB",21-05-2024 02:00:00,15.347630,76.181767,SO2,27,29,27
India,Karnataka,Madikeri,"Stuart Hill, Madikeri - KSPCB",21-05-2024 02:00:00,12.415911,75.735050,NO2,3,7,4
India,Karnataka,Mysuru,"Hebbal 1st Stage, Mysuru - KSPCB",21-05-2024 02:00:00,12.21041,76.37376,NH3,1,2,2
India,Karnataka,Raichur,"Haji Colony, Raichur - KSPCB",21-05-2024 02:00:00,16.208139,77.348417,PM2.5,2,25,13
India,Karnataka,Raichur,"Haji Colony, Raichur - KSPCB",21-05-2024 02:00:00,16.208139,77.348417,NO2,13,28,20
India,Karnataka,Shivamogga,"Vinoba Nagara, Shivamogga - KSPCB",21-05-2024 02:00:00,13.940000,75.555917,PM2.5,26,50,37
India,Karnataka,Shivamogga,"Vinoba Nagara, Shivamogga - KSPCB",21-05-2024 02:00:00,13.940000,75.555917,OZONE,3,42,20
India,Karnataka,Tumakuru,"Thimmalapura, Tumakuru - KSPCB",21-05-2024 02:00:00,13.377516,77.099072,NH3,NA,NA,NA
India,Karnataka,Vijayapura,"Ibrahimpur, Vijayapura - KSPCB",21-05-2024 02:00:00,16.802639,75.722694,NO2,17,19,19
India,Karnataka,Yadgir,"Collector Office, Yadgir - KSPCB",21-05-2024 02:00:00,16.7602,77.1428,NO2,10,38,16
India,Karnataka,Yadgir,"Collector Office, Yadgir - KSPCB",21-05-2024 02:00:00,16.7602,77.1428,CO,16,26,20
India,Kerala,Kollam,"Polayathode, Kollam - Kerala PCB",21-05-2024 02:00:00,8.8787,76.6073,PM2.5,NA,NA,NA
India,Kerala,Thiruvananthapuram,"Kariavattom, Thiruvananthapuram - Kerala PCB",21-05-2024 02:00:00,8.563700,76.886500,SO2,3,14,8
India,Kerala,Thiruvananthapuram,"Plammoodu, Thiruvananthapuram - Kerala PCB",21-05-2024 02:00:00,8.5149093,76.9435879,NH3,1,1,1
India,Kerala,Thrissur,"Corporation Ground, Thrissur - Kerala PCB",21-05-2024 02:00:00,10.532400,76.215900,NO2,7,8,7
India,Kerala,Thrissur,"Corporation Ground, Thrissur - Kerala PCB",21-05-2024 02:00:00,10.532400,76.215900,NH3,NA,NA,NA
India,Madhya Pradesh,Bhopal,"Idgah Hills, Bhopal - MPPCB",21-05-2024 02:00:00,23.264759,77.381568,NH3,NA,NA,NA
India,Madhya Pradesh,Bhopal,"Idgah Hills, Bhopal - MPPCB",21-05-2024 02:00:00,23.264759,77.381568,OZONE,56,100,75
India,Madhya Pradesh,Bhopal,"Paryavaran Parisar, Bhopal - MPPCB",21-05-2024 02:00:00,23.210494,77.425409,SO2,8,15,11
India,Madhya Pradesh,Bhopal,"T T Nagar, Bhopal - MPPCB",21-05-2024 02:00:00,23.233584,77.400574,PM2.5,29,69,44
India,Madhya Pradesh,Bhopal,"T T Nagar, Bhopal - MPPCB",21-05-2024 02:00:00,23.233584,77.400574,NH3,1,5,3
India,Madhya Pradesh,Bhopal,"T T Nagar, Bhopal - MPPCB",21-05-2024 02:00:00,23.233584,77.400574,CO,18,85,43
India,Madhya Pradesh,Gwalior,"Deen Dayal Nagar, Gwalior - MPPCB",21-05-2024 02:00:00,26.259242,78.216432,CO,2,68,41
India,Madhya Pradesh,Indore,"Chhoti Gwaltoli, Indore - MPPCB",21-05-2024 02:00:00,22.4310,75.5213,PM2.5,42,180,71
India,Madhya Pradesh,Indore,"Chhoti Gwaltoli, Indore - MPPCB",21-05-2024 02:00:00,22.4310,75.5213,NO2,49,162,75
India,Madhya Pradesh,Indore,"Chhoti Gwaltoli, Indore - MPPCB",21-05-2024 02:00:00,22.4310,75.5213,OZONE,8,136,57
India,Madhya Pradesh,Indore,"Regional Park, Indore - IMC",21-05-2024 02:00:00,22.6780,75.8559,PM10,NA,NA,NA
India,Madhya Pradesh,Indore,"Regional Park, Indore - IMC",21-05-2024 02:00:00,22.6780,75.8559,OZONE,12,27,15
India,Madhya Pradesh,Jabalpur,"Govindh Bhavan Colony, Jabalpur - JMC",21-05-2024 02:00:00,23.163174,79.973061,SO2,NA,NA,NA
India,Madhya Pradesh,Jabalpur,"Gupteshwar, Jabalpur - JMC",21-05-2024 02:00:00,23.142888,79.916147,NH3,4,5,5
India,Madhya Pradesh,Jabalpur,"Marhatal, Jabalpur - MPPCB",21-05-2024 02:00:00,23.168606,79.932247,PM2.5,38,80,49
India,Madhya Pradesh,Jabalpur,"Suhagi, Jabalpur - JMC",21-05-2024 02:00:00,23.218135,79.957770,NO2,38,45,41
India,Madhya Pradesh,Jabalpur,"Suhagi, Jabalpur - JMC",21-05-2024 02:00:00,23.218135,79.957770,NH3,2,2,2
India,Madhya Pradesh,Jabalpur,"Suhagi, Jabalpur - JMC",21-05-2024 02:00:00,23.218135,79.957770,OZONE,32,196,87
India,Madhya Pradesh,Katni,"Gole Bazar, Katni - MPPCB",21-05-2024 02:00:00,23.50016,80.23284,CO,18,107,43
India,Madhya Pradesh,Mandideep,"Sector-D Industrial Area, Mandideep - MPPCB",21-05-2024 02:00:00,23.108440,77.511428,OZONE,24,53,38
India,Madhya Pradesh,Satna,"Bandhavgar Colony, Satna - Birla Cement",21-05-2024 02:00:00,24.58434363,80.8549414,NO2,29,82,45
India,Madhya Pradesh,Singrauli,"Suryakiran Bhawan NCL, Singrauli - MPPCB",21-05-2024 02:00:00,24.108970,82.645580,PM2.5,34,355,113
India,Madhya Pradesh,Singrauli,"Suryakiran Bhawan NCL, Singrauli - MPPCB",21-05-2024 02:00:00,24.108970,82.645580,OZONE,25,93,49
India,Madhya Pradesh,Ujjain,"Mahakaleshwar Temple, Ujjain - MPPCB",21-05-2024 02:00:00,23.182719 ,75.768218 ,NO2,17,56,28
India,Maharashtra,Ahmednagar,"Tarakpur, Ahmednagar - MPCB",21-05-2024 02:00:00,19.10122,74.73339,OZONE,17,155,80
India,Maharashtra,Akola,"Ramdaspeth, Akola - MPCB",21-05-2024 02:00:00,20.719516,77.000253,PM2.5,40,62,51
India,Maharashtra,Akola,"Ramdaspeth, Akola - MPCB",21-05-2024 02:00:00,20.719516,77.000253,NH3,2,11,5
India,Maharashtra,Amravati,"Shivneri Colony, Amravati - MPCB",21-05-2024 02:00:00,20.9402359,77.7895248,NO2,3,40,10
India,Maharashtra,Amravati,"Shivneri Colony, Amravati - MPCB",21-05-2024 02:00:00,20.9402359,77.7895248,OZONE,23,98,62
India,Maharashtra,Aurangabad,"MIDC Chilkalthana, Aurangabad - MPCB",21-05-2024 02:00:00,19.875620,75.387310,OZONE,1,179,28
India,Maharashtra,Aurangabad,"More Chowk Waluj, Aurangabad - MPCB",21-05-2024 02:00:00,19.8389439,75.244448,NH3,9,10,9
India,Maharashtra,Aurangabad,"More Chowk Waluj, Aurangabad - MPCB",21-05-2024 02:00:00,19.8389439,75.244448,SO2,6,11,9
India,Maharashtra,Aurangabad,"Rachnakar Colony, Aurangabad - MPCB",21-05-2024 02:00:00,19.863756,75.321188,NO2,17,68,41
India,Maharashtra,Aurangabad,"Rachnakar Colony, Aurangabad - MPCB",21-05-2024 02:00:00,19.863756,75.321188,OZONE,31,100,36
India,Maharashtra,Belapur,"CBD Belapur, Belapur - MPCB",21-05-2024 02:00:00,19.0243902,73.0406721,CO,6,22,14
India,Maharashtra,Belapur,"CBD Belapur, Belapur - MPCB",21-05-2024 02:00:00,19.0243902,73.0406721,OZONE,19,73,42
India,Maharashtra,Bhiwandi,"Gokul Nagar, Bhiwandi - MPCB",21-05-2024 02:00:00,19.309073,73.057223,PM10,64,93,77
India,Maharashtra,Chandrapur,"MIDC Khutala, Chandrapur - MPCB",21-05-2024 02:00:00,19.9775302,79.2337086,PM10,8,71,33
India,Maharashtra,Chandrapur,"MIDC Khutala, Chandrapur - MPCB",21-05-2024 02:00:00,19.9775302,79.2337086,CO,22,55,36
India,Maharashtra,Dhule,"Deopur, Dhule - MPCB",21-05-2024 02:00:00,20.918946,74.776388,PM10,NA,NA,NA
India,Maharashtra,Dhule,"Deopur, Dhule - MPCB",21-05-2024 02:00:00,20.918946,74.776388,OZONE,25,89,45
India,Maharashtra,Jalgaon,"Prabhat Colony, Jalgaon - MPCB",21-05-2024 02:00:00,21.001264,75.565602,CO,2,102,35
India,Maharashtra,Jalna,"Old MIDC, Jalna - MPCB",21-05-2024 02:00:00,19.854616,75.905894,PM10,27,172,62
India,Maharashtra,Jalna,"Old MIDC, Jalna - MPCB",21-05-2024 02:00:00,19.854616,75.905894,NO2,24,36,30
India,Maharashtra,Jalna,"Old MIDC, Jalna - MPCB",21-05-2024 02:00:00,19.854616,75.905894,NH3,1,2,1
India,Maharashtra,Jalna,"Old MIDC, Jalna - MPCB",21-05-2024 02:00:00,19.854616,75.905894,SO2,5,7,6
India,Maharashtra,Kalyan,"Khadakpada, Kalyan - MPCB",21-05-2024 02:00:00,19.25292,73.142019,PM10,59,126,87
India,Maharashtra,Kalyan,"Khadakpada, Kalyan - MPCB",21-05-2024 02:00:00,19.25292,73.142019,SO2,20,30,24
India,Maharashtra,Kalyan,"Khadakpada, Kalyan - MPCB",21-05-2024 02:00:00,19.25292,73.142019,CO,13,20,17
India,Maharashtra,Kolhapur,"Shivaji University, Kolhapur - MPCB",21-05-2024 02:00:00,16.6870449,74.2505872,NH3,3,5,4
India,Maharashtra,Kolhapur,"Shivaji University, Kolhapur - MPCB",21-05-2024 02:00:00,16.6870449,74.2505872,SO2,1,4,2
India,Maharashtra,Kolhapur,"Sinchan Bhavan, Kolhapur - MPCB",21-05-2024 02:00:00,16.7143745,74.2426398,PM10,NA,NA,NA
India,Maharashtra,Kolhapur,"Sinchan Bhavan, Kolhapur - MPCB",21-05-2024 02:00:00,16.7143745,74.2426398,NH3,7,8,8
India,Maharashtra,Kolhapur,"Sinchan Bhavan, Kolhapur - MPCB",21-05-2024 02:00:00,16.7143745,74.2426398,SO2,NA,NA,NA
India,Maharashtra,Mahad,"Kamble Tarf Birwadi, Mahad - MPCB",21-05-2024 02:00:00,18.1023399,73.4783687,PM10,NA,NA,NA
India,Maharashtra,Malegaon,"Mahesh Nagar, Malegaon - MPCB",21-05-2024 02:00:00,20.555712,74.529236,CO,8,34,22
India,Maharashtra,Mira-Bhayandar,"Bhayandar West, Mira-Bhayandar - MPCB",21-05-2024 02:00:00,19.296481,72.840923,OZONE,5,37,23
India,Maharashtra,Mumbai,"Bandra Kurla Complex, Mumbai - MPCB",21-05-2024 02:00:00,19.065931,72.862131,PM10,57,77,69
India,Maharashtra,Mumbai,"Bandra Kurla Complex, Mumbai - MPCB",21-05-2024 02:00:00,19.065931,72.862131,SO2,1,1,1
India,Maharashtra,Mumbai,"Borivali East, Mumbai - IITM",21-05-2024 02:00:00,19.23241,72.86895,PM2.5,25,49,33
India,Maharashtra,Mumbai,"Borivali East, Mumbai - MPCB",21-05-2024 02:00:00,19.2243333,72.8658113,PM10,18,64,42
India,Maharashtra,Mumbai,"Byculla, Mumbai - BMC",21-05-2024 02:00:00,18.9767,72.8380,PM2.5,6,23,12
India,Maharashtra,Mumbai,"Byculla, Mumbai - BMC",21-05-2024 02:00:00,18.9767,72.8380,NO2,4,6,5
India,Maharashtra,Mumbai,"Byculla, Mumbai - BMC",21-05-2024 02:00:00,18.9767,72.8380,SO2,1,1,1
India,Maharashtra,Mumbai,"Chakala-Andheri East, Mumbai - IITM",21-05-2024 02:00:00,19.11074,72.86084,PM10,23,83,46
India,Maharashtra,Mumbai,"Chakala-Andheri East, Mumbai - IITM",21-05-2024 02:00:00,19.11074,72.86084,NO2,36,48,40
India,Maharashtra,Mumbai,"Chakala-Andheri East, Mumbai - IITM",21-05-2024 02:00:00,19.11074,72.86084,CO,1,4,3
India,Maharashtra,Mumbai,"Chembur, Mumbai - MPCB",21-05-2024 02:00:00,19.0364585,72.8954371,NO2,15,26,21
India,Maharashtra,Mumbai,"Chhatrapati Shivaji Intl. Airport (T2), Mumbai - MPCB",21-05-2024 02:00:00,19.10078,72.87462,PM10,38,74,54
India,Maharashtra,Mumbai,"Colaba, Mumbai - MPCB",21-05-2024 02:00:00,18.910000,72.820000,PM10,38,92,53
India,Maharashtra,Mumbai,"Colaba, Mumbai - MPCB",21-05-2024 02:00:00,18.910000,72.820000,NH3,1,1,1
India,Maharashtra,Mumbai,"Ghatkopar, Mumbai - BMC",21-05-2024 02:00:00,19.083694,72.920967,PM10,26,40,32
India,Maharashtra,Mumbai,"Kandivali West, Mumbai - BMC",21-05-2024 02:00:00,19.215859,72.831718,CO,8,22,14
India,Maharashtra,Mumbai,"Kherwadi_Bandra East, Mumbai - MPCB",21-05-2024 02:00:00,19.0632143,72.8456324,OZONE,25,58,39
India,Maharashtra,Mumbai,"Khindipada-Bhandup West, Mumbai - IITM",21-05-2024 02:00:00,19.1653323,72.922099,CO,2,28,19
India,Maharashtra,Mumbai,"Khindipada-Bhandup West, Mumbai - IITM",21-05-2024 02:00:00,19.1653323,72.922099,OZONE,2,13,7
India,Maharashtra,Mumbai,"Kurla, Mumbai - MPCB",21-05-2024 02:00:00,19.0863,72.8888,NH3,1,2,1
India,Maharashtra,Mumbai,"Mindspace-Malad West, Mumbai - MPCB",21-05-2024 02:00:00,19.1878657,72.8304069,CO,20,29,25
India,Maharashtra,Mumbai,"Siddharth Nagar-Worli, Mumbai - IITM",21-05-2024 02:00:00,19.000083,72.813993,PM10,54,105,73
India,Maharashtra,Mumbai,"Siddharth Nagar-Worli, Mumbai - IITM",21-05-2024 02:00:00,19.000083,72.813993,NH3,8,10,9
India,Maharashtra,Mumbai,"Sion, Mumbai - MPCB",21-05-2024 02:00:00,19.047000,72.874600,PM10,NA,NA,NA
India,Maharashtra,Mumbai,"Vasai West, Mumbai - MPCB",21-05-2024 02:00:00,19.383200,72.820400,NH3,4,5,4
India,Maharashtra,Mumbai,"Worli, Mumbai - MPCB",21-05-2024 02:00:00,18.9936162,72.8128113,PM2.5,17,46,27
India,Maharashtra,Nagpur,"Ambazari, Nagpur - MPCB",21-05-2024 02:00:00,21.121801,79.04952,SO2,9,32,21
India,Maharashtra,Nagpur,"Ambazari, Nagpur - MPCB",21-05-2024 02:00:00,21.121801,79.04952,CO,6,116,57
India,Maharashtra,Nagpur,"Mahal, Nagpur - MPCB",21-05-2024 02:00:00,21.14472,79.107595,NH3,5,9,7
India,Maharashtra,Nagpur,"Mahal, Nagpur - MPCB",21-05-2024 02:00:00,21.14472,79.107595,SO2,17,76,34
India,Maharashtra,Nagpur,"Opp GPO Civil Lines, Nagpur - MPCB",21-05-2024 02:00:00,21.152875,79.0517531,PM10,27,138,67
India,Maharashtra,Nashik,"Gangapur Road, Nashik - MPCB",21-05-2024 02:00:00,20.0073285,73.7762427,NO2,2,15,8
India,Maharashtra,Nashik,"Hirawadi, Nashik - MPCB",21-05-2024 02:00:00,20.021503,73.813844,NH3,3,4,4
India,Maharashtra,Nashik,"Hirawadi, Nashik - MPCB",21-05-2024 02:00:00,20.021503,73.813844,SO2,3,21,12
India,Maharashtra,Nashik,"MIDC Ambad, Nashik - MPCB",21-05-2024 02:00:00,19.950220,73.731480,PM2.5,NA,NA,NA
India,Maharashtra,Nashik,"MIDC Ambad, Nashik - MPCB",21-05-2024 02:00:00,19.950220,73.731480,PM10,NA,NA,NA
India,Maharashtra,Nashik,"Pandav Nagari, Nashik - MPCB",21-05-2024 02:00:00,19.9591346,73.7788008,PM2.5,2,316,56
India,Maharashtra,Nashik,"Pandav Nagari, Nashik - MPCB",21-05-2024 02:00:00,19.9591346,73.7788008,PM10,3,285,68
India,Maharashtra,Nashik,"Pandav Nagari, Nashik - MPCB",21-05-2024 02:00:00,19.9591346,73.7788008,NH3,4,12,7
India,Maharashtra,Navi Mumbai,"Kopripada-Vashi, Navi Mumbai - MPCB",21-05-2024 02:00:00,19.090337,73.014232,PM10,48,242,138
India,Maharashtra,Navi Mumbai,"Kopripada-Vashi, Navi Mumbai - MPCB",21-05-2024 02:00:00,19.090337,73.014232,SO2,NA,NA,NA
India,Maharashtra,Navi Mumbai,"Nerul, Navi Mumbai - MPCB",21-05-2024 02:00:00,19.008751,73.016620,PM10,49,86,66
India,Maharashtra,Navi Mumbai,"Sanpada, Navi Mumbai - MPCB",21-05-2024 02:00:00,19.0575752,73.0151367,NH3,NA,NA,NA
India,Maharashtra,Navi Mumbai,"Sanpada, Navi Mumbai - MPCB",21-05-2024 02:00:00,19.0575752,73.0151367,OZONE,2,56,21
India,Maharashtra,Navi Mumbai,"Sector-19A Nerul, Navi Mumbai - IITM",21-05-2024 02:00:00,19.044,73.0325,CO,6,107,41
India,Maharashtra,Navi Mumbai,"Sector-2E Kalamboli, Navi Mumbai - MPCB",21-05-2024 02:00:00,19.02579,73.10297,NO2,13,38,21
India,Maharashtra,Navi Mumbai,"Sector-2E Kalamboli, Navi Mumbai - MPCB",21-05-2024 02:00:00,19.02579,73.10297,OZONE,7,41,13
India,Maharashtra,Navi Mumbai,"Tondare-Taloja, Navi Mumbai - MPCB",21-05-2024 02:00:00,19.0630,73.1209,NH3,NA,NA,NA
India,Maharashtra,Parbhani,"Masoom Colony, Parbhani - MPCB",21-05-2024 02:00:00,19.265594,76.761463,OZONE,17,107,59
India,Maharashtra,Pimpri-Chinchwad,"Gavalinagar, Pimpri Chinchwad - MPCB",21-05-2024 02:00:00,18.63673,73.82487,CO,12,36,18
India,Maharashtra,Pimpri-Chinchwad,"Park Street Wakad, Pimpri Chinchwad - MPCB",21-05-2024 02:00:00,18.59051,73.77946,NH3,2,7,5
India,Maharashtra,Pimpri-Chinchwad,"Park Street Wakad, Pimpri Chinchwad - MPCB",21-05-2024 02:00:00,18.59051,73.77946,SO2,3,7,4
India,Maharashtra,Pimpri-Chinchwad,"Thergaon, Pimpri Chinchwad - MPCB",21-05-2024 02:00:00,18.616318,73.765797,OZONE,NA,NA,NA
India,Maharashtra,Pune,"Hadapsar, Pune - IITM",21-05-2024 02:00:00,18.501793,73.927532,NO2,NA,NA,NA
India,Maharashtra,Pune,"Karve Road, Pune - MPCB",21-05-2024 02:00:00,18.5011743,73.8165527,PM2.5,19,451,61
India,Maharashtra,Pune,"Karve Road, Pune - MPCB",21-05-2024 02:00:00,18.5011743,73.8165527,OZONE,17,71,34
India,Maharashtra,Pune,"Mhada Colony, Pune - IITM",21-05-2024 02:00:00,18.573040,73.927715,CO,1,39,20
India,Maharashtra,Pune,"Revenue Colony-Shivajinagar, Pune - IITM",21-05-2024 02:00:00,18.530085,73.849598,PM2.5,50,153,76
India,Maharashtra,Pune,"Revenue Colony-Shivajinagar, Pune - IITM",21-05-2024 02:00:00,18.530085,73.849598,OZONE,10,102,27
India,Maharashtra,Pune,"Savitribai Phule Pune University, Pune - MPCB",21-05-2024 02:00:00,18.547056,73.826908,PM10,NA,NA,NA
India,Maharashtra,Pune,"Transport Nagar-Nigdi, Pune - IITM",21-05-2024 02:00:00,18.664282,73.763966,PM2.5,36,108,71
India,Maharashtra,Solapur,"Dnyaneshwar Nagar, Solapur - MPCB",21-05-2024 02:00:00,17.6336264,75.9132495,PM2.5,15,65,42
India,Maharashtra,Solapur,"Dnyaneshwar Nagar, Solapur - MPCB",21-05-2024 02:00:00,17.6336264,75.9132495,SO2,1,1,1
India,Maharashtra,Solapur,"Dnyaneshwar Nagar, Solapur - MPCB",21-05-2024 02:00:00,17.6336264,75.9132495,CO,14,28,20
India,Maharashtra,Solapur,"Ratandeep Housing Society, Solapur - MPCB",21-05-2024 02:00:00,17.65439,75.90649,PM2.5,24,62,43
India,Maharashtra,Solapur,"Ratandeep Housing Society, Solapur - MPCB",21-05-2024 02:00:00,17.65439,75.90649,OZONE,34,136,86
India,Maharashtra,Solapur,"Solapur, Solapur - MPCB",21-05-2024 02:00:00,17.6599188,75.9063906,NO2,53,55,55
India,Maharashtra,Solapur,"Solapur, Solapur - MPCB",21-05-2024 02:00:00,17.6599188,75.9063906,SO2,103,108,104
India,Maharashtra,Thane,"Kasarvadavali, Thane - MPCB",21-05-2024 02:00:00,19.26777,72.97182,NO2,7,30,19
India,Maharashtra,Thane,"Kasarvadavali, Thane - MPCB",21-05-2024 02:00:00,19.26777,72.97182,NH3,3,4,3
India,Maharashtra,Thane,"Pimpleshwar Mandir, Thane - MPCB",21-05-2024 02:00:00,19.192056,72.9585188,OZONE,7,65,25
India,Maharashtra,Ulhasnagar,"Sidhi Vinayak Nagar, Ulhasnagar - MPCB",21-05-2024 02:00:00,19.235581,73.159121,PM10,67,100,82
India,Maharashtra,Ulhasnagar,"Sidhi Vinayak Nagar, Ulhasnagar - MPCB",21-05-2024 02:00:00,19.235581,73.159121,OZONE,5,112,17
India,Maharashtra,Virar,"Bolinj, Virar - MPCB",21-05-2024 02:00:00,19.4458210,72.7988231,SO2,1,2,1
India,Maharashtra,Virar,"Bolinj, Virar - MPCB",21-05-2024 02:00:00,19.4458210,72.7988231,OZONE,14,45,27
India,Manipur,Imphal,"DM College of Science, Imphal - Manipur PCB",21-05-2024 02:00:00,24.8207389,93.9423085,NH3,2,2,2
India,Manipur,Imphal,"DM College of Science, Imphal - Manipur PCB",21-05-2024 02:00:00,24.8207389,93.9423085,SO2,98,103,100
India,Manipur,Imphal,"Manipur University, Imphal - Manipur PCB",21-05-2024 02:00:00,24.7524239,93.9286218,PM2.5,31,83,59
India,Manipur,Imphal,"Manipur University, Imphal - Manipur PCB",21-05-2024 02:00:00,24.7524239,93.9286218,CO,10,18,16
India,Meghalaya,Shillong,"Lumpyngngad, Shillong - Meghalaya PCB",21-05-2024 02:00:00,25.5586,91.8985,PM10,NA,NA,NA
India,Meghalaya,Shillong,"Lumpyngngad, Shillong - Meghalaya PCB",21-05-2024 02:00:00,25.5586,91.8985,NO2,1,2,1
India,Mizoram,Aizawl,"Sikulpuikawn, Aizawl - Mizoram PCB",21-05-2024 02:00:00,23.7176342,92.7192841,NO2,1,10,2
India,Nagaland,Kohima,"PWD Juction, Kohima - NPCB",21-05-2024 02:00:00,25.6635413,94.0989878,NH3,1,1,1
India,Odisha,Angul,"Hakimapada, Angul - OSPCB",21-05-2024 02:00:00,20.832874,85.104082,PM2.5,20,500,112
India,Odisha,Angul,"Hakimapada, Angul - OSPCB",21-05-2024 02:00:00,20.832874,85.104082,NO2,5,35,13
India,Odisha,Barbil,"Forest Office, Barbil - OSPCB",21-05-2024 02:00:00,22.1166054,85.3945546,PM2.5,12,80,40
India,Odisha,Barbil,"Forest Office, Barbil - OSPCB",21-05-2024 02:00:00,22.1166054,85.3945546,NH3,1,1,1
India,Odisha,Barbil,"Forest Office, Barbil - OSPCB",21-05-2024 02:00:00,22.1166054,85.3945546,OZONE,43,159,103
India,Odisha,Baripada,"Meher Colony, Baripada - OSPCB",21-05-2024 02:00:00,21.941841,86.728318,SO2,2,13,6
India,Odisha,Bhubaneswar,"Patia, Bhubaneswar - OSPCB",21-05-2024 02:00:00,20.34652,85.81630,NO2,4,5,4
India,Odisha,Bhubaneswar,"Patia, Bhubaneswar - OSPCB",21-05-2024 02:00:00,20.34652,85.81630,SO2,1,6,3
India,Odisha,Bhubaneswar,"Patia, Bhubaneswar - OSPCB",21-05-2024 02:00:00,20.34652,85.81630,OZONE,13,264,34
India,Odisha,Brajrajnagar,"GM Office, Brajrajnagar - OSPCB",21-05-2024 02:00:00,21.8004996,83.8396977,PM2.5,14,70,33
India,Odisha,Byasanagar,"Ferro Chrome Colony, Byasanagar - OSPCB",21-05-2024 02:00:00,20.94185,86.11510,PM10,21,129,46
India,Odisha,Byasanagar,"Ferro Chrome Colony, Byasanagar - OSPCB",21-05-2024 02:00:00,20.94185,86.11510,NO2,5,16,10
India,Odisha,Keonjhar,"Jagamohanpur, Keonjhar - OSPCB",21-05-2024 02:00:00,21.643900,85.599355,PM2.5,NA,NA,NA
India,Odisha,Keonjhar,"Jagamohanpur, Keonjhar - OSPCB",21-05-2024 02:00:00,21.643900,85.599355,NO2,NA,NA,NA
India,Odisha,Keonjhar,"Jagamohanpur, Keonjhar - OSPCB",21-05-2024 02:00:00,21.643900,85.599355,CO,NA,NA,NA
India,Odisha,Nayagarh,"Dabuna, Nayagarh - OSPCB",21-05-2024 02:00:00,21.847279,85.416905,SO2,1,3,2
India,Odisha,Nayagarh,"Dabuna, Nayagarh - OSPCB",21-05-2024 02:00:00,21.847279,85.416905,CO,8,22,14
India,Odisha,Rairangpur,"Divisional Forest Office, Rairangpur - OSPCB",21-05-2024 02:00:00,22.265816,86.174829,PM2.5,37,62,51
India,Odisha,Rairangpur,"Divisional Forest Office, Rairangpur - OSPCB",21-05-2024 02:00:00,22.265816,86.174829,NO2,1,2,1
India,Odisha,Rairangpur,"Divisional Forest Office, Rairangpur - OSPCB",21-05-2024 02:00:00,22.265816,86.174829,CO,10,18,15
India,Odisha,Rourkela,"Fertilizer Township, Rourkela - OSPCB",21-05-2024 02:00:00,22.18972222,84.86277778,PM2.5,10,114,46
India,Odisha,Rourkela,"Fertilizer Township, Rourkela - OSPCB",21-05-2024 02:00:00,22.18972222,84.86277778,PM10,48,122,77
India,Odisha,Rourkela,"Fertilizer Township, Rourkela - OSPCB",21-05-2024 02:00:00,22.18972222,84.86277778,CO,NA,NA,NA
India,Odisha,Suakati,"OMC Colony, Suakati - OSPCB",21-05-2024 02:00:00,21.606865,85.510538,OZONE,18,82,54
India,Odisha,Tensa,"Barsua Iron Ore Mines, Tensa - OSPCB",21-05-2024 02:00:00,21.869985,85.167016,CO,16,28,22
India,Puducherry,Puducherry,"Jawahar Nagar, Puducherry - PPCC",21-05-2024 02:00:00,11.9309,79.8027,CO,19,40,23
India,Punjab,Bathinda,"Hardev Nagar, Bathinda - PPCB",21-05-2024 02:00:00,30.233011,74.907758,CO,4,104,54
India,Punjab,Jalandhar,"Civil Line, Jalandhar - PPCB",21-05-2024 02:00:00,31.321907,75.578914,PM2.5,68,209,123
India,Punjab,Jalandhar,"Civil Line, Jalandhar - PPCB",21-05-2024 02:00:00,31.321907,75.578914,OZONE,4,95,22
India,Punjab,Khanna,"Kalal Majra, Khanna - PPCB",21-05-2024 02:00:00,30.736056 ,76.209694,NH3,9,12,12
India,Punjab,Khanna,"Kalal Majra, Khanna - PPCB",21-05-2024 02:00:00,30.736056 ,76.209694,SO2,NA,NA,NA
India,Punjab,Khanna,"Kalal Majra, Khanna - PPCB",21-05-2024 02:00:00,30.736056 ,76.209694,CO,16,42,26
India,Punjab,Ludhiana,"Punjab Agricultural University, Ludhiana - PPCB",21-05-2024 02:00:00,30.9028,75.8086,PM2.5,82,235,140
India,Punjab,Ludhiana,"Punjab Agricultural University, Ludhiana - PPCB",21-05-2024 02:00:00,30.9028,75.8086,NH3,4,6,5
India,Punjab,Patiala,"Model Town, Patiala - PPCB",21-05-2024 02:00:00,30.349388,76.366642,NH3,6,7,6
India,Punjab,Rupnagar,"Ratanpura, Rupnagar - Ambuja Cements",21-05-2024 02:00:00,31.0325454,76.5623046,SO2,4,9,7
India,Rajasthan,Ajmer,"Civil Lines,  Ajmer - RSPCB",21-05-2024 02:00:00,26.470859,74.646594,CO,5,105,57
India,Rajasthan,Ajmer,"Civil Lines,  Ajmer - RSPCB",21-05-2024 02:00:00,26.470859,74.646594,OZONE,6,98,67
India,Rajasthan,Alwar,"Moti Doongri, Alwar - RSPCB",21-05-2024 02:00:00,27.554793,76.611536,OZONE,6,52,26
India,Rajasthan,Banswara,"Rati Talai, Banswara - RSPCB",21-05-2024 02:00:00,23.555190,74.440010,PM10,45,197,138
India,Rajasthan,Banswara,"Rati Talai, Banswara - RSPCB",21-05-2024 02:00:00,23.555190,74.440010,SO2,7,27,14
India,Rajasthan,Barmer,"Railway Colony, Barmer - RSPCB",21-05-2024 02:00:00,25.747299,71.393989,NH3,NA,NA,NA
India,Rajasthan,Bharatpur,"Krishna Nagar, Bharatpur - RSPCB",21-05-2024 02:00:00,27.215415,77.50873,PM2.5,71,324,168
India,Rajasthan,Bharatpur,"Krishna Nagar, Bharatpur - RSPCB",21-05-2024 02:00:00,27.215415,77.50873,NH3,2,4,2
India,Rajasthan,Bhilwara,"Pratap Nagar, Bhilwara - RSPCB",21-05-2024 02:00:00,25.339605,74.618883,PM2.5,40,174,67
India,Rajasthan,Bhilwara,"Pratap Nagar, Bhilwara - RSPCB",21-05-2024 02:00:00,25.339605,74.618883,NO2,13,83,28
India,Rajasthan,Bhiwadi,"RIICO Ind. Area III, Bhiwadi - RSPCB",21-05-2024 02:00:00,28.194909,76.862296,NO2,8,28,15
India,Rajasthan,Bhiwadi,"Vasundhara Nagar_UIT, Bhiwadi - RSPCB",21-05-2024 02:00:00,28.207266,76.829265,PM2.5,21,199,77
India,Rajasthan,Bhiwadi,"Vasundhara Nagar_UIT, Bhiwadi - RSPCB",21-05-2024 02:00:00,28.207266,76.829265,CO,8,46,24
India,Rajasthan,Bhiwadi,"Vasundhara Nagar_UIT, Bhiwadi - RSPCB",21-05-2024 02:00:00,28.207266,76.829265,OZONE,18,98,64
India,Rajasthan,Bikaner,"MM Ground, Bikaner - RSPCB",21-05-2024 02:00:00,28.018792,73.292658,PM10,79,206,119
India,Rajasthan,Bundi,"New Colony, Bundi - RSPCB",21-05-2024 02:00:00,25.435774,75.644272,PM2.5,27,87,41
India,Rajasthan,Bundi,"New Colony, Bundi - RSPCB",21-05-2024 02:00:00,25.435774,75.644272,NO2,5,136,21
India,Rajasthan,Churu,"Subash Chowk, Churu - RSPCB",21-05-2024 02:00:00,28.296139,74.961696,PM2.5,NA,NA,NA
India,Rajasthan,Churu,"Subash Chowk, Churu - RSPCB",21-05-2024 02:00:00,28.296139,74.961696,PM10,NA,NA,NA
India,Rajasthan,Churu,"Subash Chowk, Churu - RSPCB",21-05-2024 02:00:00,28.296139,74.961696,NO2,NA,NA,NA
India,Rajasthan,Churu,"Subash Chowk, Churu - RSPCB",21-05-2024 02:00:00,28.296139,74.961696,CO,14,38,23
India,Rajasthan,Dholpur,"Raja Ganj, Dholpur - RSPCB",21-05-2024 02:00:00,26.699557,77.898881,NH3,5,9,7
India,Rajasthan,Dungarpur,"Bhoiwada, Dungarpur - RSPCB",21-05-2024 02:00:00,23.837789,73.714926,NH3,2,3,2
India,Rajasthan,Dungarpur,"Bhoiwada, Dungarpur - RSPCB",21-05-2024 02:00:00,23.837789,73.714926,SO2,5,8,7
India,Rajasthan,Dungarpur,"Bhoiwada, Dungarpur - RSPCB",21-05-2024 02:00:00,23.837789,73.714926,OZONE,36,82,60
India,Rajasthan,Hanumangarh,"Housing Board, Hanumangarh - RSPCB",21-05-2024 02:00:00,29.610750,74.283608,NH3,7,16,10
India,Rajasthan,Hanumangarh,"Housing Board, Hanumangarh - RSPCB",21-05-2024 02:00:00,29.610750,74.283608,OZONE,7,44,21
India,Rajasthan,Jaipur,"Adarsh Nagar, Jaipur - RSPCB",21-05-2024 02:00:00,26.902909,75.836858,PM10,89,176,138
India,Rajasthan,Jaipur,"Adarsh Nagar, Jaipur - RSPCB",21-05-2024 02:00:00,26.902909,75.836858,NH3,4,10,5
India,Rajasthan,Jaipur,"Adarsh Nagar, Jaipur - RSPCB",21-05-2024 02:00:00,26.902909,75.836858,CO,2,66,30
India,Rajasthan,Jaipur,"Mansarovar Sector-12, Jaipur - RSPCB",21-05-2024 02:00:00,26.843698,75.766894,NH3,2,6,5
India,Rajasthan,Jaipur,"Mansarovar Sector-12, Jaipur - RSPCB",21-05-2024 02:00:00,26.843698,75.766894,CO,8,93,35
India,Rajasthan,Jaipur,"Mansarovar Sector-12, Jaipur - RSPCB",21-05-2024 02:00:00,26.843698,75.766894,OZONE,2,186,49
India,Rajasthan,Jaipur,"RIICO Sitapura, Jaipur - RSPCB",21-05-2024 02:00:00,26.786682,75.827928,SO2,8,17,13
India,Rajasthan,Jaipur,"RIICO Sitapura, Jaipur - RSPCB",21-05-2024 02:00:00,26.786682,75.827928,OZONE,14,163,64
India,Rajasthan,Jaisalmer,"Sadar Bazar, Jaisalmer - RSPCB",21-05-2024 02:00:00,26.912329,70.909168,CO,4,26,12
India,Rajasthan,Jalore,"Mudtra Sili, Jalore - RSPCB",21-05-2024 02:00:00,25.344694,72.626208,PM10,69,281,117
India,Rajasthan,Jalore,"Mudtra Sili, Jalore - RSPCB",21-05-2024 02:00:00,25.344694,72.626208,SO2,1,5,3
India,Rajasthan,Jhunjhunu,"Indra Nagar, Jhunjhunu - RSPCB",21-05-2024 02:00:00,28.108988,75.386577,SO2,3,5,5
India,Rajasthan,Jhunjhunu,"Indra Nagar, Jhunjhunu - RSPCB",21-05-2024 02:00:00,28.108988,75.386577,OZONE,24,118,85
India,Rajasthan,Jodhpur,"Digari Kalan, Jodhpur - RSPCB",21-05-2024 02:00:00,26.295810,73.082283,CO,17,28,22
India,Rajasthan,Jodhpur,"Jhalamand, Jodhpur - RSPCB",21-05-2024 02:00:00,26.215415,73.070156,NO2,2,71,23
India,Rajasthan,Jodhpur,"Jhalamand, Jodhpur - RSPCB",21-05-2024 02:00:00,26.215415,73.070156,OZONE,30,81,58
India,Rajasthan,Jodhpur,"Mandor, Jodhpur - RSPCB",21-05-2024 02:00:00,26.358805,73.047444,PM10,53,107,73
India,Rajasthan,Jodhpur,"Mandor, Jodhpur - RSPCB",21-05-2024 02:00:00,26.358805,73.047444,SO2,2,4,3
India,Rajasthan,Jodhpur,"Samrat Ashok Udhyan, Jodhpur - RSPCB",21-05-2024 02:00:00,26.253384,72.976571,PM2.5,11,45,29
India,Rajasthan,Jodhpur,"Samrat Ashok Udhyan, Jodhpur - RSPCB",21-05-2024 02:00:00,26.253384,72.976571,PM10,80,143,105
India,Rajasthan,Jodhpur,"Samrat Ashok Udhyan, Jodhpur - RSPCB",21-05-2024 02:00:00,26.253384,72.976571,NO2,2,41,12
India,Rajasthan,Jodhpur,"Samrat Ashok Udhyan, Jodhpur - RSPCB",21-05-2024 02:00:00,26.253384,72.976571,NH3,3,5,4
India,Rajasthan,Jodhpur,"Samrat Ashok Udhyan, Jodhpur - RSPCB",21-05-2024 02:00:00,26.253384,72.976571,SO2,3,10,5
India,Rajasthan,Kota,"Dhanmandi, Kota - RSPCB",21-05-2024 02:00:00,25.164090,75.858137,PM10,108,165,143
India,Rajasthan,Kota,"Nayapura, Kota - RSPCB",21-05-2024 02:00:00,25.196024,75.855668,PM2.5,35,161,70
India,Rajasthan,Kota,"Nayapura, Kota - RSPCB",21-05-2024 02:00:00,25.196024,75.855668,SO2,5,83,10
India,Rajasthan,Kota,"Shrinath Puram, Kota - RSPCB",21-05-2024 02:00:00,25.14389,75.821256,PM2.5,66,141,97
India,Rajasthan,Nagaur,"Karni Colony, Nagaur - RSPCB",21-05-2024 02:00:00,27.213494,73.734444,NH3,10,20,14
India,Rajasthan,Pratapgarh,"Pragati Nagar, Pratapgarh - RSPCB",21-05-2024 02:00:00,24.041198,74.780702,SO2,3,21,6
India,Rajasthan,Sawai Madhopur,"Sahu Nagar, Sawai Madhopur - RSPCB",21-05-2024 02:00:00,26.031443,76.359327,SO2,1,44,4
India,Rajasthan,Sikar,"Radhakishan Pura, Sikar - RSPCB",21-05-2024 02:00:00,27.608912,75.153302,PM2.5,23,77,44
India,Rajasthan,Sikar,"Radhakishan Pura, Sikar - RSPCB",21-05-2024 02:00:00,27.608912,75.153302,NO2,10,60,28
India,Rajasthan,Sri Ganganagar,"Old City, Sri Ganganagar - RSPCB",21-05-2024 02:00:00,29.931624,73.864511,NH3,14,23,18
India,Rajasthan,Tonk,"Shastri Nagar, Tonk - RSPCB",21-05-2024 02:00:00,26.159933,75.780517,OZONE,20,101,41
India,Sikkim,Gangtok,"Zero Point GICI, Gangtok - SSPCB",21-05-2024 02:00:00,27.338530,88.614099,SO2,11,12,12
India,TamilNadu,Ariyalur,"Keelapalur, Ariyalur - TNPCB",21-05-2024 02:00:00,11.06825,79.07033,SO2,29,36,30
India,TamilNadu,Chennai,"Alandur Bus Depot, Chennai - CPCB",21-05-2024 02:00:00,12.9099161,80.1076538,PM2.5,23,23,23
India,TamilNadu,Chennai,"Alandur Bus Depot, Chennai - CPCB",21-05-2024 02:00:00,12.9099161,80.1076538,NO2,9,69,14
India,TamilNadu,Chennai,"Kodungaiyur, Chennai - TNPCB",21-05-2024 02:00:00,13.1278,80.2642,PM2.5,2,17,9
India,TamilNadu,Chennai,"Kodungaiyur, Chennai - TNPCB",21-05-2024 02:00:00,13.1278,80.2642,PM10,2,22,14
India,TamilNadu,Chennai,"Kodungaiyur, Chennai - TNPCB",21-05-2024 02:00:00,13.1278,80.2642,NO2,7,16,10
India,TamilNadu,Chennai,"Kodungaiyur, Chennai - TNPCB",21-05-2024 02:00:00,13.1278,80.2642,SO2,2,6,4
India,TamilNadu,Chennai,"Kodungaiyur, Chennai - TNPCB",21-05-2024 02:00:00,13.1278,80.2642,CO,12,48,26
India,TamilNadu,Chennai,"Perungudi, Chennai - TNPCB",21-05-2024 02:00:00,12.9533,80.2357,OZONE,3,13,6
India,TamilNadu,Chennai,"Royapuram, Chennai - TNPCB",21-05-2024 02:00:00,13.1036,80.2909,PM2.5,NA,NA,NA
India,TamilNadu,Chennai,"Royapuram, Chennai - TNPCB",21-05-2024 02:00:00,13.1036,80.2909,NH3,NA,NA,NA
India,TamilNadu,Chennai,"Royapuram, Chennai - TNPCB",21-05-2024 02:00:00,13.1036,80.2909,SO2,NA,NA,NA
India,TamilNadu,Chennai,"Velachery Res. Area, Chennai - CPCB",21-05-2024 02:00:00,13.0052189,80.2398125,PM2.5,11,62,30
India,TamilNadu,Coimbatore,"PSG College of Arts and Science, Coimbatore - TNPCB",21-05-2024 02:00:00,11.0328,77.0349,NO2,1,3,2
India,TamilNadu,Coimbatore,"PSG College of Arts and Science, Coimbatore - TNPCB",21-05-2024 02:00:00,11.0328,77.0349,SO2,35,59,40
India,TamilNadu,Cuddalore,"Kudikadu, Cuddalore - TNPCB",21-05-2024 02:00:00,11.6829898,79.7532099,PM2.5,5,52,18
India,TamilNadu,Cuddalore,"Kudikadu, Cuddalore - TNPCB",21-05-2024 02:00:00,11.6829898,79.7532099,SO2,9,11,10
India,TamilNadu,Gummidipoondi,"Anthoni Pillai Nagar, Gummidipoondi - TNPCB",21-05-2024 02:00:00,13.4127,80.1081,PM10,5,91,38
India,TamilNadu,Gummidipoondi,"Anthoni Pillai Nagar, Gummidipoondi - TNPCB",21-05-2024 02:00:00,13.4127,80.1081,NO2,21,32,27
India,TamilNadu,Ooty,"Bombay Castel, Ooty - TNPCB",21-05-2024 02:00:00,11.4068288,76.7138973,PM2.5,NA,NA,NA
India,TamilNadu,Ooty,"Bombay Castel, Ooty - TNPCB",21-05-2024 02:00:00,11.4068288,76.7138973,CO,20,24,23
India,TamilNadu,Palkalaiperur,"Bharathidasan University, Palkalaiperur - TNPCB",21-05-2024 02:00:00,10.681158,78.741746,PM2.5,NA,NA,NA
India,TamilNadu,Ramanathapuram,"Chalai Bazaar, Ramanathapuram - TNPCB",21-05-2024 02:00:00,9.36399,78.831977,SO2,8,11,10
India,TamilNadu,Vellore,"Vasanthapuram, Vellore - TNPCB",21-05-2024 02:00:00,12.909494,79.131861,PM2.5,12,52,36
India,TamilNadu,Vellore,"Vasanthapuram, Vellore - TNPCB",21-05-2024 02:00:00,12.909494,79.131861,CO,NA,NA,NA
India,Telangana,Hyderabad,"Bollaram Industrial Area, Hyderabad - TSPCB",21-05-2024 02:00:00,17.540891,78.358528,PM2.5,12,52,32
India,Telangana,Hyderabad,"Bollaram Industrial Area, Hyderabad - TSPCB",21-05-2024 02:00:00,17.540891,78.358528,OZONE,31,35,34
India,Telangana,Hyderabad,"Central University, Hyderabad - TSPCB",21-05-2024 02:00:00,17.460103,78.334361,PM10,12,65,32
India,Telangana,Hyderabad,"Central University, Hyderabad - TSPCB",21-05-2024 02:00:00,17.460103,78.334361,NO2,13,37,22
India,Telangana,Hyderabad,"Central University, Hyderabad - TSPCB",21-05-2024 02:00:00,17.460103,78.334361,CO,4,44,29
India,Telangana,Hyderabad,"ECIL Kapra, Hyderabad - TSPCB",21-05-2024 02:00:00,17.470431,78.566959,NO2,NA,NA,NA
India,Telangana,Hyderabad,"ICRISAT Patancheru, Hyderabad - TSPCB",21-05-2024 02:00:00,17.518400,78.278777,CO,18,58,34
India,Telangana,Hyderabad,"ICRISAT Patancheru, Hyderabad - TSPCB",21-05-2024 02:00:00,17.518400,78.278777,OZONE,3,50,16
India,Telangana,Hyderabad,"New Malakpet, Hyderabad - TSPCB",21-05-2024 02:00:00,17.37206,78.50864,NH3,3,3,3
India,Telangana,Hyderabad,"Ramachandrapuram, Hyderabad - TSPCB",21-05-2024 02:00:00,17.528544,78.286195,SO2,NA,NA,NA
India,Telangana,Hyderabad,"Somajiguda, Hyderabad - TSPCB",21-05-2024 02:00:00,17.417094,78.457437,SO2,17,21,19
India,Telangana,Hyderabad,"Zoo Park, Hyderabad - TSPCB",21-05-2024 02:00:00,17.349694,78.451437,PM2.5,NA,NA,NA
India,Telangana,Hyderabad,"Zoo Park, Hyderabad - TSPCB",21-05-2024 02:00:00,17.349694,78.451437,NO2,14,29,18
India,Telangana,Hyderabad,"Zoo Park, Hyderabad - TSPCB",21-05-2024 02:00:00,17.349694,78.451437,OZONE,8,36,19
India,Tripura,Agartala,"Bardowali, Agartala - Tripura SPCB",21-05-2024 02:00:00,23.8175497,91.2726974,NH3,NA,NA,NA
India,Tripura,Agartala,"Bardowali, Agartala - Tripura SPCB",21-05-2024 02:00:00,23.8175497,91.2726974,CO,5,58,43
India,Uttar_Pradesh,Agra,"Manoharpur, Agra - UPPCB",21-05-2024 02:00:00,27.23711,78.01936,SO2,20,28,24
India,Uttar_Pradesh,Agra,"Rohta, Agra - UPPCB",21-05-2024 02:00:00,27.106972,78.000111,CO,6,28,18
India,Uttar_Pradesh,Agra,"Sanjay Palace, Agra - UPPCB",21-05-2024 02:00:00,27.19865833,78.00598056,NO2,NA,NA,NA
India,Uttar_Pradesh,Agra,"Sanjay Palace, Agra - UPPCB",21-05-2024 02:00:00,27.19865833,78.00598056,OZONE,8,29,10
India,Uttar_Pradesh,Agra,"Sector-3B Avas Vikas Colony, Agra - UPPCB",21-05-2024 02:00:00,27.19412,77.96237,PM2.5,20,59,34
India,Uttar_Pradesh,Agra,"Sector-3B Avas Vikas Colony, Agra - UPPCB",21-05-2024 02:00:00,27.19412,77.96237,NO2,46,48,48
India,Uttar_Pradesh,Agra,"Shahjahan Garden, Agra - UPPCB",21-05-2024 02:00:00,27.169338,78.03582,OZONE,1,13,2
India,Uttar_Pradesh,Agra,"Shastripuram, Agra - UPPCB",21-05-2024 02:00:00,27.19862,77.92066,SO2,14,17,15
India,Uttar_Pradesh,Agra,"Shastripuram, Agra - UPPCB",21-05-2024 02:00:00,27.19862,77.92066,CO,5,14,12
India,Uttar_Pradesh,Agra,"Shastripuram, Agra - UPPCB",21-05-2024 02:00:00,27.19862,77.92066,OZONE,1,7,1
India,Uttar_Pradesh,Bareilly,"Civil Lines, Bareilly - UPPCB",21-05-2024 02:00:00,28.359581,79.414455,PM10,15,31,23
India,Uttar_Pradesh,Bareilly,"Rajendra Nagar, Bareilly - UPPCB",21-05-2024 02:00:00,28.38910936,79.42963708,SO2,46,52,48
India,Uttar_Pradesh,Bulandshahr,"Yamunapuram, Bulandshahr - UPPCB",21-05-2024 02:00:00,28.406963,77.849831,PM10,113,190,142
India,Uttar_Pradesh,Firozabad,"Nagla Bhau, Firozabad - UPPCB",21-05-2024 02:00:00,27.168897,78.376960,NO2,17,17,17
India,Uttar_Pradesh,Firozabad,"Nagla Bhau, Firozabad - UPPCB",21-05-2024 02:00:00,27.168897,78.376960,OZONE,16,20,18
India,Uttar_Pradesh,Ghaziabad,"Indirapuram, Ghaziabad - UPPCB",21-05-2024 02:00:00,28.646233,77.358075,PM10,166,343,248
India,Uttar_Pradesh,Ghaziabad,"Sanjay Nagar, Ghaziabad - UPPCB",21-05-2024 02:00:00,28.685382,77.453839,CO,2,92,42
India,Uttar_Pradesh,Ghaziabad,"Vasundhara, Ghaziabad - UPPCB",21-05-2024 02:00:00,28.6603346,77.3572563,PM10,119,214,157
India,Uttar_Pradesh,Ghaziabad,"Vasundhara, Ghaziabad - UPPCB",21-05-2024 02:00:00,28.6603346,77.3572563,NO2,19,102,58
India,Uttar_Pradesh,Ghaziabad,"Vasundhara, Ghaziabad - UPPCB",21-05-2024 02:00:00,28.6603346,77.3572563,CO,21,111,81
India,Uttar_Pradesh,Gorakhpur,"Madan Mohan Malaviya University of Technology, Gorakhpur - UPPCB",21-05-2024 02:00:00,26.730136,83.433859,PM10,NA,NA,NA
India,Uttar_Pradesh,Gorakhpur,"Madan Mohan Malaviya University of Technology, Gorakhpur - UPPCB",21-05-2024 02:00:00,26.730136,83.433859,NH3,1,1,1
India,Uttar_Pradesh,Gorakhpur,"Madan Mohan Malaviya University of Technology, Gorakhpur - UPPCB",21-05-2024 02:00:00,26.730136,83.433859,OZONE,2,7,5
India,Uttar_Pradesh,Greater Noida,"Knowledge Park - III, Greater Noida - UPPCB",21-05-2024 02:00:00,28.47272,77.482000,OZONE,4,278,51
India,Uttar_Pradesh,Greater Noida,"Knowledge Park - V, Greater Noida - UPPCB",21-05-2024 02:00:00,28.557054,77.453663,NH3,4,9,6
India,Uttar_Pradesh,Greater Noida,"Knowledge Park - V, Greater Noida - UPPCB",21-05-2024 02:00:00,28.557054,77.453663,SO2,4,35,18
India,Uttar_Pradesh,Greater Noida,"Knowledge Park - V, Greater Noida - UPPCB",21-05-2024 02:00:00,28.557054,77.453663,OZONE,2,239,36
India,Uttar_Pradesh,Hapur,"Anand Vihar, Hapur - UPPCB",21-05-2024 02:00:00,28.725645,77.749675,CO,24,40,34
India,Uttar_Pradesh,Jhansi,"Shivaji Nagar, Jhansi - UPPCB",21-05-2024 02:00:00,25.4547,78.6039,PM2.5,NA,NA,NA
India,Uttar_Pradesh,Kanpur,"FTI Kidwai Nagar, Kanpur - UPPCB",21-05-2024 02:00:00,26.428282,80.327067,PM10,111,413,196
India,Uttar_Pradesh,Kanpur,"FTI Kidwai Nagar, Kanpur - UPPCB",21-05-2024 02:00:00,26.428282,80.327067,NO2,12,13,13
India,Uttar_Pradesh,Kanpur,"FTI Kidwai Nagar, Kanpur - UPPCB",21-05-2024 02:00:00,26.428282,80.327067,SO2,12,13,13
India,Uttar_Pradesh,Kanpur,"FTI Kidwai Nagar, Kanpur - UPPCB",21-05-2024 02:00:00,26.428282,80.327067,OZONE,15,62,38
India,Uttar_Pradesh,Khurja,"Kalindi Kunj, Khurja - UPPCB",21-05-2024 02:00:00,28.2348927,77.8683002,NH3,1,2,1
India,Uttar_Pradesh,Lucknow,"B R Ambedkar University, Lucknow - UPPCB",21-05-2024 02:00:00,26.766433,80.927299,PM2.5,45,419,104
India,Uttar_Pradesh,Lucknow,"B R Ambedkar University, Lucknow - UPPCB",21-05-2024 02:00:00,26.766433,80.927299,SO2,33,44,40
India,Uttar_Pradesh,Lucknow,"B R Ambedkar University, Lucknow - UPPCB",21-05-2024 02:00:00,26.766433,80.927299,CO,25,33,28
India,Uttar_Pradesh,Lucknow,"Kendriya Vidyalaya, Lucknow - CPCB",21-05-2024 02:00:00,26.906111,80.948222,PM2.5,49,218,135
India,Uttar_Pradesh,Lucknow,"Kendriya Vidyalaya, Lucknow - CPCB",21-05-2024 02:00:00,26.906111,80.948222,PM10,124,415,151
India,Uttar_Pradesh,Lucknow,"Kukrail Picnic Spot-1, Lucknow - UPPCB",21-05-2024 02:00:00,26.90723,80.98579,PM10,65,233,111
India,Uttar_Pradesh,Lucknow,"Lalbagh, Lucknow - CPCB",21-05-2024 02:00:00,26.8458805,80.9365541,PM2.5,93,208,122
India,Uttar_Pradesh,Lucknow,"Lalbagh, Lucknow - CPCB",21-05-2024 02:00:00,26.8458805,80.9365541,PM10,117,403,169
India,Uttar_Pradesh,Meerut,"Ganga Nagar, Meerut - UPPCB",21-05-2024 02:00:00,28.999264,77.7590354,PM2.5,38,79,60
India,Uttar_Pradesh,Meerut,"Jai Bhim Nagar, Meerut - UPPCB",21-05-2024 02:00:00,28.9535882,77.7622941,PM10,141,341,195
India,Uttar_Pradesh,Meerut,"Jai Bhim Nagar, Meerut - UPPCB",21-05-2024 02:00:00,28.9535882,77.7622941,CO,27,59,48
India,Uttar_Pradesh,Meerut,"Jai Bhim Nagar, Meerut - UPPCB",21-05-2024 02:00:00,28.9535882,77.7622941,OZONE,9,157,73
India,Uttar_Pradesh,Meerut,"Pallavpuram Phase 2, Meerut - UPPCB",21-05-2024 02:00:00,29.063510,77.709723,PM2.5,46,94,70
India,Uttar_Pradesh,Meerut,"Pallavpuram Phase 2, Meerut - UPPCB",21-05-2024 02:00:00,29.063510,77.709723,PM10,111,195,136
India,Uttar_Pradesh,Meerut,"Pallavpuram Phase 2, Meerut - UPPCB",21-05-2024 02:00:00,29.063510,77.709723,CO,34,76,52
India,Uttar_Pradesh,Moradabad,"Eco Herbal Park, Moradabad - UPPCB",21-05-2024 02:00:00,28.840739,78.697531,SO2,13,101,26
India,Uttar_Pradesh,Moradabad,"Employment Office, Moradabad - UPPCB",21-05-2024 02:00:00,28.88528,78.73880,NO2,16,17,17
India,Uttar_Pradesh,Moradabad,"Employment Office, Moradabad - UPPCB",21-05-2024 02:00:00,28.88528,78.73880,NH3,4,4,4
India,Uttar_Pradesh,Moradabad,"Employment Office, Moradabad - UPPCB",21-05-2024 02:00:00,28.88528,78.73880,CO,22,65,42
India,Uttar_Pradesh,Moradabad,"Employment Office, Moradabad - UPPCB",21-05-2024 02:00:00,28.88528,78.73880,OZONE,18,87,48
India,Uttar_Pradesh,Moradabad,"Kashiram Nagar, Moradabad - UPPCB",21-05-2024 02:00:00,28.849399,78.742362,PM10,61,156,109
India,Uttar_Pradesh,Moradabad,"Kashiram Nagar, Moradabad - UPPCB",21-05-2024 02:00:00,28.849399,78.742362,SO2,37,59,44
India,Uttar_Pradesh,Moradabad,"Transport Nagar, Moradabad - UPPCB",21-05-2024 02:00:00,28.802625,78.753728,NH3,5,5,5
India,Uttar_Pradesh,Muzaffarnagar,"New Mandi, Muzaffarnagar - UPPCB",21-05-2024 02:00:00,29.4723508,77.7194031,NO2,16,65,31
India,Uttar_Pradesh,Muzaffarnagar,"New Mandi, Muzaffarnagar - UPPCB",21-05-2024 02:00:00,29.4723508,77.7194031,CO,34,62,45
India,Uttar_Pradesh,Noida,"Sector - 62, Noida - IMD",21-05-2024 02:00:00,28.6245479,77.3577104,PM10,NA,NA,NA
India,Uttar_Pradesh,Noida,"Sector - 62, Noida - IMD",21-05-2024 02:00:00,28.6245479,77.3577104,NO2,NA,NA,NA
India,Uttar_Pradesh,Noida,"Sector - 62, Noida - IMD",21-05-2024 02:00:00,28.6245479,77.3577104,OZONE,13,34,22
India,Uttar_Pradesh,Noida,"Sector-1, Noida - UPPCB",21-05-2024 02:00:00,28.5898,77.3101,NO2,15,139,67
India,Uttar_Pradesh,Noida,"Sector-1, Noida - UPPCB",21-05-2024 02:00:00,28.5898,77.3101,CO,10,90,50
India,Uttar_Pradesh,Noida,"Sector-1, Noida - UPPCB",21-05-2024 02:00:00,28.5898,77.3101,OZONE,2,193,59
India,Uttar_Pradesh,Prayagraj,"Jhunsi, Prayagraj - UPPCB",21-05-2024 02:00:00,25.425602,81.917152,NO2,6,6,6
India,Uttar_Pradesh,Prayagraj,"Nagar Nigam, Prayagraj - UPPCB",21-05-2024 02:00:00,25.44919916 ,81.82735986 ,PM2.5,NA,NA,NA
India,Uttar_Pradesh,Prayagraj,"Nagar Nigam, Prayagraj - UPPCB",21-05-2024 02:00:00,25.44919916 ,81.82735986 ,PM10,NA,NA,NA
India,Uttar_Pradesh,Prayagraj,"Nagar Nigam, Prayagraj - UPPCB",21-05-2024 02:00:00,25.44919916 ,81.82735986 ,NO2,5,5,5
India,Uttar_Pradesh,Prayagraj,"Nagar Nigam, Prayagraj - UPPCB",21-05-2024 02:00:00,25.44919916 ,81.82735986 ,NH3,7,12,9
India,Uttar_Pradesh,Prayagraj,"Nagar Nigam, Prayagraj - UPPCB",21-05-2024 02:00:00,25.44919916 ,81.82735986 ,SO2,21,61,39
India,Uttar_Pradesh,Prayagraj,"Nagar Nigam, Prayagraj - UPPCB",21-05-2024 02:00:00,25.44919916 ,81.82735986 ,CO,16,32,22
India,Uttar_Pradesh,Varanasi,"Bhelupur, Varanasi - UPPCB",21-05-2024 02:00:00,25.301778,82.996789,NO2,8,8,8
India,Uttar_Pradesh,Varanasi,"Bhelupur, Varanasi - UPPCB",21-05-2024 02:00:00,25.301778,82.996789,SO2,29,30,29
India,Uttar_Pradesh,Varanasi,"Maldahiya, Varanasi - UPPCB",21-05-2024 02:00:00,25.32393,82.99687,PM2.5,13,41,24
India,Uttar_Pradesh,Varanasi,"Maldahiya, Varanasi - UPPCB",21-05-2024 02:00:00,25.32393,82.99687,PM10,16,50,29
India,Uttarakhand,Dehradun,"Doon University, Dehradun - UKPCB",21-05-2024 02:00:00,30.269444,78.044167,PM2.5,56,228,90
India,Uttarakhand,Dehradun,"Doon University, Dehradun - UKPCB",21-05-2024 02:00:00,30.269444,78.044167,SO2,1,4,2
India,West_Bengal,Asansol,"Asansol Court Area, Asansol - WBPCB",21-05-2024 02:00:00,23.685297,86.945968,NO2,32,43,38
India,West_Bengal,Barrackpore,"SVSPA Campus, Barrackpore - WBPCB",21-05-2024 02:00:00,22.7605581,88.3617589,PM2.5,2,43,21
India,West_Bengal,Barrackpore,"SVSPA Campus, Barrackpore - WBPCB",21-05-2024 02:00:00,22.7605581,88.3617589,PM10,17,64,34
India,West_Bengal,Barrackpore,"SVSPA Campus, Barrackpore - WBPCB",21-05-2024 02:00:00,22.7605581,88.3617589,SO2,7,9,8
India,West_Bengal,Durgapur,"PCBL Residential Complex, Durgapur - WBPCB",21-05-2024 02:00:00,23.5087640,87.3544400,PM2.5,41,142,85
India,West_Bengal,Durgapur,"PCBL Residential Complex, Durgapur - WBPCB",21-05-2024 02:00:00,23.5087640,87.3544400,NH3,1,1,1
India,West_Bengal,Durgapur,"PCBL Residential Complex, Durgapur - WBPCB",21-05-2024 02:00:00,23.5087640,87.3544400,CO,36,88,57
India,West_Bengal,Durgapur,"Sidhu Kanhu Indoor Stadium, Durgapur - WBPCB",21-05-2024 02:00:00,23.5404352,87.2892225,PM2.5,43,104,62
India,West_Bengal,Durgapur,"Sidhu Kanhu Indoor Stadium, Durgapur - WBPCB",21-05-2024 02:00:00,23.5404352,87.2892225,PM10,64,135,86
India,West_Bengal,Durgapur,"Sidhu Kanhu Indoor Stadium, Durgapur - WBPCB",21-05-2024 02:00:00,23.5404352,87.2892225,NH3,4,5,5
India,West_Bengal,Haldia,"Priyambada Housing Estate, Haldia - WBPCB",21-05-2024 02:00:00,22.06047,88.109737,NH3,4,5,4
India,West_Bengal,Haldia,"Priyambada Housing Estate, Haldia - WBPCB",21-05-2024 02:00:00,22.06047,88.109737,CO,16,27,21
India,West_Bengal,Howrah,"Belur Math, Howrah - WBPCB",21-05-2024 02:00:00,22.629801,88.352017,NH3,1,4,2
India,West_Bengal,Howrah,"Ghusuri, Howrah - WBPCB",21-05-2024 02:00:00,22.611968,88.347422,NO2,15,20,18
India,West_Bengal,Howrah,"Padmapukur, Howrah - WBPCB",21-05-2024 02:00:00,22.5687319,88.2797276,NO2,19,45,26
India,West_Bengal,Howrah,"Padmapukur, Howrah - WBPCB",21-05-2024 02:00:00,22.5687319,88.2797276,NH3,8,11,9
India,West_Bengal,Kolkata,"Ballygunge, Kolkata - WBPCB",21-05-2024 02:00:00,22.5367507,88.3638022,PM2.5,14,27,19
India,West_Bengal,Kolkata,"Ballygunge, Kolkata - WBPCB",21-05-2024 02:00:00,22.5367507,88.3638022,NO2,12,48,23
India,West_Bengal,Kolkata,"Bidhannagar, Kolkata - WBPCB",21-05-2024 02:00:00,22.58157048,88.41002457,OZONE,4,49,17
India,West_Bengal,Kolkata,"Fort William, Kolkata - WBPCB",21-05-2024 02:00:00,22.556640,88.342674,SO2,7,8,7
India,West_Bengal,Kolkata,"Jadavpur, Kolkata - WBPCB",21-05-2024 02:00:00,22.49929,88.36917,PM2.5,6,23,13
India,West_Bengal,Kolkata,"Jadavpur, Kolkata - WBPCB",21-05-2024 02:00:00,22.49929,88.36917,OZONE,7,56,23
India,West_Bengal,Kolkata,"Rabindra Bharati University, Kolkata - WBPCB",21-05-2024 02:00:00,22.627847,88.380669,NH3,3,5,4
India,West_Bengal,Kolkata,"Rabindra Sarobar, Kolkata - WBPCB",21-05-2024 02:00:00,22.51106,88.35142,PM2.5,9,27,14
India,West_Bengal,Kolkata,"Victoria, Kolkata - WBPCB",21-05-2024 02:00:00,22.5448082,88.3403691,PM2.5,20,35,27
India,West_Bengal,Kolkata,"Victoria, Kolkata - WBPCB",21-05-2024 02:00:00,22.5448082,88.3403691,NH3,5,6,6
India,West_Bengal,Kolkata,"Victoria, Kolkata - WBPCB",21-05-2024 02:00:00,22.5448082,88.3403691,SO2,5,12,8
India,West_Bengal,Siliguri,"Ward-32 Bapupara, Siliguri - WBPCB",21-05-2024 02:00:00,26.6879226,88.4152495,NH3,7,11,9
